Frequency: 1.000000
Sample Rate: 2000000.000000
Vector Length: 1
Notes: 
-379.30
-80.43
-77.68
-76.08
-75.15
-74.36
-73.67
-73.09
-72.55
-72.07
-71.65
-71.28
-70.93
-70.60
-70.30
-70.02
-69.77
-69.53
-69.30
-69.07
-68.85
-68.65
-68.45
-68.27
-68.10
-67.92
-67.77
-67.60
-67.45
-67.30
-67.16
-67.02
-66.89
-66.75
-66.63
-66.51
-66.37
-66.25
-66.13
-66.02
-65.91
-65.79
-65.69
-65.59
-65.49
-65.40
-65.31
-65.22
-65.18
-65.16
-65.16
-65.16
-65.16
-65.16
-65.16
-65.16
-65.16
-65.16
-65.16
-65.16
-65.16
-65.16
-65.16
-65.16
-65.15
-65.16
-65.15
-65.15
-65.15
-65.15
-65.15
-65.15
-65.15
-65.15
-65.15
-65.15
-65.14
-65.15
-65.15
-65.15
-65.15
-65.15
-65.15
-65.15
-65.15
-65.15
-65.15
-65.14
-65.14
-65.14
-65.14
-65.14
-65.14
-65.14
-65.14
-65.14
-65.14
-65.15
-65.15
-65.16
-65.16
-65.15
-65.15
-65.15
-65.16
-65.16
-65.16
-65.15
-65.15
-65.15
-65.16
-65.16
-65.15
-65.14
-65.14
-65.15
-65.16
-65.17
-65.16
-65.16
-65.16
-65.16
-65.16
-65.16
-65.17
-65.16
-65.16
-65.16
-65.16
-65.16
-65.15
-65.15
-65.15
-65.15
-65.15
-65.16
-65.17
-65.16
-65.15
-65.15
-65.16
-65.16
-65.16
-65.16
-65.16
-65.15
-65.15
-65.14
-65.14
-65.14
-65.14
-65.15
-65.15
-65.14
-65.16
-65.16
-65.16
-65.16
-65.16
-65.16
-65.15
-65.16
-65.16
-65.16
-65.16
-65.15
-65.15
-65.15
-65.16
-65.16
-65.16
-65.16
-65.16
-65.16
-65.16
-65.16
-65.16
-65.17
-65.18
-65.18
-65.18
-65.17
-65.17
-65.17
-65.17
-65.17
-65.18
-65.19
-65.18
-65.17
-65.18
-65.18
-65.18
-65.18
-65.19
-65.19
-65.19
-65.18
-65.18
-65.19
-65.18
-65.18
-65.18
-65.18
-65.18
-65.18
-65.18
-65.18
-65.19
-65.19
-65.19
-65.18
-65.18
-65.18
-65.18
-65.18
-65.18
-65.18
-65.17
-65.16
-65.16
-65.17
-65.17
-65.17
-65.17
-65.17
-65.16
-65.15
-65.15
-65.16
-65.16
-65.17
-65.17
-65.17
-65.16
-65.16
-65.16
-65.16
-65.17
-65.16
-65.15
-65.15
-65.16
-65.16
-65.16
-65.16
-65.16
-65.16
-65.16
-65.15
-65.15
-65.15
-65.15
-65.15
-65.15
-65.15
-65.15
-65.14
-65.14
-65.14
-65.15
-65.15
-65.15
-65.15
-65.15
-65.15
-65.15
-65.15
-65.16
-65.16
-65.15
-65.16
-65.15
-65.15
-65.15
-65.16
-65.16
-65.16
-65.16
-65.16
-65.16
-65.16
-65.15
-65.15
-65.15
-65.15
-65.14
-65.14
-65.15
-65.16
-65.15
-65.14
-65.15
-65.14
-65.14
-65.14
-65.15
-65.15
-65.16
-65.16
-65.16
-65.15
-65.15
-65.15
-65.15
-65.16
-65.16
-65.15
-65.15
-65.14
-65.14
-65.13
-65.13
-65.14
-65.14
-65.15
-65.14
-65.14
-65.14
-65.15
-65.16
-65.16
-65.16
-65.16
-65.15
-65.15
-65.14
-65.14
-65.14
-65.14
-65.14
-65.15
-65.15
-65.15
-65.16
-65.16
-65.16
-65.16
-65.15
-65.15
-65.15
-65.15
-65.15
-65.16
-65.15
-65.15
-65.15
-65.14
-65.14
-65.14
-65.15
-65.15
-65.15
-65.14
-65.14
-65.15
-65.16
-65.16
-65.16
-65.16
-65.16
-65.16
-65.15
-65.14
-65.15
-65.15
-65.15
-65.14
-65.14
-65.14
-65.14
-65.14
-65.14
-65.15
-65.15
-65.15
-65.15
-65.16
-65.16
-65.15
-65.15
-65.15
-65.15
-65.14
-65.14
-65.14
-65.14
-65.14
-65.14
-65.14
-65.15
-65.15
-65.14
-65.14
-65.15
-65.15
-65.15
-65.15
-65.14
-65.14
-65.13
-65.13
-65.13
-65.14
-65.13
-65.13
-65.13
-65.13
-65.14
-65.15
-65.14
-65.14
-65.15
-65.14
-65.14
-65.14
-65.14
-65.14
-65.14
-65.14
-65.13
-65.14
-65.14
-65.14
-65.13
-65.14
-65.13
-65.14
-65.14
-65.14
-65.14
-65.14
-65.15
-65.15
-65.14
-65.14
-65.15
-65.15
-65.14
-65.13
-65.15
-65.15
-65.15
-65.15
-65.14
-65.14
-65.15
-65.15
-65.15
-65.15
-65.15
-65.14
-65.15
-65.16
-65.15
-65.15
-65.15
-65.15
-65.15
-65.16
-65.15
-65.16
-65.16
-65.16
-65.16
-65.15
-65.15
-65.16
-65.16
-65.16
-65.15
-65.15
-65.16
-65.17
-65.16
-65.16
-65.16
-65.16
-65.15
-65.16
-65.16
-65.15
-65.15
-65.16
