Frequency: 1.000000
Sample Rate: 2000000.000000
Vector Length: 1
Notes: 
-379.30
-95.03
-91.10
-89.60
-88.49
-87.73
-87.11
-86.55
-86.06
-85.64
-85.24
-84.86
-84.51
-84.20
-83.91
-83.64
-83.38
-83.14
-82.90
-82.68
-82.48
-82.24
-82.05
-81.87
-81.69
-81.52
-81.36
-81.21
-81.06
-80.91
-80.77
-80.63
-80.51
-80.38
-80.25
-80.13
-80.01
-79.90
-79.79
-79.67
-79.56
-79.46
-79.36
-79.26
-79.16
-79.07
-78.98
-78.89
-78.85
-78.85
-78.85
-78.85
-78.85
-78.85
-78.86
-78.86
-78.86
-78.86
-78.86
-78.86
-78.86
-78.87
-78.87
-78.87
-78.86
-78.85
-78.86
-78.86
-78.86
-78.86
-78.86
-78.86
-78.86
-78.86
-78.87
-78.86
-78.86
-78.86
-78.86
-78.87
-78.86
-78.87
-78.87
-78.87
-78.87
-78.87
-78.87
-78.87
-78.88
-78.88
-78.89
-78.89
-78.89
-78.89
-78.89
-78.89
-78.89
-78.89
-78.89
-78.89
-78.89
-78.89
-78.89
-78.89
-78.88
-78.88
-78.87
-78.87
-78.88
-78.87
-78.87
-78.87
-78.87
-78.87
-78.88
-78.88
-78.87
-78.88
-78.87
-78.88
-78.88
-78.87
-78.87
-78.87
-78.87
-78.86
-78.86
-78.87
-78.86
-78.86
-78.86
-78.86
-78.85
-78.86
-78.86
-78.86
-78.86
-78.86
-78.85
-78.85
-78.85
-78.85
-78.85
-78.85
-78.85
-78.84
-78.84
-78.84
-78.84
-78.84
-78.83
-78.84
-78.84
-78.85
-78.84
-78.85
-78.85
-78.85
-78.85
-78.85
-78.85
-78.85
-78.85
-78.85
-78.84
-78.84
-78.85
-78.85
-78.85
-78.85
-78.86
-78.86
-78.85
-78.86
-78.86
-78.86
-78.85
-78.86
-78.86
-78.86
-78.86
-78.86
-78.86
-78.86
-78.85
-78.86
-78.86
-78.86
-78.86
-78.86
-78.86
-78.86
-78.86
-78.86
-78.86
-78.86
-78.86
-78.86
-78.86
-78.86
-78.86
-78.86
-78.86
-78.86
-78.85
-78.85
-78.85
-78.85
-78.85
-78.85
-78.85
-78.85
-78.86
-78.86
-78.86
-78.86
-78.85
-78.85
-78.85
-78.85
-78.85
-78.85
-78.84
-78.84
-78.84
-78.85
-78.84
-78.85
-78.85
-78.84
-78.84
-78.84
-78.85
-78.85
-78.85
-78.85
-78.85
-78.85
-78.85
-78.85
-78.85
-78.85
-78.85
-78.85
-78.85
-78.85
-78.86
-78.86
-78.86
-78.85
-78.85
-78.85
-78.85
-78.85
-78.85
-78.85
-78.85
-78.85
-78.85
-78.85
-78.85
-78.85
-78.85
-78.85
-78.84
-78.85
-78.84
-78.84
-78.84
-78.85
-78.85
-78.85
-78.86
-78.86
-78.86
-78.85
-78.85
-78.86
-78.86
-78.86
-78.86
-78.86
-78.86
-78.85
-78.85
-78.85
-78.84
-78.84
-78.83
-78.83
-78.83
-78.83
-78.83
-78.83
-78.83
-78.83
-78.83
-78.83
-78.84
-78.85
-78.85
-78.85
-78.85
-78.85
-78.85
-78.85
-78.85
-78.85
-78.86
-78.86
-78.86
-78.86
-78.86
-78.86
-78.86
-78.86
-78.85
-78.85
-78.85
-78.85
-78.85
-78.84
-78.84
-78.84
-78.84
-78.84
-78.84
-78.83
-78.83
-78.84
-78.84
-78.84
-78.84
-78.84
-78.84
-78.85
-78.85
-78.86
-78.86
-78.87
-78.87
-78.87
-78.86
-78.86
-78.87
-78.86
-78.86
-78.85
-78.85
-78.85
-78.85
-78.85
-78.85
-78.85
-78.85
-78.85
-78.85
-78.84
-78.84
-78.84
-78.84
-78.85
-78.85
-78.85
-78.86
-78.86
-78.87
-78.87
-78.86
-78.86
-78.86
-78.86
-78.87
-78.86
-78.86
-78.87
-78.87
-78.87
-78.86
-78.86
-78.86
-78.86
-78.87
-78.86
-78.86
-78.86
-78.86
-78.86
-78.86
-78.86
-78.86
-78.86
-78.85
-78.85
-78.85
-78.85
-78.85
-78.85
-78.86
-78.86
-78.86
-78.86
-78.86
-78.86
-78.86
-78.86
-78.86
-78.86
-78.86
-78.86
-78.85
-78.86
-78.86
-78.85
-78.85
-78.85
-78.85
-78.85
-78.85
-78.86
-78.86
-78.85
-78.86
-78.86
-78.86
-78.86
-78.85
-78.86
-78.86
-78.86
-78.86
-78.85
-78.85
-78.85
-78.85
-78.86
-78.85
-78.85
-78.85
-78.85
-78.85
-78.86
-78.86
-78.86
-78.86
-78.86
-78.86
-78.85
-78.86
-78.86
-78.86
-78.86
-78.85
-78.85
-78.85
-78.85
-78.85
-78.85
-78.86
-78.86
-78.86
-78.86
-78.86
-78.85
-78.86
-78.85
-78.85
-78.85
-78.86
-78.85
-78.85
-78.85
-78.85
-78.85
-78.85
-78.85
-78.85
-78.85
-78.85
-78.85
-78.85
-78.85
-78.85
-78.85
-78.85
-78.85
-78.85
-78.85
