Frequency: 1.000000
Sample Rate: 2000000.000000
Vector Length: 1
Notes: 
-379.30
-96.52
-90.95
-89.17
-88.15
-87.47
-86.87
-86.36
-85.89
-85.44
-85.06
-84.65
-84.33
-84.03
-83.74
-83.48
-83.24
-83.00
-82.78
-82.57
-82.36
-82.14
-81.95
-81.78
-81.61
-81.45
-81.29
-81.14
-80.99
-80.85
-80.70
-80.55
-80.42
-80.30
-80.18
-80.06
-79.95
-79.83
-79.72
-79.62
-79.51
-79.39
-79.28
-79.19
-79.09
-79.00
-78.91
-78.82
-78.78
-78.78
-78.79
-78.77
-78.77
-78.77
-78.77
-78.77
-78.77
-78.77
-78.78
-78.79
-78.78
-78.78
-78.78
-78.78
-78.78
-78.78
-78.78
-78.78
-78.79
-78.80
-78.79
-78.78
-78.78
-78.78
-78.78
-78.78
-78.78
-78.78
-78.77
-78.78
-78.76
-78.75
-78.74
-78.74
-78.74
-78.74
-78.74
-78.74
-78.74
-78.76
-78.76
-78.75
-78.75
-78.75
-78.75
-78.75
-78.75
-78.76
-78.75
-78.77
-78.76
-78.74
-78.75
-78.74
-78.74
-78.75
-78.74
-78.74
-78.74
-78.75
-78.74
-78.74
-78.74
-78.74
-78.74
-78.74
-78.74
-78.73
-78.73
-78.76
-78.75
-78.73
-78.73
-78.74
-78.74
-78.73
-78.74
-78.75
-78.76
-78.78
-78.79
-78.77
-78.77
-78.77
-78.77
-78.78
-78.78
-78.78
-78.78
-78.80
-78.78
-78.78
-78.78
-78.79
-78.79
-78.79
-78.79
-78.79
-78.80
-78.81
-78.81
-78.82
-78.81
-78.81
-78.81
-78.81
-78.81
-78.81
-78.81
-78.81
-78.80
-78.81
-78.80
-78.80
-78.79
-78.80
-78.79
-78.79
-78.79
-78.80
-78.80
-78.79
-78.79
-78.80
-78.79
-78.79
-78.79
-78.79
-78.79
-78.80
-78.79
-78.79
-78.79
-78.79
-78.79
-78.79
-78.78
-78.78
-78.78
-78.79
-78.78
-78.78
-78.78
-78.78
-78.78
-78.78
-78.78
-78.78
-78.78
-78.79
-78.78
-78.79
-78.79
-78.79
-78.79
-78.79
-78.79
-78.79
-78.79
-78.81
-78.79
-78.80
-78.80
-78.80
-78.79
-78.80
-78.81
-78.80
-78.80
-78.81
-78.80
-78.80
-78.80
-78.80
-78.79
-78.79
-78.80
-78.79
-78.79
-78.80
-78.79
-78.79
-78.79
-78.79
-78.80
-78.80
-78.80
-78.80
-78.80
-78.82
-78.81
-78.81
-78.80
-78.80
-78.81
-78.81
-78.81
-78.80
-78.80
-78.81
-78.80
-78.81
-78.80
-78.80
-78.80
-78.80
-78.80
-78.81
-78.80
-78.82
-78.81
-78.81
-78.81
-78.81
-78.81
-78.81
-78.81
-78.81
-78.81
-78.83
-78.81
-78.81
-78.82
-78.82
-78.82
-78.82
-78.82
-78.83
-78.83
-78.84
-78.83
-78.82
-78.83
-78.83
-78.83
-78.83
-78.83
-78.83
-78.83
-78.84
-78.83
-78.83
-78.83
-78.83
-78.83
-78.83
-78.83
-78.84
-78.84
-78.85
-78.84
-78.83
-78.84
-78.84
-78.84
-78.84
-78.84
-78.84
-78.84
-78.85
-78.84
-78.83
-78.83
-78.83
-78.83
-78.83
-78.84
-78.83
-78.83
-78.85
-78.84
-78.83
-78.84
-78.83
-78.83
-78.83
-78.83
-78.83
-78.83
-78.84
-78.83
-78.83
-78.83
-78.83
-78.83
-78.83
-78.83
-78.83
-78.83
-78.84
-78.83
-78.83
-78.83
-78.82
-78.82
-78.82
-78.82
-78.82
-78.83
-78.82
-78.82
-78.82
-78.81
-78.81
-78.81
-78.82
-78.82
-78.82
-78.83
-78.82
-78.82
-78.82
-78.82
-78.82
-78.82
-78.82
-78.81
-78.81
-78.82
-78.82
-78.81
-78.82
-78.81
-78.81
-78.81
-78.82
-78.81
-78.81
-78.83
-78.82
-78.82
-78.81
-78.81
-78.81
-78.81
-78.81
-78.82
-78.81
-78.83
-78.82
-78.81
-78.82
-78.82
-78.82
-78.81
-78.82
-78.82
-78.81
-78.82
-78.82
-78.81
-78.81
-78.82
-78.81
-78.81
-78.81
-78.81
-78.81
-78.82
-78.82
-78.81
-78.81
-78.81
-78.81
-78.81
-78.81
-78.82
-78.82
-78.82
-78.82
-78.81
-78.81
-78.81
-78.81
-78.80
-78.81
-78.81
-78.81
-78.82
-78.82
-78.80
-78.80
-78.80
-78.80
-78.80
-78.80
-78.80
-78.81
-78.80
-78.81
-78.80
-78.80
-78.80
-78.80
-78.80
-78.80
-78.80
-78.81
-78.81
-78.81
-78.81
-78.80
-78.80
-78.80
-78.80
-78.80
-78.79
-78.80
-78.82
-78.81
-78.80
-78.80
-78.80
-78.81
-78.81
-78.81
-78.81
-78.81
-78.82
-78.82
-78.81
-78.81
-78.81
-78.81
-78.80
-78.80
-78.80
-78.80
-78.83
-78.82
-78.81
-78.81
-78.81
-78.81
-78.81
-78.80
-78.80
