Frequency: 1.000000
Sample Rate: 2000000.000000
Vector Length: 1
Notes: 
-379.30
-80.39
-76.93
-75.63
-74.74
-74.03
-73.41
-72.86
-72.37
-71.92
-71.50
-71.14
-70.81
-70.50
-70.20
-69.93
-69.67
-69.43
-69.20
-68.99
-68.78
-68.58
-68.39
-68.21
-68.03
-67.85
-67.69
-67.55
-67.40
-67.25
-67.11
-66.98
-66.85
-66.72
-66.59
-66.47
-66.36
-66.24
-66.13
-66.02
-65.91
-65.81
-65.71
-65.61
-65.52
-65.42
-65.33
-65.24
-65.19
-65.20
-65.20
-65.19
-65.19
-65.19
-65.18
-65.18
-65.18
-65.19
-65.20
-65.20
-65.20
-65.20
-65.21
-65.20
-65.20
-65.20
-65.20
-65.20
-65.20
-65.21
-65.21
-65.20
-65.20
-65.21
-65.22
-65.21
-65.21
-65.20
-65.21
-65.21
-65.21
-65.21
-65.21
-65.21
-65.21
-65.21
-65.20
-65.20
-65.21
-65.21
-65.21
-65.20
-65.20
-65.20
-65.20
-65.19
-65.19
-65.19
-65.19
-65.20
-65.20
-65.20
-65.21
-65.20
-65.20
-65.19
-65.18
-65.18
-65.18
-65.18
-65.17
-65.18
-65.18
-65.19
-65.19
-65.18
-65.18
-65.18
-65.17
-65.18
-65.18
-65.19
-65.18
-65.18
-65.18
-65.18
-65.18
-65.18
-65.18
-65.18
-65.18
-65.18
-65.18
-65.19
-65.19
-65.20
-65.20
-65.20
-65.20
-65.20
-65.20
-65.21
-65.21
-65.21
-65.21
-65.21
-65.21
-65.21
-65.22
-65.21
-65.22
-65.22
-65.21
-65.21
-65.21
-65.21
-65.22
-65.22
-65.22
-65.22
-65.22
-65.22
-65.21
-65.22
-65.22
-65.22
-65.23
-65.23
-65.22
-65.22
-65.22
-65.22
-65.21
-65.22
-65.22
-65.22
-65.22
-65.22
-65.22
-65.22
-65.22
-65.22
-65.21
-65.20
-65.19
-65.18
-65.18
-65.19
-65.19
-65.19
-65.21
-65.20
-65.20
-65.21
-65.21
-65.21
-65.21
-65.20
-65.20
-65.20
-65.20
-65.20
-65.21
-65.20
-65.20
-65.19
-65.19
-65.20
-65.20
-65.19
-65.20
-65.20
-65.19
-65.19
-65.19
-65.19
-65.19
-65.19
-65.20
-65.20
-65.20
-65.20
-65.20
-65.20
-65.19
-65.19
-65.19
-65.18
-65.19
-65.19
-65.20
-65.20
-65.21
-65.21
-65.21
-65.21
-65.20
-65.19
-65.20
-65.20
-65.20
-65.20
-65.20
-65.19
-65.20
-65.19
-65.20
-65.20
-65.20
-65.21
-65.22
-65.22
-65.22
-65.22
-65.21
-65.21
-65.22
-65.21
-65.21
-65.21
-65.20
-65.21
-65.21
-65.22
-65.22
-65.21
-65.20
-65.20
-65.20
-65.21
-65.21
-65.21
-65.22
-65.22
-65.22
-65.21
-65.21
-65.21
-65.21
-65.21
-65.21
-65.22
-65.21
-65.21
-65.22
-65.22
-65.22
-65.21
-65.20
-65.21
-65.21
-65.22
-65.22
-65.21
-65.22
-65.22
-65.21
-65.21
-65.21
-65.20
-65.20
-65.21
-65.21
-65.20
-65.20
-65.20
-65.20
-65.21
-65.21
-65.21
-65.20
-65.20
-65.20
-65.20
-65.21
-65.21
-65.22
-65.22
-65.21
-65.22
-65.21
-65.20
-65.21
-65.22
-65.22
-65.22
-65.21
-65.22
-65.22
-65.21
-65.21
-65.21
-65.21
-65.20
-65.21
-65.21
-65.21
-65.20
-65.20
-65.20
-65.20
-65.20
-65.20
-65.20
-65.20
-65.19
-65.20
-65.20
-65.21
-65.20
-65.20
-65.20
-65.21
-65.21
-65.21
-65.20
-65.19
-65.20
-65.20
-65.19
-65.20
-65.19
-65.19
-65.20
-65.20
-65.20
-65.19
-65.19
-65.19
-65.19
-65.20
-65.19
-65.18
-65.19
-65.19
-65.19
-65.19
-65.20
-65.20
-65.20
-65.20
-65.20
-65.20
-65.20
-65.21
-65.22
-65.21
-65.21
-65.20
-65.20
-65.20
-65.20
-65.20
-65.20
-65.20
-65.19
-65.19
-65.19
-65.20
-65.20
-65.20
-65.20
-65.20
-65.20
-65.21
-65.20
-65.19
-65.19
-65.20
-65.20
-65.21
-65.20
-65.20
-65.20
-65.20
-65.20
-65.20
-65.20
-65.20
-65.19
-65.19
-65.19
-65.18
-65.19
-65.19
-65.19
-65.19
-65.19
-65.18
-65.18
-65.18
-65.17
-65.18
-65.18
-65.18
-65.18
-65.18
-65.18
-65.18
-65.18
-65.19
-65.19
-65.18
-65.19
-65.19
-65.18
-65.18
-65.19
-65.19
-65.18
-65.17
-65.17
-65.18
-65.19
-65.19
-65.19
-65.20
-65.19
-65.18
-65.18
-65.18
-65.19
-65.19
-65.19
-65.19
-65.18
-65.19
-65.19
-65.19
-65.21
-65.21
-65.21
-65.20
-65.20
-65.20
-65.20
-65.19
-65.20
-65.20
-65.20
-65.20
-65.19
