Frequency: 1.000000
Sample Rate: 2000000.000000
Vector Length: 1
Notes: 
-379.30
-94.69
-90.87
-89.43
-84.01
-82.89
-82.67
-82.47
-82.28
-82.09
-81.91
-81.73
-81.57
-81.40
-80.18
-79.37
-79.27
-79.17
-79.08
-78.99
-78.89
-78.81
-78.72
-78.63
-78.00
-77.44
-77.38
-77.31
-77.25
-77.19
-77.13
-77.07
-77.01
-76.96
-76.63
-76.13
-76.09
-76.04
-75.99
-75.95
-75.90
-75.86
-75.81
-75.77
-75.59
-75.17
-75.13
-75.10
-75.08
-75.08
-75.08
-75.08
-75.08
-75.49
-75.49
-75.05
-75.05
-75.05
-75.05
-75.05
-75.05
-75.04
-75.05
-75.40
-75.57
-75.10
-75.10
-75.10
-75.10
-75.10
-75.10
-75.10
-75.10
-75.45
-75.67
-75.11
-75.11
-75.11
-75.11
-75.11
-75.11
-75.11
-75.12
-75.35
-75.67
-75.17
-75.17
-75.16
-75.16
-75.16
-75.17
-75.17
-75.17
-75.69
-75.37
-75.21
-75.21
-75.21
-75.21
-75.21
-75.20
-75.20
-75.20
-75.75
-75.16
-75.16
-75.16
-75.16
-75.16
-75.17
-75.17
-75.17
-75.17
-75.68
-75.06
-74.87
-74.67
-74.67
-74.67
-74.67
-74.67
-74.67
-74.66
-75.17
-74.68
-74.68
-74.68
-74.69
-74.69
-74.68
-74.68
-74.68
-74.68
-75.13
-74.66
-74.66
-74.66
-74.66
-74.66
-74.66
-74.66
-74.66
-74.66
-75.08
-74.54
-74.54
-74.54
-74.54
-74.54
-74.54
-74.54
-74.54
-74.54
-75.06
-74.56
-74.56
-74.56
-74.56
-74.56
-74.56
-74.56
-74.56
-74.56
-75.31
-74.86
-75.06
-75.06
-75.06
-75.05
-75.05
-75.06
-75.06
-75.06
-75.59
-75.10
-75.10
-75.10
-75.10
-75.10
-75.10
-75.10
-75.10
-75.10
-75.62
-75.12
-75.12
-75.12
-75.12
-75.12
-75.12
-75.12
-75.12
-75.12
-75.74
-75.21
-75.21
-75.21
-75.21
-75.21
-75.21
-75.21
-75.21
-75.21
-75.78
-75.25
-75.25
-75.25
-75.25
-75.25
-75.25
-75.19
-75.19
-75.19
-75.69
-75.11
-75.11
-75.11
-75.11
-75.11
-75.11
-75.11
-75.11
-75.11
-75.59
-75.05
-75.05
-75.05
-75.05
-75.05
-75.05
-75.05
-75.05
-75.06
-75.54
-75.00
-75.00
-75.00
-75.00
-75.00
-75.00
-75.00
-75.00
-75.00
-75.51
-75.05
-75.05
-75.05
-75.05
-75.05
-75.05
-75.05
-75.05
-75.05
-75.55
-75.02
-75.02
-75.02
-75.02
-75.02
-75.08
-75.08
-75.08
-75.08
-75.66
-75.12
-75.12
-75.12
-75.12
-75.12
-75.12
-75.12
-75.12
-75.12
-75.68
-75.08
-75.08
-75.08
-75.08
-75.08
-75.08
-75.08
-75.07
-75.07
-75.63
-75.13
-75.13
-75.13
-75.13
-75.13
-75.13
-75.13
-75.04
-75.04
-75.49
-74.98
-74.98
-74.98
-74.98
-74.98
-74.98
-74.99
-74.99
-74.98
-75.51
-74.96
-74.96
-74.96
-74.96
-74.91
-74.91
-74.91
-74.91
-74.91
-75.42
-74.96
-74.96
-74.96
-74.96
-74.96
-74.96
-74.96
-74.96
-74.96
-75.53
-75.00
-75.00
-75.00
-75.00
-75.00
-75.00
-75.00
-75.00
-75.00
-75.49
-74.98
-74.98
-74.98
-74.98
-74.98
-74.98
-75.07
-75.07
-75.07
-75.58
-75.05
-75.05
-75.05
-75.05
-75.05
-75.05
-75.05
-75.05
-75.05
-75.61
-75.08
-75.08
-75.13
-75.13
-75.13
-75.13
-75.14
-75.14
-75.14
-75.62
-75.09
-75.10
-75.09
-75.09
-75.09
-75.09
-75.09
-75.09
-75.09
-75.64
-75.08
-75.08
-75.08
-75.08
-75.08
-75.08
-75.08
-75.08
-75.08
-75.60
-75.07
-75.07
-75.07
-75.07
-75.07
-75.07
-75.07
-75.07
-75.07
-75.61
-75.09
-75.09
-75.09
-75.09
-75.09
-75.09
-75.09
-75.09
-75.09
-75.62
-74.98
-74.99
-74.92
-74.92
-74.92
-74.92
-74.92
-74.92
-74.92
-75.42
-74.90
-74.91
-74.91
-74.91
-74.91
-74.91
-74.91
-74.91
-74.91
-75.45
-74.91
-74.91
-74.91
-74.91
-74.91
-74.91
-74.91
-74.91
-74.91
-75.43
-74.93
-74.93
-74.93
-74.93
-74.93
-74.93
-74.93
-74.93
-74.93
-75.43
-74.95
-74.96
-74.96
-74.96
-74.96
-74.96
-74.96
-74.96
-74.96
-75.59
-75.11
-75.18
-75.18
-75.18
-75.18
-75.18
-75.18
-75.18
-75.18
-75.73
-75.25
-75.24
-75.25
-75.25
-75.25
-75.25
-75.25
-75.25
-75.25
-75.83
-75.24
-75.24
-75.25
-75.25
-75.25
-75.25
-75.25
-75.25
-75.25
-75.78
-75.22
-75.17
-75.17
-75.17
