Frequency: 1.000000
Sample Rate: 2000000.000000
Vector Length: 1
Notes: 
-379.30
-74.95
-68.85
-68.43
-68.16
-67.98
-67.80
-67.64
-67.50
-67.37
-67.23
-67.09
-66.96
-66.83
-66.69
-66.57
-66.45
-66.35
-66.24
-66.13
-66.02
-65.92
-65.82
-65.72
-65.62
-65.53
-65.44
-65.35
-65.25
-65.16
-65.08
-64.99
-64.91
-64.83
-64.75
-64.67
-64.59
-64.52
-64.44
-64.37
-64.29
-64.23
-64.16
-64.09
-64.02
-63.95
-63.89
-63.82
-64.00
-64.91
-65.26
-65.27
-65.26
-65.26
-65.26
-65.26
-65.26
-65.25
-65.25
-65.25
-65.26
-65.25
-65.25
-65.25
-65.26
-65.25
-65.25
-65.24
-65.24
-65.25
-65.24
-65.24
-65.24
-65.25
-65.26
-65.25
-65.25
-65.24
-65.24
-65.24
-65.25
-65.25
-65.25
-65.25
-65.24
-65.25
-65.25
-65.25
-65.25
-65.25
-65.25
-65.24
-65.25
-65.25
-65.24
-65.25
-65.25
-65.25
-65.25
-65.25
-65.25
-65.25
-65.24
-65.25
-65.25
-65.25
-65.26
-65.25
-65.24
-65.24
-65.25
-65.25
-65.26
-65.26
-65.26
-65.25
-65.26
-65.26
-65.25
-65.25
-65.25
-65.25
-65.25
-65.25
-65.25
-65.25
-65.26
-65.26
-65.25
-65.26
-65.25
-65.26
-65.26
-65.26
-65.25
-65.25
-65.26
-65.26
-65.26
-65.26
-65.26
-65.27
-65.26
-65.27
-65.27
-65.27
-65.26
-65.25
-65.26
-65.26
-65.27
-65.27
-65.27
-65.27
-65.27
-65.28
-65.28
-65.28
-65.28
-65.27
-65.26
-65.25
-65.26
-65.26
-65.26
-65.26
-65.25
-65.25
-65.26
-65.26
-65.25
-65.24
-65.25
-65.24
-65.24
-65.25
-65.24
-65.24
-65.24
-65.24
-65.24
-65.25
-65.25
-65.25
-65.24
-65.24
-65.24
-65.24
-65.23
-65.23
-65.24
-65.24
-65.24
-65.24
-65.24
-65.23
-65.23
-65.23
-65.24
-65.23
-65.23
-65.23
-65.23
-65.23
-65.23
-65.23
-65.23
-65.23
-65.23
-65.24
-65.25
-65.24
-65.24
-65.24
-65.25
-65.25
-65.24
-65.24
-65.25
-65.25
-65.26
-65.27
-65.26
-65.26
-65.26
-65.26
-65.26
-65.26
-65.26
-65.25
-65.25
-65.25
-65.26
-65.26
-65.26
-65.26
-65.25
-65.25
-65.26
-65.26
-65.25
-65.25
-65.25
-65.26
-65.27
-65.28
-65.27
-65.27
-65.28
-65.28
-65.27
-65.27
-65.26
-65.26
-65.28
-65.28
-65.28
-65.27
-65.27
-65.28
-65.27
-65.27
-65.28
-65.28
-65.28
-65.28
-65.28
-65.28
-65.28
-65.27
-65.27
-65.28
-65.27
-65.26
-65.26
-65.26
-65.27
-65.27
-65.27
-65.28
-65.28
-65.28
-65.27
-65.27
-65.28
-65.28
-65.28
-65.27
-65.27
-65.28
-65.27
-65.27
-65.28
-65.27
-65.27
-65.27
-65.27
-65.27
-65.28
-65.28
-65.28
-65.28
-65.27
-65.27
-65.27
-65.27
-65.26
-65.26
-65.26
-65.27
-65.26
-65.27
-65.27
-65.26
-65.26
-65.25
-65.26
-65.25
-65.25
-65.25
-65.26
-65.27
-65.27
-65.27
-65.27
-65.26
-65.25
-65.26
-65.27
-65.26
-65.25
-65.26
-65.26
-65.25
-65.25
-65.25
-65.25
-65.26
-65.27
-65.27
-65.27
-65.26
-65.26
-65.26
-65.25
-65.24
-65.25
-65.24
-65.25
-65.25
-65.25
-65.26
-65.26
-65.26
-65.25
-65.26
-65.26
-65.25
-65.25
-65.25
-65.25
-65.25
-65.26
-65.26
-65.25
-65.26
-65.26
-65.26
-65.27
-65.26
-65.27
-65.26
-65.27
-65.27
-65.26
-65.26
-65.25
-65.26
-65.26
-65.25
-65.26
-65.26
-65.26
-65.27
-65.27
-65.26
-65.26
-65.27
-65.26
-65.26
-65.27
-65.27
-65.27
-65.27
-65.26
-65.26
-65.26
-65.25
-65.25
-65.25
-65.25
-65.25
-65.26
-65.26
-65.26
-65.26
-65.26
-65.27
-65.26
-65.26
-65.25
-65.26
-65.25
-65.24
-65.24
-65.24
-65.23
-65.23
-65.23
-65.24
-65.25
-65.25
-65.25
-65.25
-65.25
-65.25
-65.27
-65.27
-65.26
-65.27
-65.26
-65.25
-65.25
-65.25
-65.23
-65.24
-65.24
-65.24
-65.24
-65.24
-65.24
-65.24
-65.25
-65.25
-65.26
-65.26
-65.26
-65.26
-65.25
-65.26
-65.26
-65.26
-65.26
-65.26
-65.27
-65.27
-65.26
-65.27
-65.26
-65.26
-65.26
-65.27
-65.27
-65.26
-65.26
-65.27
-65.26
-65.26
-65.25
-65.25
-65.25
-65.25
-65.25
-65.25
-65.24
-65.23
-65.24
-65.24
-65.24
-65.25
-65.25
-65.24
-65.24
-65.25
