Frequency: 1.000000
Sample Rate: 2000000.000000
Vector Length: 1
Notes: 
-379.30
-79.59
-77.50
-76.08
-75.10
-74.32
-73.67
-73.07
-72.55
-72.06
-71.66
-71.30
-70.96
-70.63
-70.26
-69.99
-69.74
-69.45
-69.23
-69.01
-68.80
-68.59
-68.37
-68.14
-67.97
-67.81
-67.64
-67.49
-67.32
-67.17
-67.04
-66.88
-66.72
-66.60
-66.47
-66.33
-66.22
-66.11
-65.98
-65.86
-65.77
-65.67
-65.57
-65.48
-65.37
-65.26
-65.17
-65.17
-65.18
-65.17
-65.18
-65.17
-65.16
-65.17
-65.17
-65.17
-65.17
-65.16
-65.16
-65.16
-65.17
-65.16
-65.16
-65.16
-65.15
-65.15
-65.15
-65.15
-65.16
-65.16
-65.16
-65.16
-65.16
-65.14
-65.14
-65.14
-65.15
-65.15
-65.15
-65.15
-65.15
-65.15
-65.15
-65.15
-65.15
-65.15
-65.16
-65.16
-65.16
-65.15
-65.15
-65.15
-65.15
-65.15
-65.16
-65.16
-65.15
-65.16
-65.16
-65.16
-65.17
-65.16
-65.16
-65.15
-65.15
-65.16
-65.17
-65.17
-65.16
-65.17
-65.17
-65.16
-65.15
-65.16
-65.16
-65.16
-65.16
-65.16
-65.16
-65.16
-65.16
-65.16
-65.17
-65.16
-65.15
-65.15
-65.15
-65.15
-65.16
-65.16
-65.17
-65.17
-65.16
-65.16
-65.15
-65.15
-65.15
-65.15
-65.14
-65.14
-65.15
-65.16
-65.15
-65.15
-65.15
-65.15
-65.15
-65.15
-65.15
-65.15
-65.16
-65.15
-65.15
-65.15
-65.15
-65.15
-65.15
-65.15
-65.15
-65.15
-65.16
-65.16
-65.16
-65.16
-65.17
-65.17
-65.17
-65.16
-65.16
-65.17
-65.16
-65.16
-65.16
-65.17
-65.18
-65.18
-65.18
-65.18
-65.17
-65.17
-65.16
-65.16
-65.16
-65.16
-65.16
-65.16
-65.17
-65.17
-65.17
-65.17
-65.17
-65.17
-65.17
-65.16
-65.16
-65.18
-65.18
-65.18
-65.17
-65.17
-65.17
-65.17
-65.17
-65.17
-65.17
-65.16
-65.16
-65.16
-65.16
-65.15
-65.15
-65.14
-65.13
-65.13
-65.14
-65.15
-65.15
-65.15
-65.16
-65.16
-65.15
-65.14
-65.14
-65.14
-65.14
-65.15
-65.15
-65.16
-65.16
-65.17
-65.17
-65.17
-65.17
-65.17
-65.17
-65.16
-65.17
-65.16
-65.16
-65.16
-65.17
-65.16
-65.15
-65.15
-65.15
-65.15
-65.16
-65.16
-65.16
-65.15
-65.15
-65.16
-65.16
-65.16
-65.16
-65.16
-65.16
-65.16
-65.17
-65.17
-65.16
-65.16
-65.15
-65.15
-65.15
-65.16
-65.16
-65.15
-65.15
-65.14
-65.14
-65.15
-65.15
-65.15
-65.14
-65.15
-65.15
-65.15
-65.15
-65.15
-65.15
-65.14
-65.14
-65.14
-65.15
-65.15
-65.16
-65.16
-65.16
-65.15
-65.15
-65.15
-65.16
-65.17
-65.16
-65.16
-65.17
-65.17
-65.18
-65.17
-65.16
-65.16
-65.16
-65.16
-65.16
-65.16
-65.17
-65.17
-65.17
-65.17
-65.18
-65.18
-65.18
-65.17
-65.17
-65.17
-65.17
-65.18
-65.19
-65.19
-65.18
-65.18
-65.19
-65.19
-65.18
-65.17
-65.18
-65.18
-65.18
-65.18
-65.18
-65.18
-65.18
-65.17
-65.16
-65.16
-65.17
-65.16
-65.17
-65.17
-65.17
-65.16
-65.16
-65.16
-65.16
-65.17
-65.17
-65.17
-65.17
-65.17
-65.17
-65.18
-65.18
-65.18
-65.17
-65.17
-65.17
-65.17
-65.17
-65.17
-65.18
-65.18
-65.17
-65.17
-65.17
-65.17
-65.17
-65.17
-65.17
-65.16
-65.16
-65.15
-65.16
-65.16
-65.16
-65.15
-65.15
-65.15
-65.16
-65.16
-65.16
-65.16
-65.17
-65.17
-65.16
-65.17
-65.16
-65.16
-65.16
-65.17
-65.17
-65.16
-65.16
-65.16
-65.15
-65.15
-65.15
-65.14
-65.15
-65.15
-65.14
-65.14
-65.15
-65.15
-65.15
-65.16
-65.16
-65.15
-65.15
-65.14
-65.14
-65.14
-65.14
-65.14
-65.14
-65.14
-65.14
-65.14
-65.15
-65.15
-65.15
-65.15
-65.15
-65.15
-65.15
-65.15
-65.15
-65.15
-65.16
-65.15
-65.15
-65.15
-65.14
-65.14
-65.14
-65.15
-65.15
-65.15
-65.14
-65.14
-65.15
-65.15
-65.15
-65.16
-65.16
-65.16
-65.16
-65.16
-65.17
-65.17
-65.17
-65.17
-65.16
-65.16
-65.16
-65.17
-65.17
-65.17
-65.17
-65.17
-65.17
-65.17
-65.17
-65.17
-65.16
-65.16
-65.17
-65.18
-65.19
-65.19
-65.18
-65.19
-65.19
-65.19
-65.19
-65.18
-65.17
-65.18
-65.19
-65.19
-65.19
-65.19
-65.19
