Frequency: 1.000000
Sample Rate: 2000000.000000
Vector Length: 1
Notes: 
-379.30
-82.27
-77.22
-75.79
-74.89
-74.17
-73.54
-72.87
-72.38
-71.91
-71.51
-71.15
-70.82
-70.51
-70.22
-69.89
-69.64
-69.40
-69.18
-68.97
-68.75
-68.54
-68.36
-68.17
-68.00
-67.83
-67.67
-67.52
-67.37
-67.22
-67.09
-66.96
-66.83
-66.71
-66.58
-66.46
-66.32
-66.21
-66.10
-65.99
-65.89
-65.78
-65.68
-65.58
-65.49
-65.40
-65.31
-65.22
-65.22
-65.22
-65.22
-65.22
-65.22
-65.21
-65.21
-65.21
-65.21
-65.22
-65.21
-65.21
-65.21
-65.21
-65.21
-65.22
-65.22
-65.22
-65.22
-65.21
-65.22
-65.23
-65.23
-65.23
-65.23
-65.23
-65.23
-65.24
-65.24
-65.25
-65.24
-65.24
-65.23
-65.23
-65.23
-65.23
-65.24
-65.23
-65.23
-65.23
-65.22
-65.22
-65.22
-65.22
-65.22
-65.22
-65.22
-65.23
-65.22
-65.22
-65.22
-65.22
-65.22
-65.22
-65.22
-65.21
-65.21
-65.21
-65.21
-65.21
-65.21
-65.21
-65.21
-65.21
-65.21
-65.20
-65.20
-65.20
-65.20
-65.19
-65.19
-65.20
-65.20
-65.20
-65.19
-65.19
-65.19
-65.19
-65.19
-65.19
-65.20
-65.20
-65.20
-65.20
-65.19
-65.19
-65.19
-65.20
-65.20
-65.20
-65.21
-65.21
-65.21
-65.20
-65.19
-65.19
-65.20
-65.20
-65.20
-65.20
-65.20
-65.20
-65.20
-65.20
-65.21
-65.21
-65.21
-65.21
-65.22
-65.22
-65.21
-65.21
-65.20
-65.20
-65.20
-65.21
-65.21
-65.21
-65.21
-65.21
-65.21
-65.22
-65.22
-65.22
-65.22
-65.22
-65.22
-65.22
-65.22
-65.21
-65.21
-65.22
-65.22
-65.22
-65.22
-65.22
-65.22
-65.22
-65.21
-65.20
-65.20
-65.21
-65.22
-65.23
-65.21
-65.21
-65.21
-65.21
-65.21
-65.20
-65.20
-65.20
-65.21
-65.21
-65.21
-65.22
-65.22
-65.21
-65.21
-65.21
-65.22
-65.22
-65.22
-65.22
-65.22
-65.22
-65.22
-65.22
-65.22
-65.22
-65.21
-65.21
-65.21
-65.21
-65.21
-65.20
-65.20
-65.20
-65.20
-65.20
-65.20
-65.20
-65.21
-65.21
-65.21
-65.21
-65.21
-65.22
-65.23
-65.22
-65.21
-65.21
-65.22
-65.22
-65.22
-65.22
-65.22
-65.22
-65.21
-65.22
-65.22
-65.22
-65.20
-65.20
-65.21
-65.21
-65.20
-65.20
-65.20
-65.20
-65.21
-65.21
-65.22
-65.22
-65.21
-65.21
-65.21
-65.21
-65.22
-65.22
-65.21
-65.22
-65.23
-65.22
-65.22
-65.22
-65.22
-65.22
-65.21
-65.21
-65.21
-65.22
-65.22
-65.21
-65.21
-65.20
-65.20
-65.21
-65.20
-65.20
-65.21
-65.21
-65.21
-65.22
-65.23
-65.23
-65.22
-65.21
-65.21
-65.22
-65.22
-65.23
-65.22
-65.23
-65.23
-65.23
-65.23
-65.22
-65.21
-65.22
-65.22
-65.22
-65.22
-65.22
-65.21
-65.21
-65.21
-65.21
-65.21
-65.21
-65.22
-65.22
-65.23
-65.22
-65.22
-65.23
-65.23
-65.22
-65.22
-65.22
-65.22
-65.22
-65.22
-65.22
-65.22
-65.22
-65.22
-65.23
-65.22
-65.22
-65.22
-65.22
-65.22
-65.21
-65.22
-65.22
-65.21
-65.21
-65.21
-65.20
-65.21
-65.21
-65.21
-65.21
-65.21
-65.21
-65.22
-65.21
-65.21
-65.20
-65.20
-65.20
-65.21
-65.21
-65.21
-65.21
-65.21
-65.22
-65.22
-65.22
-65.21
-65.21
-65.21
-65.21
-65.21
-65.21
-65.20
-65.21
-65.21
-65.21
-65.21
-65.21
-65.21
-65.21
-65.21
-65.20
-65.20
-65.21
-65.21
-65.21
-65.20
-65.20
-65.21
-65.20
-65.20
-65.21
-65.21
-65.21
-65.21
-65.22
-65.22
-65.22
-65.21
-65.21
-65.21
-65.21
-65.21
-65.21
-65.22
-65.22
-65.22
-65.22
-65.21
-65.21
-65.21
-65.21
-65.21
-65.20
-65.20
-65.20
-65.20
-65.22
-65.21
-65.21
-65.21
-65.21
-65.20
-65.21
-65.21
-65.21
-65.21
-65.21
-65.20
-65.22
-65.22
-65.21
-65.21
-65.21
-65.22
-65.21
-65.21
-65.21
-65.21
-65.21
-65.21
-65.22
-65.22
-65.21
-65.21
-65.20
-65.22
-65.22
-65.21
-65.22
-65.22
-65.22
-65.21
-65.21
-65.21
-65.21
-65.21
-65.20
-65.20
-65.20
-65.20
-65.20
-65.20
-65.20
-65.19
-65.20
-65.19
-65.19
-65.20
-65.20
-65.20
-65.20
-65.20
-65.19
-65.19
-65.20
-65.19
