Frequency: 1.000000
Sample Rate: 2000000.000000
Vector Length: 1
Notes: 
-379.30
-81.36
-77.29
-75.64
-74.63
-73.87
-73.26
-72.74
-72.30
-71.89
-71.50
-71.12
-70.76
-70.43
-70.14
-69.88
-69.63
-69.38
-69.15
-68.93
-68.72
-68.51
-68.33
-68.16
-68.00
-67.83
-67.67
-67.51
-67.35
-67.20
-67.07
-66.93
-66.80
-66.68
-66.55
-66.43
-66.31
-66.20
-66.09
-65.97
-65.87
-65.76
-65.66
-65.57
-65.47
-65.38
-65.28
-65.20
-65.13
-65.15
-65.16
-65.17
-65.16
-65.16
-65.17
-65.16
-65.16
-65.15
-65.15
-65.15
-65.15
-65.16
-65.17
-65.16
-65.15
-65.16
-65.16
-65.16
-65.16
-65.17
-65.16
-65.15
-65.15
-65.15
-65.15
-65.15
-65.15
-65.15
-65.15
-65.15
-65.15
-65.15
-65.15
-65.15
-65.15
-65.15
-65.15
-65.15
-65.15
-65.16
-65.15
-65.15
-65.15
-65.15
-65.15
-65.14
-65.14
-65.14
-65.14
-65.14
-65.14
-65.13
-65.13
-65.14
-65.14
-65.14
-65.14
-65.14
-65.13
-65.13
-65.13
-65.13
-65.14
-65.14
-65.13
-65.13
-65.14
-65.14
-65.15
-65.16
-65.16
-65.16
-65.16
-65.16
-65.17
-65.17
-65.17
-65.16
-65.16
-65.16
-65.16
-65.17
-65.17
-65.16
-65.16
-65.16
-65.16
-65.16
-65.17
-65.17
-65.16
-65.16
-65.16
-65.17
-65.17
-65.17
-65.18
-65.17
-65.18
-65.18
-65.18
-65.18
-65.17
-65.16
-65.16
-65.17
-65.17
-65.18
-65.18
-65.18
-65.17
-65.17
-65.18
-65.18
-65.17
-65.17
-65.16
-65.16
-65.16
-65.16
-65.16
-65.15
-65.15
-65.16
-65.16
-65.16
-65.16
-65.16
-65.16
-65.15
-65.14
-65.15
-65.15
-65.15
-65.16
-65.15
-65.15
-65.15
-65.15
-65.16
-65.16
-65.15
-65.16
-65.16
-65.16
-65.16
-65.16
-65.16
-65.17
-65.17
-65.17
-65.17
-65.16
-65.17
-65.17
-65.17
-65.15
-65.15
-65.15
-65.16
-65.15
-65.15
-65.16
-65.16
-65.16
-65.17
-65.17
-65.17
-65.17
-65.17
-65.17
-65.17
-65.17
-65.16
-65.16
-65.15
-65.16
-65.17
-65.18
-65.17
-65.18
-65.17
-65.17
-65.17
-65.17
-65.17
-65.17
-65.16
-65.16
-65.17
-65.17
-65.16
-65.16
-65.16
-65.16
-65.16
-65.16
-65.15
-65.15
-65.15
-65.16
-65.15
-65.16
-65.16
-65.17
-65.17
-65.17
-65.17
-65.17
-65.17
-65.17
-65.17
-65.16
-65.16
-65.16
-65.15
-65.15
-65.15
-65.15
-65.16
-65.16
-65.16
-65.16
-65.16
-65.17
-65.16
-65.16
-65.16
-65.15
-65.15
-65.16
-65.16
-65.16
-65.15
-65.15
-65.16
-65.17
-65.17
-65.16
-65.17
-65.16
-65.17
-65.16
-65.16
-65.17
-65.16
-65.17
-65.17
-65.17
-65.17
-65.17
-65.17
-65.16
-65.17
-65.17
-65.17
-65.16
-65.15
-65.15
-65.15
-65.16
-65.16
-65.15
-65.15
-65.16
-65.17
-65.17
-65.16
-65.16
-65.16
-65.16
-65.16
-65.16
-65.16
-65.15
-65.15
-65.16
-65.16
-65.16
-65.16
-65.16
-65.16
-65.16
-65.16
-65.15
-65.15
-65.15
-65.15
-65.16
-65.16
-65.16
-65.16
-65.16
-65.16
-65.16
-65.16
-65.16
-65.16
-65.15
-65.15
-65.16
-65.15
-65.16
-65.16
-65.17
-65.17
-65.17
-65.17
-65.17
-65.17
-65.17
-65.17
-65.17
-65.16
-65.16
-65.16
-65.17
-65.18
-65.17
-65.17
-65.17
-65.16
-65.17
-65.18
-65.17
-65.17
-65.17
-65.17
-65.17
-65.17
-65.17
-65.17
-65.17
-65.16
-65.16
-65.16
-65.16
-65.16
-65.16
-65.16
-65.16
-65.17
-65.16
-65.16
-65.16
-65.17
-65.17
-65.16
-65.16
-65.17
-65.16
-65.16
-65.16
-65.16
-65.16
-65.17
-65.17
-65.16
-65.16
-65.16
-65.17
-65.17
-65.18
-65.18
-65.17
-65.16
-65.16
-65.16
-65.16
-65.17
-65.16
-65.16
-65.16
-65.16
-65.16
-65.15
-65.16
-65.17
-65.17
-65.16
-65.16
-65.16
-65.16
-65.17
-65.17
-65.16
-65.16
-65.16
-65.16
-65.16
-65.16
-65.16
-65.16
-65.16
-65.16
-65.16
-65.16
-65.16
-65.16
-65.16
-65.15
-65.16
-65.16
-65.16
-65.16
-65.16
-65.16
-65.16
-65.16
-65.15
-65.15
-65.15
-65.15
-65.15
-65.15
-65.16
-65.16
-65.15
-65.15
-65.15
-65.15
-65.16
-65.16
-65.16
-65.17
-65.16
-65.15
-65.16
-65.16
-65.15
-65.16
-65.16
-65.15
-65.16
-65.16
