Frequency: 1.000000
Sample Rate: 2000000.000000
Vector Length: 1
Notes: 
-379.30
-94.90
-91.74
-90.08
-89.03
-88.08
-87.41
-86.80
-86.27
-85.82
-85.41
-85.03
-84.68
-84.35
-84.05
-83.76
-83.49
-83.24
-83.01
-82.79
-82.58
-82.37
-82.18
-81.99
-81.81
-81.63
-81.47
-81.31
-81.16
-81.02
-80.87
-80.73
-80.60
-80.48
-80.35
-80.24
-80.12
-80.01
-79.90
-79.79
-79.68
-79.58
-79.48
-79.38
-79.28
-79.18
-79.09
-78.99
-78.94
-78.91
-78.90
-78.91
-78.91
-78.92
-78.91
-78.91
-78.91
-78.91
-78.91
-78.91
-78.91
-78.90
-78.90
-78.91
-78.91
-78.91
-78.91
-78.91
-78.91
-78.91
-78.91
-78.91
-78.91
-78.92
-78.92
-78.92
-78.93
-78.92
-78.92
-78.93
-78.93
-78.92
-78.92
-78.92
-78.92
-78.91
-78.91
-78.91
-78.91
-78.91
-78.91
-78.91
-78.92
-78.91
-78.91
-78.92
-78.93
-78.93
-78.93
-78.93
-78.92
-78.92
-78.92
-78.92
-78.92
-78.93
-78.93
-78.92
-78.93
-78.93
-78.94
-78.94
-78.94
-78.94
-78.94
-78.93
-78.94
-78.94
-78.94
-78.94
-78.95
-78.95
-78.94
-78.94
-78.94
-78.94
-78.94
-78.94
-78.94
-78.94
-78.94
-78.94
-78.94
-78.94
-78.94
-78.94
-78.93
-78.93
-78.93
-78.93
-78.93
-78.93
-78.93
-78.93
-78.92
-78.92
-78.92
-78.92
-78.92
-78.92
-78.92
-78.92
-78.92
-78.92
-78.92
-78.92
-78.92
-78.92
-78.91
-78.91
-78.92
-78.92
-78.92
-78.92
-78.92
-78.91
-78.92
-78.92
-78.92
-78.92
-78.92
-78.92
-78.92
-78.92
-78.92
-78.91
-78.91
-78.91
-78.91
-78.92
-78.93
-78.93
-78.94
-78.93
-78.93
-78.93
-78.93
-78.92
-78.93
-78.93
-78.93
-78.93
-78.92
-78.92
-78.92
-78.92
-78.93
-78.93
-78.93
-78.93
-78.93
-78.94
-78.94
-78.94
-78.94
-78.93
-78.94
-78.94
-78.93
-78.93
-78.93
-78.93
-78.93
-78.93
-78.93
-78.92
-78.92
-78.92
-78.92
-78.92
-78.92
-78.92
-78.93
-78.94
-78.94
-78.94
-78.93
-78.93
-78.93
-78.92
-78.93
-78.93
-78.93
-78.94
-78.94
-78.95
-78.94
-78.94
-78.94
-78.94
-78.94
-78.94
-78.94
-78.94
-78.94
-78.94
-78.94
-78.94
-78.94
-78.93
-78.93
-78.93
-78.93
-78.93
-78.94
-78.93
-78.93
-78.93
-78.93
-78.93
-78.92
-78.92
-78.92
-78.92
-78.92
-78.92
-78.93
-78.92
-78.93
-78.93
-78.93
-78.92
-78.92
-78.92
-78.93
-78.93
-78.93
-78.93
-78.92
-78.92
-78.91
-78.91
-78.91
-78.91
-78.91
-78.91
-78.90
-78.90
-78.90
-78.91
-78.91
-78.91
-78.91
-78.92
-78.92
-78.92
-78.92
-78.91
-78.91
-78.91
-78.91
-78.91
-78.91
-78.91
-78.91
-78.92
-78.92
-78.93
-78.93
-78.93
-78.93
-78.93
-78.93
-78.93
-78.93
-78.93
-78.93
-78.93
-78.93
-78.92
-78.93
-78.93
-78.93
-78.92
-78.92
-78.93
-78.92
-78.93
-78.93
-78.93
-78.93
-78.93
-78.92
-78.93
-78.93
-78.93
-78.93
-78.93
-78.93
-78.93
-78.93
-78.93
-78.93
-78.92
-78.93
-78.93
-78.93
-78.94
-78.94
-78.94
-78.94
-78.94
-78.94
-78.94
-78.94
-78.94
-78.94
-78.95
-78.95
-78.95
-78.95
-78.95
-78.95
-78.95
-78.95
-78.95
-78.96
-78.96
-78.96
-78.95
-78.95
-78.95
-78.95
-78.95
-78.95
-78.95
-78.95
-78.94
-78.95
-78.95
-78.95
-78.95
-78.95
-78.95
-78.95
-78.95
-78.95
-78.95
-78.95
-78.95
-78.95
-78.94
-78.95
-78.96
-78.95
-78.95
-78.95
-78.95
-78.96
-78.96
-78.95
-78.95
-78.95
-78.95
-78.94
-78.94
-78.94
-78.93
-78.94
-78.93
-78.94
-78.94
-78.94
-78.94
-78.94
-78.94
-78.95
-78.94
-78.94
-78.94
-78.94
-78.94
-78.94
-78.93
-78.93
-78.93
-78.93
-78.93
-78.93
-78.93
-78.93
-78.93
-78.93
-78.93
-78.93
-78.93
-78.93
-78.93
-78.93
-78.93
-78.93
-78.93
-78.92
-78.93
-78.92
-78.91
-78.92
-78.91
-78.91
-78.92
-78.92
-78.92
-78.92
-78.92
-78.92
-78.92
-78.93
-78.92
-78.92
-78.92
-78.92
-78.91
-78.90
-78.90
-78.90
-78.90
-78.90
-78.90
-78.91
-78.91
-78.91
-78.91
-78.92
-78.92
-78.92
-78.92
-78.92
-78.92
-78.92
-78.92
-78.92
-78.92
-78.91
-78.92
-78.92
-78.92
