Frequency: 1.000000
Sample Rate: 2000000.000000
Vector Length: 1
Notes: 
-379.30
-75.04
-71.16
-69.85
-68.98
-68.27
-67.66
-67.12
-66.64
-66.21
-65.82
-65.46
-65.13
-64.82
-64.54
-64.27
-64.02
-63.78
-63.55
-63.34
-63.13
-62.93
-62.75
-62.56
-62.39
-62.23
-62.07
-61.91
-61.76
-61.61
-61.47
-61.33
-61.20
-61.07
-60.94
-60.82
-60.70
-60.58
-60.47
-60.36
-60.25
-60.15
-60.05
-59.95
-59.85
-59.76
-59.66
-59.58
-59.54
-59.54
-59.54
-59.54
-59.54
-59.54
-59.54
-59.54
-59.54
-59.54
-59.54
-59.54
-59.54
-59.54
-59.54
-59.54
-59.54
-59.54
-59.54
-59.55
-59.55
-59.55
-59.55
-59.55
-59.55
-59.55
-59.55
-59.55
-59.56
-59.57
-59.57
-59.57
-59.58
-59.58
-59.59
-59.59
-59.59
-59.59
-59.60
-59.60
-59.60
-59.61
-59.61
-59.61
-59.61
-59.61
-59.62
-59.62
-59.62
-59.62
-59.62
-59.62
-59.62
-59.62
-59.62
-59.62
-59.62
-59.63
-59.63
-59.63
-59.63
-59.63
-59.63
-59.63
-59.63
-59.63
-59.62
-59.62
-59.62
-59.62
-59.62
-59.62
-59.62
-59.62
-59.62
-59.62
-59.62
-59.61
-59.61
-59.61
-59.61
-59.61
-59.61
-59.61
-59.61
-59.61
-59.61
-59.61
-59.61
-59.61
-59.61
-59.61
-59.61
-59.61
-59.61
-59.61
-59.61
-59.62
-59.62
-59.62
-59.62
-59.63
-59.63
-59.63
-59.63
-59.63
-59.64
-59.64
-59.64
-59.64
-59.65
-59.65
-59.66
-59.66
-59.66
-59.67
-59.67
-59.68
-59.68
-59.68
-59.69
-59.69
-59.69
-59.70
-59.70
-59.70
-59.70
-59.70
-59.70
-59.71
-59.71
-59.71
-59.71
-59.71
-59.72
-59.72
-59.72
-59.72
-59.73
-59.73
-59.73
-59.73
-59.74
-59.74
-59.74
-59.74
-59.74
-59.74
-59.74
-59.74
-59.74
-59.75
-59.75
-59.75
-59.75
-59.75
-59.75
-59.75
-59.75
-59.76
-59.75
-59.75
-59.75
-59.75
-59.75
-59.74
-59.74
-59.74
-59.74
-59.74
-59.73
-59.73
-59.73
-59.73
-59.73
-59.72
-59.72
-59.71
-59.71
-59.71
-59.71
-59.71
-59.71
-59.70
-59.70
-59.69
-59.69
-59.69
-59.69
-59.69
-59.68
-59.68
-59.68
-59.67
-59.67
-59.66
-59.66
-59.66
-59.66
-59.65
-59.65
-59.64
-59.64
-59.63
-59.63
-59.62
-59.62
-59.61
-59.61
-59.60
-59.60
-59.60
-59.59
-59.59
-59.58
-59.58
-59.58
-59.58
-59.58
-59.57
-59.57
-59.57
-59.57
-59.57
-59.57
-59.56
-59.56
-59.56
-59.56
-59.56
-59.56
-59.56
-59.56
-59.56
-59.56
-59.56
-59.56
-59.56
-59.56
-59.56
-59.56
-59.56
-59.56
-59.56
-59.56
-59.56
-59.55
-59.55
-59.55
-59.56
-59.56
-59.56
-59.56
-59.56
-59.56
-59.56
-59.56
-59.56
-59.56
-59.56
-59.56
-59.56
-59.56
-59.56
-59.56
-59.56
-59.56
-59.55
-59.55
-59.55
-59.55
-59.55
-59.55
-59.55
-59.55
-59.55
-59.55
-59.54
-59.54
-59.54
-59.54
-59.54
-59.54
-59.54
-59.54
-59.54
-59.53
-59.53
-59.53
-59.52
-59.52
-59.52
-59.52
-59.52
-59.51
-59.51
-59.51
-59.51
-59.51
-59.51
-59.51
-59.51
-59.51
-59.51
-59.51
-59.50
-59.50
-59.50
-59.50
-59.50
-59.50
-59.50
-59.50
-59.50
-59.50
-59.51
-59.51
-59.52
-59.52
-59.52
-59.52
-59.52
-59.53
-59.53
-59.53
-59.54
-59.54
-59.54
-59.55
-59.55
-59.55
-59.55
-59.56
-59.56
-59.57
-59.57
-59.58
-59.59
-59.59
-59.59
-59.60
-59.60
-59.60
-59.61
-59.61
-59.61
-59.61
-59.61
-59.61
-59.61
-59.61
-59.61
-59.61
-59.61
-59.62
-59.62
-59.62
-59.62
-59.63
-59.63
-59.63
-59.64
-59.64
-59.64
-59.64
-59.65
-59.65
-59.66
-59.66
-59.67
-59.68
-59.69
-59.70
-59.70
-59.71
-59.71
-59.71
-59.71
-59.71
-59.70
-59.70
-59.69
-59.68
-59.67
-59.67
-59.67
-59.67
-59.68
-59.69
-59.70
-59.71
-59.72
-59.73
-59.75
-59.76
-59.77
-59.78
-59.79
-59.80
-59.80
-59.80
-59.79
-59.79
-59.78
-59.78
-59.76
-59.75
-59.74
-59.73
-59.72
-59.70
-59.70
-59.68
-59.67
-59.66
-59.65
-59.64
-59.63
-59.61
-59.60
-59.59
-59.58
-59.57
-59.56
-59.55
-59.55
-59.55
-59.55
-59.56
-59.56
-59.57
-59.57
-59.57
-59.58
-59.57
-59.57
-59.56
-59.55
-59.53
