Frequency: 1.000000
Sample Rate: 2000000.000000
Vector Length: 1
Notes: 
-379.30
-80.64
-76.78
-75.63
-74.74
-73.99
-73.36
-72.71
-72.22
-71.81
-71.41
-71.05
-70.72
-70.43
-70.15
-69.89
-69.65
-69.42
-69.18
-68.96
-68.75
-68.55
-68.36
-68.17
-68.00
-67.83
-67.67
-67.52
-67.37
-67.23
-67.08
-66.95
-66.83
-66.70
-66.58
-66.46
-66.35
-66.23
-66.11
-66.01
-65.90
-65.80
-65.70
-65.60
-65.50
-65.41
-65.31
-65.22
-65.19
-65.20
-65.19
-65.20
-65.20
-65.21
-65.21
-65.21
-65.21
-65.20
-65.21
-65.21
-65.21
-65.20
-65.20
-65.20
-65.19
-65.19
-65.19
-65.19
-65.19
-65.19
-65.19
-65.19
-65.19
-65.19
-65.19
-65.20
-65.20
-65.20
-65.20
-65.19
-65.19
-65.20
-65.19
-65.19
-65.19
-65.19
-65.20
-65.20
-65.20
-65.20
-65.20
-65.20
-65.19
-65.19
-65.20
-65.20
-65.20
-65.19
-65.19
-65.19
-65.19
-65.19
-65.19
-65.20
-65.20
-65.20
-65.20
-65.19
-65.19
-65.19
-65.19
-65.19
-65.19
-65.19
-65.19
-65.19
-65.19
-65.20
-65.21
-65.21
-65.21
-65.21
-65.21
-65.20
-65.20
-65.19
-65.20
-65.21
-65.20
-65.20
-65.20
-65.20
-65.20
-65.20
-65.19
-65.19
-65.19
-65.19
-65.19
-65.19
-65.20
-65.19
-65.19
-65.19
-65.19
-65.20
-65.20
-65.21
-65.20
-65.20
-65.19
-65.19
-65.19
-65.20
-65.20
-65.20
-65.20
-65.20
-65.20
-65.21
-65.21
-65.20
-65.20
-65.20
-65.20
-65.19
-65.19
-65.19
-65.19
-65.19
-65.19
-65.19
-65.19
-65.19
-65.18
-65.18
-65.18
-65.18
-65.18
-65.18
-65.18
-65.18
-65.18
-65.18
-65.18
-65.18
-65.18
-65.18
-65.18
-65.18
-65.18
-65.18
-65.19
-65.18
-65.19
-65.19
-65.18
-65.18
-65.18
-65.18
-65.18
-65.17
-65.18
-65.18
-65.17
-65.17
-65.17
-65.17
-65.17
-65.17
-65.17
-65.18
-65.18
-65.18
-65.17
-65.17
-65.17
-65.17
-65.18
-65.18
-65.18
-65.18
-65.19
-65.19
-65.19
-65.18
-65.18
-65.18
-65.18
-65.19
-65.19
-65.19
-65.19
-65.19
-65.19
-65.19
-65.20
-65.20
-65.20
-65.20
-65.20
-65.20
-65.20
-65.19
-65.19
-65.19
-65.19
-65.19
-65.19
-65.19
-65.18
-65.18
-65.18
-65.19
-65.19
-65.19
-65.19
-65.18
-65.19
-65.19
-65.19
-65.19
-65.19
-65.19
-65.20
-65.20
-65.20
-65.19
-65.20
-65.19
-65.19
-65.19
-65.18
-65.18
-65.19
-65.19
-65.19
-65.19
-65.19
-65.19
-65.19
-65.19
-65.18
-65.19
-65.19
-65.19
-65.19
-65.19
-65.19
-65.19
-65.19
-65.19
-65.18
-65.19
-65.18
-65.18
-65.19
-65.19
-65.20
-65.20
-65.20
-65.20
-65.19
-65.19
-65.20
-65.20
-65.19
-65.20
-65.19
-65.19
-65.19
-65.20
-65.20
-65.20
-65.19
-65.19
-65.19
-65.19
-65.20
-65.20
-65.20
-65.21
-65.21
-65.21
-65.20
-65.19
-65.19
-65.20
-65.20
-65.20
-65.20
-65.20
-65.19
-65.19
-65.19
-65.19
-65.19
-65.19
-65.19
-65.19
-65.19
-65.21
-65.20
-65.20
-65.21
-65.21
-65.21
-65.21
-65.21
-65.21
-65.21
-65.22
-65.21
-65.20
-65.21
-65.21
-65.20
-65.20
-65.21
-65.21
-65.21
-65.21
-65.21
-65.22
-65.21
-65.20
-65.20
-65.20
-65.20
-65.20
-65.20
-65.21
-65.21
-65.21
-65.21
-65.21
-65.21
-65.20
-65.20
-65.20
-65.19
-65.20
-65.20
-65.20
-65.20
-65.20
-65.21
-65.21
-65.21
-65.19
-65.19
-65.20
-65.20
-65.20
-65.20
-65.20
-65.19
-65.20
-65.20
-65.19
-65.19
-65.19
-65.19
-65.20
-65.20
-65.20
-65.20
-65.20
-65.20
-65.19
-65.19
-65.19
-65.19
-65.19
-65.20
-65.20
-65.20
-65.19
-65.19
-65.19
-65.19
-65.19
-65.19
-65.19
-65.20
-65.19
-65.20
-65.20
-65.20
-65.20
-65.20
-65.21
-65.21
-65.21
-65.19
-65.18
-65.19
-65.19
-65.20
-65.20
-65.20
-65.20
-65.20
-65.20
-65.20
-65.20
-65.20
-65.21
-65.22
-65.21
-65.20
-65.20
-65.20
-65.20
-65.19
-65.19
-65.18
-65.19
-65.19
-65.19
-65.19
-65.20
-65.20
-65.20
-65.19
-65.19
-65.19
-65.19
-65.19
-65.19
-65.19
-65.19
-65.19
-65.19
-65.19
-65.19
-65.19
-65.19
-65.19
-65.18
-65.18
-65.18
-65.19
-65.20
-65.19
