Frequency: 1.000000
Sample Rate: 2000000.000000
Vector Length: 1
Notes: 
-379.30
-95.12
-90.81
-89.59
-88.46
-87.61
-86.98
-86.35
-85.88
-85.45
-85.06
-84.71
-84.37
-84.06
-83.78
-83.51
-83.24
-83.00
-82.78
-82.57
-82.37
-82.17
-81.98
-81.80
-81.63
-81.46
-81.30
-81.16
-81.02
-80.87
-80.73
-80.61
-80.47
-80.35
-80.21
-80.09
-79.98
-79.87
-79.76
-79.65
-79.55
-79.44
-79.34
-79.24
-79.15
-79.05
-78.96
-78.87
-78.84
-78.83
-78.83
-78.83
-78.83
-78.83
-78.83
-78.83
-78.84
-78.84
-78.84
-78.84
-78.82
-78.83
-78.83
-78.82
-78.82
-78.83
-78.82
-78.82
-78.82
-78.82
-78.82
-78.82
-78.82
-78.82
-78.82
-78.83
-78.82
-78.82
-78.81
-78.81
-78.81
-78.81
-78.82
-78.82
-78.82
-78.81
-78.81
-78.79
-78.79
-78.79
-78.79
-78.79
-78.79
-78.80
-78.79
-78.79
-78.79
-78.80
-78.80
-78.80
-78.80
-78.81
-78.81
-78.81
-78.81
-78.81
-78.81
-78.81
-78.81
-78.83
-78.83
-78.83
-78.83
-78.81
-78.81
-78.81
-78.82
-78.82
-78.83
-78.83
-78.83
-78.83
-78.82
-78.82
-78.82
-78.82
-78.82
-78.82
-78.82
-78.82
-78.82
-78.82
-78.82
-78.82
-78.82
-78.83
-78.83
-78.84
-78.84
-78.82
-78.82
-78.82
-78.82
-78.82
-78.82
-78.82
-78.82
-78.81
-78.81
-78.81
-78.81
-78.82
-78.81
-78.82
-78.81
-78.81
-78.81
-78.81
-78.81
-78.81
-78.81
-78.83
-78.83
-78.83
-78.83
-78.83
-78.82
-78.82
-78.81
-78.81
-78.81
-78.80
-78.80
-78.81
-78.80
-78.80
-78.81
-78.81
-78.81
-78.81
-78.81
-78.81
-78.81
-78.82
-78.81
-78.81
-78.81
-78.81
-78.83
-78.83
-78.83
-78.83
-78.82
-78.82
-78.82
-78.82
-78.82
-78.81
-78.81
-78.81
-78.81
-78.80
-78.81
-78.81
-78.81
-78.80
-78.81
-78.81
-78.81
-78.81
-78.81
-78.80
-78.80
-78.80
-78.80
-78.81
-78.81
-78.81
-78.81
-78.80
-78.80
-78.80
-78.80
-78.80
-78.80
-78.79
-78.79
-78.79
-78.79
-78.79
-78.79
-78.79
-78.79
-78.79
-78.79
-78.80
-78.80
-78.79
-78.79
-78.79
-78.79
-78.80
-78.81
-78.81
-78.81
-78.80
-78.80
-78.80
-78.80
-78.80
-78.80
-78.80
-78.79
-78.79
-78.79
-78.79
-78.79
-78.79
-78.79
-78.79
-78.79
-78.79
-78.79
-78.79
-78.79
-78.79
-78.79
-78.79
-78.81
-78.81
-78.80
-78.80
-78.79
-78.80
-78.80
-78.80
-78.80
-78.80
-78.80
-78.80
-78.80
-78.79
-78.79
-78.79
-78.79
-78.79
-78.79
-78.79
-78.79
-78.79
-78.80
-78.79
-78.79
-78.79
-78.80
-78.80
-78.80
-78.80
-78.80
-78.79
-78.79
-78.80
-78.79
-78.80
-78.80
-78.80
-78.79
-78.80
-78.80
-78.80
-78.80
-78.81
-78.81
-78.82
-78.82
-78.82
-78.82
-78.82
-78.82
-78.82
-78.82
-78.83
-78.83
-78.82
-78.83
-78.81
-78.81
-78.81
-78.82
-78.81
-78.82
-78.82
-78.82
-78.82
-78.82
-78.81
-78.82
-78.81
-78.81
-78.80
-78.80
-78.80
-78.81
-78.81
-78.81
-78.81
-78.80
-78.80
-78.82
-78.82
-78.82
-78.82
-78.81
-78.80
-78.81
-78.81
-78.81
-78.81
-78.81
-78.81
-78.81
-78.81
-78.80
-78.79
-78.79
-78.79
-78.80
-78.79
-78.80
-78.80
-78.80
-78.80
-78.81
-78.80
-78.81
-78.82
-78.82
-78.82
-78.82
-78.80
-78.81
-78.81
-78.81
-78.81
-78.81
-78.81
-78.81
-78.81
-78.81
-78.81
-78.81
-78.81
-78.81
-78.80
-78.80
-78.81
-78.81
-78.81
-78.81
-78.81
-78.81
-78.83
-78.83
-78.82
-78.83
-78.81
-78.80
-78.80
-78.80
-78.80
-78.80
-78.80
-78.80
-78.80
-78.81
-78.80
-78.81
-78.80
-78.80
-78.80
-78.80
-78.80
-78.80
-78.80
-78.80
-78.80
-78.80
-78.81
-78.81
-78.80
-78.80
-78.81
-78.79
-78.79
-78.79
-78.79
-78.80
-78.80
-78.80
-78.80
-78.80
-78.80
-78.80
-78.80
-78.80
-78.80
-78.80
-78.80
-78.80
-78.80
-78.80
-78.80
-78.80
-78.80
-78.81
-78.82
-78.82
-78.82
-78.82
-78.81
-78.81
-78.81
-78.81
-78.81
-78.81
-78.81
-78.81
-78.81
-78.81
-78.81
-78.81
-78.81
-78.80
-78.80
-78.80
-78.80
-78.80
-78.81
-78.81
-78.80
-78.80
-78.82
-78.82
-78.81
-78.81
-78.81
-78.79
-78.79
