Frequency: 1.000000
Sample Rate: 2000000.000000
Vector Length: 1
Notes: 
-379.30
-85.74
-79.54
-75.99
-74.87
-74.09
-73.45
-72.91
-72.43
-71.96
-71.57
-71.20
-70.86
-70.53
-70.25
-69.98
-69.72
-69.48
-69.25
-69.04
-68.83
-68.63
-68.44
-68.27
-68.10
-67.92
-67.75
-67.59
-67.44
-67.29
-67.15
-67.02
-66.89
-66.75
-66.62
-66.51
-66.40
-66.29
-66.17
-66.06
-65.95
-65.84
-65.74
-65.64
-65.54
-65.45
-65.36
-65.28
-65.24
-65.21
-65.21
-65.21
-65.22
-65.22
-65.22
-65.22
-65.22
-65.22
-65.22
-65.22
-65.22
-65.22
-65.23
-65.23
-65.22
-65.22
-65.22
-65.21
-65.21
-65.21
-65.21
-65.20
-65.20
-65.20
-65.20
-65.20
-65.21
-65.21
-65.21
-65.22
-65.22
-65.22
-65.22
-65.22
-65.21
-65.21
-65.21
-65.21
-65.21
-65.21
-65.21
-65.21
-65.21
-65.21
-65.21
-65.20
-65.19
-65.19
-65.20
-65.20
-65.21
-65.20
-65.20
-65.20
-65.20
-65.20
-65.20
-65.20
-65.20
-65.20
-65.18
-65.18
-65.19
-65.19
-65.19
-65.20
-65.20
-65.19
-65.19
-65.19
-65.19
-65.20
-65.20
-65.20
-65.20
-65.20
-65.20
-65.19
-65.19
-65.19
-65.18
-65.19
-65.19
-65.19
-65.19
-65.19
-65.19
-65.20
-65.20
-65.20
-65.19
-65.19
-65.20
-65.21
-65.21
-65.21
-65.20
-65.20
-65.20
-65.21
-65.21
-65.21
-65.21
-65.21
-65.21
-65.21
-65.22
-65.22
-65.21
-65.21
-65.22
-65.23
-65.22
-65.22
-65.22
-65.22
-65.22
-65.22
-65.22
-65.22
-65.22
-65.21
-65.21
-65.21
-65.21
-65.21
-65.22
-65.22
-65.22
-65.22
-65.22
-65.22
-65.22
-65.22
-65.23
-65.23
-65.22
-65.22
-65.22
-65.22
-65.22
-65.21
-65.21
-65.20
-65.21
-65.21
-65.20
-65.20
-65.21
-65.21
-65.20
-65.20
-65.20
-65.20
-65.20
-65.20
-65.21
-65.21
-65.21
-65.21
-65.20
-65.20
-65.21
-65.21
-65.21
-65.21
-65.20
-65.20
-65.20
-65.20
-65.20
-65.20
-65.20
-65.20
-65.20
-65.19
-65.20
-65.20
-65.20
-65.20
-65.20
-65.20
-65.20
-65.19
-65.18
-65.19
-65.20
-65.20
-65.20
-65.21
-65.21
-65.21
-65.21
-65.21
-65.21
-65.21
-65.21
-65.20
-65.19
-65.20
-65.20
-65.20
-65.19
-65.20
-65.20
-65.20
-65.19
-65.19
-65.19
-65.19
-65.19
-65.19
-65.19
-65.19
-65.20
-65.21
-65.21
-65.21
-65.21
-65.21
-65.21
-65.21
-65.21
-65.22
-65.21
-65.21
-65.21
-65.21
-65.21
-65.21
-65.21
-65.21
-65.22
-65.21
-65.20
-65.19
-65.20
-65.20
-65.20
-65.20
-65.20
-65.20
-65.20
-65.21
-65.21
-65.21
-65.22
-65.22
-65.22
-65.21
-65.21
-65.22
-65.22
-65.22
-65.22
-65.22
-65.23
-65.23
-65.22
-65.21
-65.22
-65.22
-65.22
-65.21
-65.21
-65.21
-65.21
-65.21
-65.20
-65.21
-65.21
-65.21
-65.22
-65.22
-65.22
-65.21
-65.21
-65.22
-65.22
-65.21
-65.21
-65.21
-65.22
-65.22
-65.22
-65.21
-65.21
-65.21
-65.20
-65.21
-65.21
-65.21
-65.20
-65.20
-65.20
-65.20
-65.20
-65.20
-65.20
-65.20
-65.19
-65.19
-65.20
-65.21
-65.20
-65.19
-65.19
-65.19
-65.20
-65.20
-65.20
-65.20
-65.21
-65.21
-65.21
-65.21
-65.21
-65.20
-65.20
-65.20
-65.20
-65.20
-65.20
-65.20
-65.20
-65.20
-65.20
-65.20
-65.21
-65.21
-65.21
-65.21
-65.21
-65.21
-65.22
-65.22
-65.22
-65.21
-65.21
-65.21
-65.21
-65.22
-65.22
-65.22
-65.21
-65.21
-65.22
-65.22
-65.22
-65.22
-65.22
-65.22
-65.22
-65.22
-65.22
-65.23
-65.23
-65.22
-65.22
-65.22
-65.21
-65.20
-65.20
-65.20
-65.21
-65.21
-65.20
-65.20
-65.21
-65.21
-65.22
-65.21
-65.21
-65.21
-65.21
-65.21
-65.21
-65.20
-65.20
-65.21
-65.21
-65.22
-65.22
-65.22
-65.22
-65.22
-65.22
-65.22
-65.22
-65.21
-65.21
-65.22
-65.22
-65.22
-65.22
-65.23
-65.22
-65.21
-65.21
-65.21
-65.21
-65.21
-65.21
-65.21
-65.21
-65.21
-65.21
-65.21
-65.22
-65.23
-65.23
-65.23
-65.22
-65.22
-65.22
-65.22
-65.22
-65.21
-65.20
-65.20
-65.21
-65.21
-65.21
-65.21
-65.21
-65.22
-65.22
-65.21
-65.21
-65.20
-65.20
-65.19
-65.20
