Frequency: 1.000000
Sample Rate: 2000000.000000
Vector Length: 1
Notes: 
-379.30
-96.07
-91.05
-89.14
-88.31
-87.59
-86.97
-86.45
-86.06
-85.61
-85.08
-84.66
-84.27
-83.98
-83.70
-83.45
-83.20
-82.96
-82.73
-82.53
-82.33
-82.14
-81.95
-81.78
-81.60
-81.44
-81.28
-81.13
-80.99
-80.85
-80.71
-80.58
-80.45
-80.33
-80.20
-80.08
-79.96
-79.85
-79.74
-79.63
-79.53
-79.42
-79.32
-79.23
-79.13
-79.04
-78.94
-78.86
-78.87
-78.87
-78.87
-78.88
-78.88
-78.88
-78.89
-78.88
-78.88
-78.89
-78.89
-78.88
-78.89
-78.88
-78.89
-78.88
-78.88
-78.88
-78.89
-78.89
-78.89
-78.89
-78.88
-78.88
-78.89
-78.89
-78.89
-78.89
-78.89
-78.89
-78.88
-78.89
-78.89
-78.89
-78.89
-78.89
-78.90
-78.90
-78.89
-78.90
-78.89
-78.90
-78.90
-78.90
-78.90
-78.90
-78.91
-78.91
-78.91
-78.90
-78.90
-78.90
-78.90
-78.90
-78.89
-78.89
-78.90
-78.89
-78.89
-78.89
-78.89
-78.89
-78.89
-78.89
-78.89
-78.90
-78.89
-78.90
-78.90
-78.90
-78.90
-78.90
-78.89
-78.89
-78.89
-78.90
-78.90
-78.89
-78.89
-78.89
-78.89
-78.89
-78.88
-78.88
-78.89
-78.89
-78.89
-78.89
-78.89
-78.88
-78.88
-78.88
-78.88
-78.88
-78.88
-78.88
-78.88
-78.88
-78.88
-78.88
-78.88
-78.88
-78.88
-78.88
-78.88
-78.88
-78.88
-78.88
-78.88
-78.89
-78.89
-78.88
-78.88
-78.88
-78.88
-78.88
-78.88
-78.87
-78.87
-78.87
-78.88
-78.87
-78.87
-78.87
-78.87
-78.87
-78.87
-78.87
-78.86
-78.87
-78.87
-78.87
-78.87
-78.87
-78.87
-78.87
-78.87
-78.87
-78.87
-78.87
-78.88
-78.88
-78.88
-78.87
-78.88
-78.87
-78.87
-78.87
-78.88
-78.88
-78.88
-78.88
-78.88
-78.88
-78.88
-78.88
-78.88
-78.88
-78.88
-78.87
-78.88
-78.88
-78.87
-78.87
-78.87
-78.87
-78.87
-78.87
-78.87
-78.87
-78.88
-78.89
-78.88
-78.89
-78.89
-78.89
-78.89
-78.90
-78.89
-78.89
-78.89
-78.89
-78.89
-78.89
-78.89
-78.89
-78.89
-78.89
-78.89
-78.89
-78.89
-78.89
-78.89
-78.88
-78.89
-78.89
-78.89
-78.89
-78.88
-78.88
-78.88
-78.88
-78.88
-78.88
-78.88
-78.88
-78.88
-78.88
-78.88
-78.88
-78.88
-78.88
-78.88
-78.87
-78.88
-78.88
-78.88
-78.88
-78.88
-78.87
-78.87
-78.87
-78.87
-78.86
-78.86
-78.86
-78.86
-78.86
-78.85
-78.86
-78.85
-78.85
-78.85
-78.85
-78.84
-78.84
-78.84
-78.84
-78.84
-78.84
-78.85
-78.85
-78.85
-78.84
-78.84
-78.84
-78.85
-78.84
-78.85
-78.85
-78.85
-78.85
-78.85
-78.85
-78.85
-78.85
-78.85
-78.85
-78.86
-78.85
-78.86
-78.87
-78.87
-78.88
-78.88
-78.88
-78.88
-78.88
-78.88
-78.88
-78.88
-78.88
-78.88
-78.88
-78.88
-78.88
-78.89
-78.89
-78.89
-78.89
-78.89
-78.89
-78.89
-78.89
-78.89
-78.89
-78.89
-78.89
-78.89
-78.90
-78.90
-78.90
-78.90
-78.90
-78.90
-78.90
-78.90
-78.90
-78.90
-78.89
-78.89
-78.89
-78.89
-78.89
-78.89
-78.90
-78.89
-78.90
-78.89
-78.89
-78.89
-78.89
-78.89
-78.89
-78.88
-78.88
-78.89
-78.89
-78.89
-78.88
-78.89
-78.89
-78.89
-78.89
-78.89
-78.89
-78.89
-78.90
-78.90
-78.90
-78.90
-78.90
-78.90
-78.90
-78.90
-78.90
-78.91
-78.90
-78.90
-78.90
-78.90
-78.91
-78.90
-78.90
-78.91
-78.91
-78.91
-78.91
-78.91
-78.91
-78.91
-78.91
-78.91
-78.91
-78.90
-78.90
-78.90
-78.90
-78.90
-78.90
-78.90
-78.90
-78.90
-78.90
-78.90
-78.90
-78.90
-78.89
-78.90
-78.90
-78.90
-78.90
-78.90
-78.90
-78.89
-78.90
-78.89
-78.89
-78.89
-78.89
-78.88
-78.88
-78.88
-78.88
-78.88
-78.88
-78.87
-78.88
-78.87
-78.87
-78.86
-78.87
-78.87
-78.87
-78.86
-78.87
-78.87
-78.87
-78.87
-78.88
-78.88
-78.88
-78.88
-78.88
-78.88
-78.88
-78.88
-78.88
-78.88
-78.88
-78.88
-78.88
-78.88
-78.88
-78.87
-78.88
-78.88
-78.88
-78.87
-78.87
-78.87
-78.87
-78.87
-78.87
-78.87
-78.88
-78.87
-78.88
-78.88
-78.88
-78.88
-78.88
-78.88
-78.88
-78.89
-78.89
-78.89
-78.89
