Frequency: 1.000000
Sample Rate: 2000000.000000
Vector Length: 1
Notes: 
-379.30
-80.40
-76.77
-75.44
-74.59
-73.90
-73.28
-72.73
-72.26
-71.82
-71.42
-71.07
-70.75
-70.42
-70.14
-69.86
-69.60
-69.35
-69.12
-68.90
-68.69
-68.50
-68.32
-68.14
-67.96
-67.79
-67.63
-67.48
-67.33
-67.19
-67.05
-66.93
-66.80
-66.68
-66.55
-66.42
-66.30
-66.18
-66.07
-65.96
-65.86
-65.76
-65.66
-65.56
-65.46
-65.37
-65.28
-65.19
-65.14
-65.14
-65.15
-65.15
-65.15
-65.14
-65.14
-65.14
-65.14
-65.14
-65.15
-65.15
-65.15
-65.14
-65.14
-65.14
-65.15
-65.15
-65.16
-65.16
-65.16
-65.16
-65.15
-65.14
-65.14
-65.15
-65.15
-65.15
-65.15
-65.15
-65.14
-65.13
-65.13
-65.12
-65.14
-65.14
-65.15
-65.15
-65.15
-65.15
-65.14
-65.14
-65.15
-65.15
-65.15
-65.15
-65.14
-65.14
-65.15
-65.15
-65.15
-65.16
-65.15
-65.16
-65.16
-65.16
-65.15
-65.16
-65.15
-65.15
-65.15
-65.15
-65.15
-65.16
-65.15
-65.15
-65.16
-65.16
-65.16
-65.16
-65.17
-65.17
-65.18
-65.17
-65.17
-65.17
-65.17
-65.17
-65.17
-65.18
-65.17
-65.17
-65.16
-65.16
-65.16
-65.16
-65.16
-65.15
-65.15
-65.16
-65.16
-65.16
-65.16
-65.16
-65.16
-65.16
-65.17
-65.17
-65.17
-65.16
-65.17
-65.17
-65.17
-65.17
-65.17
-65.17
-65.17
-65.17
-65.17
-65.17
-65.17
-65.17
-65.17
-65.17
-65.16
-65.16
-65.16
-65.15
-65.15
-65.15
-65.15
-65.15
-65.15
-65.16
-65.16
-65.16
-65.16
-65.16
-65.17
-65.17
-65.16
-65.16
-65.17
-65.17
-65.17
-65.18
-65.18
-65.17
-65.17
-65.16
-65.16
-65.15
-65.15
-65.16
-65.15
-65.15
-65.16
-65.15
-65.15
-65.15
-65.15
-65.15
-65.15
-65.16
-65.15
-65.14
-65.14
-65.15
-65.15
-65.16
-65.15
-65.15
-65.15
-65.15
-65.15
-65.16
-65.17
-65.17
-65.16
-65.16
-65.16
-65.16
-65.17
-65.16
-65.16
-65.16
-65.16
-65.15
-65.15
-65.15
-65.14
-65.15
-65.14
-65.14
-65.14
-65.14
-65.14
-65.14
-65.14
-65.15
-65.15
-65.15
-65.14
-65.14
-65.14
-65.14
-65.14
-65.14
-65.15
-65.16
-65.16
-65.15
-65.15
-65.15
-65.15
-65.15
-65.15
-65.15
-65.15
-65.14
-65.14
-65.14
-65.15
-65.15
-65.15
-65.15
-65.15
-65.14
-65.15
-65.14
-65.14
-65.13
-65.14
-65.14
-65.14
-65.14
-65.15
-65.15
-65.15
-65.15
-65.15
-65.15
-65.15
-65.14
-65.15
-65.16
-65.15
-65.15
-65.15
-65.15
-65.15
-65.15
-65.15
-65.15
-65.16
-65.15
-65.15
-65.15
-65.14
-65.15
-65.15
-65.16
-65.16
-65.15
-65.15
-65.15
-65.15
-65.16
-65.16
-65.16
-65.17
-65.16
-65.16
-65.15
-65.14
-65.15
-65.16
-65.16
-65.16
-65.16
-65.16
-65.16
-65.15
-65.15
-65.16
-65.15
-65.16
-65.17
-65.16
-65.16
-65.16
-65.17
-65.17
-65.17
-65.16
-65.16
-65.16
-65.16
-65.16
-65.16
-65.17
-65.17
-65.16
-65.16
-65.17
-65.17
-65.17
-65.16
-65.16
-65.15
-65.14
-65.15
-65.15
-65.15
-65.15
-65.15
-65.15
-65.15
-65.14
-65.14
-65.14
-65.15
-65.15
-65.15
-65.15
-65.15
-65.15
-65.15
-65.14
-65.14
-65.15
-65.15
-65.15
-65.14
-65.15
-65.15
-65.14
-65.14
-65.15
-65.16
-65.15
-65.15
-65.15
-65.15
-65.15
-65.15
-65.15
-65.16
-65.15
-65.15
-65.15
-65.15
-65.15
-65.15
-65.15
-65.15
-65.15
-65.16
-65.16
-65.16
-65.16
-65.16
-65.16
-65.15
-65.15
-65.14
-65.14
-65.15
-65.16
-65.16
-65.16
-65.16
-65.16
-65.17
-65.16
-65.16
-65.16
-65.16
-65.16
-65.16
-65.16
-65.16
-65.16
-65.16
-65.15
-65.15
-65.16
-65.15
-65.15
-65.15
-65.15
-65.14
-65.14
-65.15
-65.15
-65.14
-65.15
-65.15
-65.15
-65.15
-65.15
-65.15
-65.14
-65.14
-65.15
-65.15
-65.14
-65.14
-65.14
-65.14
-65.15
-65.15
-65.15
-65.15
-65.15
-65.15
-65.15
-65.15
-65.15
-65.14
-65.14
-65.14
-65.13
-65.13
-65.13
-65.14
-65.14
-65.14
-65.14
-65.13
-65.14
-65.14
-65.15
-65.15
-65.14
-65.14
-65.14
-65.14
-65.14
-65.14
-65.14
-65.15
-65.15
-65.15
-65.14
-65.15
