Frequency: 1.000000
Sample Rate: 2000000.000000
Vector Length: 1
Notes: 
-379.30
-81.66
-78.95
-77.15
-75.95
-75.03
-74.26
-73.59
-73.03
-72.50
-72.03
-71.64
-71.26
-70.91
-70.51
-70.22
-69.96
-69.70
-69.45
-69.23
-68.97
-68.76
-68.56
-68.36
-68.18
-68.01
-67.86
-67.66
-67.51
-67.37
-67.23
-67.08
-66.94
-66.81
-66.69
-66.56
-66.45
-66.33
-66.22
-66.11
-66.00
-65.89
-65.78
-65.68
-65.59
-65.47
-65.38
-65.29
-65.21
-65.21
-65.21
-65.21
-65.20
-65.20
-65.20
-65.21
-65.20
-65.20
-65.20
-65.20
-65.20
-65.20
-65.21
-65.21
-65.20
-65.21
-65.21
-65.21
-65.21
-65.21
-65.21
-65.22
-65.22
-65.22
-65.21
-65.21
-65.21
-65.21
-65.21
-65.21
-65.22
-65.22
-65.21
-65.21
-65.21
-65.21
-65.21
-65.21
-65.21
-65.21
-65.22
-65.23
-65.23
-65.23
-65.23
-65.22
-65.21
-65.21
-65.21
-65.21
-65.22
-65.22
-65.22
-65.21
-65.21
-65.22
-65.23
-65.23
-65.23
-65.23
-65.23
-65.23
-65.22
-65.22
-65.22
-65.23
-65.23
-65.23
-65.23
-65.22
-65.22
-65.23
-65.22
-65.22
-65.21
-65.21
-65.22
-65.21
-65.21
-65.21
-65.22
-65.22
-65.22
-65.23
-65.22
-65.22
-65.23
-65.22
-65.22
-65.22
-65.22
-65.21
-65.22
-65.22
-65.23
-65.22
-65.22
-65.22
-65.22
-65.22
-65.22
-65.22
-65.22
-65.21
-65.21
-65.20
-65.21
-65.21
-65.20
-65.20
-65.21
-65.22
-65.22
-65.21
-65.20
-65.20
-65.20
-65.21
-65.21
-65.21
-65.20
-65.20
-65.21
-65.20
-65.20
-65.20
-65.21
-65.22
-65.21
-65.20
-65.19
-65.19
-65.20
-65.20
-65.19
-65.19
-65.19
-65.19
-65.18
-65.18
-65.18
-65.18
-65.19
-65.19
-65.19
-65.19
-65.19
-65.19
-65.18
-65.18
-65.18
-65.19
-65.19
-65.19
-65.19
-65.19
-65.19
-65.19
-65.19
-65.19
-65.19
-65.19
-65.19
-65.19
-65.19
-65.18
-65.19
-65.19
-65.18
-65.19
-65.19
-65.19
-65.19
-65.19
-65.20
-65.19
-65.19
-65.20
-65.20
-65.20
-65.20
-65.20
-65.20
-65.21
-65.21
-65.21
-65.21
-65.21
-65.22
-65.21
-65.22
-65.21
-65.21
-65.21
-65.21
-65.21
-65.22
-65.23
-65.23
-65.22
-65.22
-65.22
-65.22
-65.22
-65.22
-65.22
-65.22
-65.22
-65.22
-65.22
-65.22
-65.22
-65.22
-65.22
-65.22
-65.21
-65.22
-65.22
-65.22
-65.23
-65.23
-65.22
-65.22
-65.21
-65.21
-65.21
-65.21
-65.21
-65.22
-65.22
-65.23
-65.23
-65.22
-65.22
-65.22
-65.22
-65.22
-65.22
-65.20
-65.20
-65.21
-65.21
-65.21
-65.21
-65.21
-65.21
-65.21
-65.21
-65.21
-65.21
-65.21
-65.21
-65.22
-65.22
-65.22
-65.21
-65.21
-65.20
-65.20
-65.20
-65.21
-65.21
-65.21
-65.21
-65.22
-65.21
-65.22
-65.21
-65.21
-65.21
-65.22
-65.22
-65.22
-65.22
-65.22
-65.21
-65.21
-65.21
-65.21
-65.21
-65.20
-65.21
-65.21
-65.20
-65.20
-65.21
-65.22
-65.22
-65.21
-65.21
-65.21
-65.21
-65.21
-65.20
-65.21
-65.20
-65.21
-65.21
-65.21
-65.21
-65.21
-65.21
-65.21
-65.21
-65.21
-65.21
-65.21
-65.21
-65.22
-65.22
-65.22
-65.22
-65.21
-65.20
-65.21
-65.21
-65.20
-65.20
-65.20
-65.20
-65.19
-65.19
-65.20
-65.20
-65.20
-65.21
-65.21
-65.20
-65.20
-65.20
-65.20
-65.20
-65.20
-65.20
-65.20
-65.20
-65.20
-65.21
-65.21
-65.21
-65.22
-65.21
-65.21
-65.21
-65.21
-65.21
-65.22
-65.22
-65.22
-65.22
-65.21
-65.22
-65.22
-65.22
-65.22
-65.22
-65.22
-65.21
-65.21
-65.21
-65.21
-65.21
-65.21
-65.21
-65.21
-65.21
-65.21
-65.22
-65.22
-65.23
-65.23
-65.23
-65.23
-65.22
-65.22
-65.23
-65.22
-65.22
-65.22
-65.22
-65.22
-65.23
-65.23
-65.22
-65.22
-65.22
-65.21
-65.21
-65.22
-65.22
-65.22
-65.22
-65.23
-65.22
-65.21
-65.22
-65.21
-65.20
-65.21
-65.21
-65.21
-65.20
-65.20
-65.20
-65.20
-65.20
-65.21
-65.22
-65.22
-65.22
-65.22
-65.21
-65.21
-65.22
-65.22
-65.22
-65.22
-65.21
-65.22
-65.21
-65.20
-65.20
-65.20
-65.20
-65.20
-65.20
-65.20
-65.20
-65.20
-65.20
-65.20
-65.20
-65.19
-65.19
