Frequency: 1.000000
Sample Rate: 2000000.000000
Vector Length: 1
Notes: 
-379.30
-94.70
-90.49
-89.18
-88.35
-87.65
-87.03
-86.51
-86.04
-85.60
-85.20
-84.86
-84.54
-84.24
-83.95
-83.68
-83.43
-83.18
-82.95
-82.72
-82.53
-82.33
-82.14
-81.96
-81.79
-81.62
-81.46
-81.30
-81.16
-81.01
-80.88
-80.74
-80.62
-80.49
-80.36
-80.24
-80.13
-80.02
-79.90
-79.80
-79.69
-79.59
-79.49
-79.39
-79.29
-79.20
-79.10
-79.01
-78.99
-78.99
-78.99
-78.99
-78.99
-78.99
-79.00
-79.00
-78.99
-78.99
-78.99
-78.99
-78.98
-78.98
-78.98
-78.98
-78.98
-78.99
-78.99
-78.99
-78.99
-78.99
-78.99
-78.99
-78.99
-78.99
-78.99
-78.99
-79.00
-79.00
-79.00
-79.00
-79.01
-79.00
-79.00
-79.01
-79.01
-79.00
-79.01
-79.01
-79.01
-79.01
-79.01
-79.02
-79.02
-79.02
-79.02
-79.02
-79.02
-79.02
-79.02
-79.02
-79.01
-79.01
-79.01
-79.01
-79.02
-79.02
-79.02
-79.03
-79.04
-79.04
-79.03
-79.03
-79.03
-79.03
-79.03
-79.04
-79.04
-79.04
-79.03
-79.03
-79.03
-79.03
-79.04
-79.04
-79.03
-79.03
-79.03
-79.03
-79.02
-79.02
-79.02
-79.02
-79.02
-79.02
-79.02
-79.02
-79.02
-79.02
-79.02
-79.02
-79.03
-79.03
-79.03
-79.03
-79.03
-79.03
-79.03
-79.03
-79.03
-79.03
-79.03
-79.03
-79.03
-79.04
-79.03
-79.03
-79.03
-79.03
-79.04
-79.03
-79.03
-79.03
-79.03
-79.03
-79.03
-79.02
-79.02
-79.03
-79.02
-79.02
-79.02
-79.02
-79.02
-79.02
-79.02
-79.01
-79.02
-79.02
-79.03
-79.02
-79.02
-79.02
-79.02
-79.02
-79.02
-79.01
-79.00
-79.00
-79.00
-78.99
-78.99
-78.99
-78.99
-78.99
-78.98
-78.99
-78.99
-78.99
-78.99
-78.99
-78.99
-78.98
-78.98
-78.99
-78.98
-78.98
-78.98
-78.98
-78.98
-78.98
-78.98
-78.98
-78.98
-78.98
-78.98
-78.98
-78.99
-78.99
-79.00
-79.00
-79.00
-78.99
-79.00
-79.00
-78.99
-78.99
-78.99
-78.99
-79.00
-79.00
-79.00
-79.00
-79.00
-79.00
-79.01
-79.01
-79.01
-79.02
-79.01
-79.01
-79.01
-79.01
-79.00
-79.01
-79.01
-79.01
-79.01
-79.00
-79.00
-79.00
-79.00
-79.00
-79.00
-79.00
-79.01
-79.01
-79.00
-79.01
-79.00
-79.00
-79.00
-79.00
-79.00
-79.00
-79.01
-79.00
-79.00
-79.00
-79.00
-78.99
-79.00
-79.00
-79.00
-79.00
-79.00
-79.00
-79.00
-79.00
-79.00
-79.00
-79.00
-79.00
-79.00
-79.00
-79.01
-79.01
-79.01
-79.02
-79.02
-79.02
-79.02
-79.02
-79.02
-79.02
-79.03
-79.03
-79.03
-79.03
-79.03
-79.02
-79.02
-79.02
-79.02
-79.02
-79.01
-79.02
-79.02
-79.02
-79.02
-79.03
-79.03
-79.03
-79.03
-79.03
-79.03
-79.03
-79.03
-79.03
-79.04
-79.03
-79.03
-79.03
-79.03
-79.03
-79.03
-79.03
-79.03
-79.03
-79.02
-79.03
-79.02
-79.02
-79.02
-79.02
-79.02
-79.02
-79.01
-79.01
-79.01
-79.01
-79.01
-79.02
-79.01
-79.01
-79.00
-79.01
-79.01
-79.01
-79.01
-79.02
-79.02
-79.01
-79.02
-79.02
-79.02
-79.02
-79.02
-79.02
-79.02
-79.01
-79.01
-79.00
-79.01
-79.01
-79.01
-79.01
-79.01
-79.01
-79.01
-79.01
-79.01
-79.01
-79.01
-79.01
-79.01
-79.01
-79.01
-79.01
-79.01
-79.01
-79.01
-79.01
-79.01
-79.00
-79.00
-79.00
-79.00
-79.01
-79.01
-79.01
-79.01
-79.01
-79.01
-79.01
-79.01
-79.01
-79.00
-79.00
-79.00
-79.00
-79.00
-79.00
-79.00
-79.00
-79.00
-79.00
-78.99
-79.00
-79.00
-79.00
-79.00
-79.00
-78.99
-78.99
-78.99
-78.99
-79.00
-79.00
-79.00
-79.00
-79.00
-79.00
-79.00
-79.00
-79.00
-79.00
-78.99
-78.99
-78.99
-78.99
-78.99
-79.00
-79.00
-79.00
-79.00
-79.00
-78.99
-78.99
-78.99
-78.99
-79.00
-79.00
-79.00
-79.00
-79.01
-79.01
-79.01
-79.01
-79.00
-79.00
-79.00
-79.00
-79.00
-79.00
-79.00
-79.00
-79.00
-79.00
-79.00
-79.00
-79.01
-79.01
-79.01
-79.01
-79.01
-79.00
-79.00
-79.00
-79.00
-79.00
-79.01
-79.01
-79.00
-79.01
-79.00
-79.01
-79.01
-79.00
-79.01
-79.00
-79.01
-79.01
-79.01
-79.01
-79.01
-79.01
