Frequency: 1.000000
Sample Rate: 2000000.000000
Vector Length: 1
Notes: 
-379.30
-82.39
-77.34
-75.23
-74.36
-73.64
-72.99
-72.42
-71.97
-71.53
-71.15
-70.80
-70.49
-70.18
-69.92
-69.65
-69.41
-69.15
-68.94
-68.73
-68.54
-68.33
-68.14
-67.97
-67.80
-67.62
-67.47
-67.32
-67.17
-67.03
-66.90
-66.77
-66.64
-66.48
-66.34
-66.23
-66.11
-66.00
-65.90
-65.80
-65.69
-65.58
-65.49
-65.37
-65.25
-65.17
-65.08
-65.08
-65.07
-65.07
-65.07
-65.07
-65.07
-65.07
-65.06
-65.06
-65.06
-65.06
-65.07
-65.07
-65.07
-65.06
-65.07
-65.07
-65.07
-65.07
-65.06
-65.06
-65.06
-65.07
-65.07
-65.07
-65.07
-65.08
-65.08
-65.08
-65.07
-65.07
-65.07
-65.08
-65.08
-65.08
-65.07
-65.06
-65.06
-65.05
-65.05
-65.06
-65.06
-65.06
-65.06
-65.06
-65.06
-65.06
-65.06
-65.06
-65.07
-65.07
-65.07
-65.07
-65.08
-65.06
-65.07
-65.06
-65.07
-65.07
-65.06
-65.06
-65.07
-65.07
-65.07
-65.07
-65.08
-65.08
-65.09
-65.08
-65.08
-65.08
-65.08
-65.08
-65.08
-65.07
-65.07
-65.07
-65.08
-65.09
-65.09
-65.08
-65.08
-65.09
-65.10
-65.09
-65.10
-65.10
-65.10
-65.09
-65.09
-65.09
-65.08
-65.08
-65.09
-65.09
-65.09
-65.08
-65.08
-65.08
-65.08
-65.08
-65.09
-65.09
-65.09
-65.09
-65.09
-65.09
-65.09
-65.09
-65.10
-65.10
-65.09
-65.08
-65.08
-65.08
-65.08
-65.07
-65.08
-65.08
-65.09
-65.07
-65.08
-65.08
-65.08
-65.07
-65.07
-65.07
-65.07
-65.07
-65.07
-65.07
-65.07
-65.06
-65.07
-65.07
-65.07
-65.06
-65.07
-65.08
-65.07
-65.07
-65.08
-65.08
-65.07
-65.07
-65.08
-65.08
-65.08
-65.07
-65.07
-65.07
-65.07
-65.06
-65.07
-65.07
-65.06
-65.06
-65.06
-65.06
-65.07
-65.07
-65.07
-65.07
-65.06
-65.06
-65.07
-65.06
-65.06
-65.06
-65.06
-65.06
-65.07
-65.06
-65.06
-65.07
-65.06
-65.06
-65.06
-65.06
-65.06
-65.06
-65.06
-65.05
-65.06
-65.06
-65.06
-65.06
-65.07
-65.07
-65.07
-65.07
-65.07
-65.06
-65.06
-65.07
-65.06
-65.06
-65.07
-65.07
-65.07
-65.07
-65.07
-65.07
-65.07
-65.07
-65.07
-65.07
-65.07
-65.07
-65.07
-65.08
-65.08
-65.07
-65.07
-65.07
-65.07
-65.07
-65.08
-65.07
-65.08
-65.08
-65.08
-65.08
-65.08
-65.07
-65.07
-65.08
-65.08
-65.08
-65.09
-65.09
-65.09
-65.09
-65.09
-65.09
-65.09
-65.08
-65.08
-65.09
-65.09
-65.08
-65.09
-65.09
-65.08
-65.08
-65.08
-65.09
-65.09
-65.08
-65.08
-65.08
-65.08
-65.07
-65.08
-65.07
-65.08
-65.08
-65.08
-65.08
-65.08
-65.07
-65.08
-65.08
-65.09
-65.08
-65.08
-65.08
-65.08
-65.06
-65.07
-65.07
-65.07
-65.06
-65.08
-65.08
-65.07
-65.07
-65.07
-65.07
-65.06
-65.06
-65.07
-65.07
-65.07
-65.05
-65.06
-65.07
-65.07
-65.06
-65.07
-65.07
-65.08
-65.08
-65.09
-65.08
-65.08
-65.07
-65.07
-65.08
-65.08
-65.08
-65.08
-65.08
-65.08
-65.08
-65.07
-65.08
-65.08
-65.08
-65.09
-65.09
-65.08
-65.07
-65.08
-65.08
-65.08
-65.07
-65.09
-65.09
-65.10
-65.08
-65.08
-65.08
-65.08
-65.08
-65.08
-65.08
-65.08
-65.08
-65.08
-65.07
-65.08
-65.08
-65.09
-65.08
-65.08
-65.08
-65.08
-65.08
-65.07
-65.07
-65.07
-65.07
-65.07
-65.07
-65.08
-65.08
-65.08
-65.08
-65.09
-65.08
-65.08
-65.07
-65.07
-65.07
-65.07
-65.06
-65.06
-65.06
-65.06
-65.06
-65.07
-65.07
-65.06
-65.06
-65.07
-65.07
-65.06
-65.06
-65.06
-65.06
-65.06
-65.05
-65.05
-65.05
-65.05
-65.05
-65.05
-65.05
-65.05
-65.05
-65.06
-65.06
-65.06
-65.05
-65.05
-65.06
-65.05
-65.05
-65.06
-65.06
-65.06
-65.07
-65.07
-65.07
-65.07
-65.07
-65.07
-65.08
-65.07
-65.07
-65.07
-65.07
-65.07
-65.06
-65.07
-65.06
-65.05
-65.05
-65.05
-65.06
-65.06
-65.06
-65.06
-65.06
-65.06
-65.05
-65.06
-65.06
-65.06
-65.07
-65.07
-65.08
-65.07
-65.07
-65.08
-65.08
-65.08
-65.08
-65.07
-65.07
-65.08
-65.08
-65.08
-65.07
