Frequency: 1.000000
Sample Rate: 2000000.000000
Vector Length: 1
Notes: 
-379.30
-67.90
-64.30
-62.93
-61.99
-61.26
-60.52
-59.99
-59.49
-58.98
-58.60
-58.18
-57.85
-57.56
-57.28
-57.02
-56.76
-56.52
-56.30
-56.09
-55.88
-55.69
-55.51
-55.33
-55.16
-55.00
-54.84
-54.69
-54.53
-54.40
-54.26
-54.13
-53.97
-53.85
-53.73
-53.63
-53.58
-53.43
-53.25
-53.12
-53.02
-52.92
-52.82
-52.70
-52.59
-52.50
-52.42
-52.41
-52.42
-52.42
-52.42
-52.41
-52.42
-52.42
-52.42
-52.41
-52.42
-52.42
-52.42
-52.42
-52.42
-52.42
-52.42
-52.42
-52.43
-52.43
-52.43
-52.43
-52.43
-52.43
-52.43
-52.43
-52.43
-52.43
-52.43
-52.43
-52.43
-52.43
-52.43
-52.43
-52.43
-52.43
-52.43
-52.42
-52.43
-52.42
-52.42
-52.41
-52.41
-52.41
-52.41
-52.40
-52.40
-52.39
-52.39
-52.39
-52.39
-52.39
-52.39
-52.38
-52.39
-52.39
-52.39
-52.39
-52.39
-52.39
-52.39
-52.39
-52.39
-52.39
-52.39
-52.39
-52.40
-52.40
-52.40
-52.40
-52.41
-52.41
-52.42
-52.42
-52.43
-52.43
-52.44
-52.43
-52.45
-52.45
-52.45
-52.45
-52.46
-52.47
-52.47
-52.48
-52.49
-52.49
-52.50
-52.51
-52.52
-52.52
-52.53
-52.54
-52.54
-52.55
-52.56
-52.56
-52.57
-52.57
-52.58
-52.58
-52.58
-52.58
-52.59
-52.59
-52.59
-52.59
-52.59
-52.60
-52.60
-52.60
-52.60
-52.60
-52.60
-52.60
-52.60
-52.60
-52.60
-52.60
-52.60
-52.60
-52.60
-52.60
-52.60
-52.60
-52.60
-52.60
-52.60
-52.60
-52.60
-52.60
-52.60
-52.60
-52.60
-52.60
-52.60
-52.60
-52.60
-52.60
-52.60
-52.60
-52.60
-52.61
-52.60
-52.61
-52.61
-52.61
-52.60
-52.61
-52.61
-52.61
-52.60
-52.61
-52.61
-52.61
-52.60
-52.61
-52.60
-52.60
-52.59
-52.60
-52.59
-52.59
-52.59
-52.58
-52.58
-52.58
-52.58
-52.57
-52.57
-52.56
-52.56
-52.56
-52.55
-52.55
-52.55
-52.54
-52.54
-52.53
-52.53
-52.53
-52.52
-52.51
-52.51
-52.51
-52.50
-52.50
-52.50
-52.49
-52.49
-52.49
-52.48
-52.48
-52.48
-52.48
-52.47
-52.47
-52.47
-52.46
-52.46
-52.46
-52.45
-52.45
-52.45
-52.45
-52.44
-52.44
-52.44
-52.44
-52.43
-52.43
-52.43
-52.43
-52.43
-52.43
-52.43
-52.43
-52.44
-52.44
-52.44
-52.44
-52.44
-52.44
-52.44
-52.44
-52.44
-52.44
-52.44
-52.45
-52.45
-52.45
-52.45
-52.45
-52.45
-52.45
-52.45
-52.45
-52.45
-52.45
-52.45
-52.44
-52.44
-52.44
-52.44
-52.44
-52.44
-52.45
-52.44
-52.44
-52.44
-52.44
-52.45
-52.44
-52.44
-52.44
-52.44
-52.44
-52.44
-52.44
-52.44
-52.43
-52.43
-52.43
-52.43
-52.42
-52.42
-52.42
-52.42
-52.41
-52.41
-52.41
-52.41
-52.41
-52.41
-52.40
-52.40
-52.40
-52.40
-52.40
-52.39
-52.39
-52.39
-52.39
-52.39
-52.39
-52.39
-52.39
-52.39
-52.39
-52.39
-52.38
-52.38
-52.38
-52.38
-52.38
-52.38
-52.38
-52.38
-52.38
-52.38
-52.38
-52.39
-52.39
-52.38
-52.39
-52.39
-52.39
-52.38
-52.39
-52.39
-52.39
-52.38
-52.39
-52.39
-52.39
-52.38
-52.39
-52.39
-52.39
-52.38
-52.38
-52.38
-52.39
-52.38
-52.39
-52.38
-52.38
-52.38
-52.39
-52.39
-52.39
-52.39
-52.39
-52.39
-52.39
-52.39
-52.39
-52.39
-52.39
-52.39
-52.39
-52.39
-52.39
-52.39
-52.39
-52.39
-52.39
-52.39
-52.40
-52.40
-52.40
-52.40
-52.40
-52.40
-52.40
-52.39
-52.39
-52.39
-52.39
-52.38
-52.38
-52.37
-52.37
-52.37
-52.37
-52.37
-52.36
-52.37
-52.36
-52.36
-52.36
-52.36
-52.36
-52.37
-52.37
-52.37
-52.37
-52.37
-52.38
-52.38
-52.38
-52.38
-52.39
-52.39
-52.39
-52.40
-52.40
-52.40
-52.40
-52.41
-52.41
-52.41
-52.41
-52.42
-52.41
-52.42
-52.42
-52.42
-52.42
-52.43
-52.43
-52.44
-52.44
-52.45
-52.46
-52.46
-52.47
-52.48
-52.49
-52.50
-52.50
-52.51
-52.51
-52.52
-52.52
-52.53
-52.53
-52.53
-52.54
-52.54
-52.55
-52.55
-52.55
-52.56
-52.56
-52.56
-52.56
-52.57
-52.57
-52.57
