Frequency: 1.000000
Sample Rate: 2000000.000000
Vector Length: 1
Notes: 
-379.30
-70.06
-66.69
-65.21
-64.26
-63.48
-62.84
-62.27
-61.77
-61.32
-60.91
-60.54
-60.20
-59.88
-59.58
-59.30
-59.05
-58.80
-58.57
-58.35
-58.14
-57.94
-57.75
-57.57
-57.40
-57.23
-57.07
-56.91
-56.76
-56.62
-56.48
-56.34
-56.21
-56.08
-55.96
-55.84
-55.72
-55.61
-55.50
-55.39
-55.28
-55.18
-55.08
-54.99
-54.89
-54.80
-54.71
-54.62
-54.56
-54.56
-54.57
-54.57
-54.58
-54.58
-54.59
-54.59
-54.60
-54.61
-54.61
-54.62
-54.62
-54.63
-54.64
-54.64
-54.65
-54.65
-54.66
-54.66
-54.67
-54.67
-54.68
-54.68
-54.69
-54.69
-54.70
-54.71
-54.71
-54.72
-54.72
-54.73
-54.73
-54.74
-54.74
-54.74
-54.75
-54.75
-54.75
-54.76
-54.76
-54.76
-54.76
-54.76
-54.76
-54.76
-54.76
-54.76
-54.76
-54.76
-54.76
-54.76
-54.76
-54.76
-54.76
-54.76
-54.75
-54.75
-54.75
-54.75
-54.75
-54.74
-54.74
-54.74
-54.74
-54.74
-54.73
-54.73
-54.73
-54.72
-54.72
-54.72
-54.71
-54.71
-54.71
-54.71
-54.70
-54.70
-54.70
-54.70
-54.69
-54.69
-54.69
-54.69
-54.68
-54.68
-54.68
-54.68
-54.68
-54.68
-54.68
-54.68
-54.68
-54.68
-54.68
-54.68
-54.68
-54.68
-54.68
-54.67
-54.67
-54.67
-54.67
-54.67
-54.67
-54.67
-54.67
-54.67
-54.67
-54.67
-54.67
-54.67
-54.67
-54.67
-54.67
-54.67
-54.67
-54.67
-54.67
-54.66
-54.66
-54.66
-54.66
-54.66
-54.66
-54.65
-54.65
-54.65
-54.65
-54.65
-54.65
-54.64
-54.64
-54.64
-54.64
-54.63
-54.63
-54.63
-54.63
-54.63
-54.63
-54.62
-54.62
-54.62
-54.62
-54.61
-54.61
-54.61
-54.61
-54.60
-54.60
-54.60
-54.60
-54.59
-54.59
-54.59
-54.59
-54.58
-54.58
-54.58
-54.58
-54.57
-54.57
-54.57
-54.57
-54.57
-54.57
-54.57
-54.56
-54.56
-54.56
-54.56
-54.56
-54.56
-54.56
-54.56
-54.56
-54.56
-54.55
-54.55
-54.55
-54.55
-54.55
-54.55
-54.55
-54.55
-54.55
-54.55
-54.54
-54.54
-54.54
-54.54
-54.54
-54.54
-54.54
-54.54
-54.54
-54.54
-54.54
-54.53
-54.53
-54.53
-54.53
-54.53
-54.52
-54.52
-54.52
-54.52
-54.52
-54.52
-54.52
-54.52
-54.51
-54.51
-54.51
-54.51
-54.51
-54.51
-54.51
-54.50
-54.50
-54.50
-54.50
-54.50
-54.50
-54.50
-54.49
-54.49
-54.49
-54.49
-54.49
-54.49
-54.49
-54.49
-54.49
-54.49
-54.49
-54.49
-54.49
-54.49
-54.49
-54.49
-54.49
-54.50
-54.50
-54.50
-54.50
-54.50
-54.50
-54.50
-54.50
-54.51
-54.51
-54.51
-54.51
-54.52
-54.52
-54.52
-54.52
-54.52
-54.53
-54.53
-54.53
-54.53
-54.53
-54.53
-54.54
-54.54
-54.54
-54.54
-54.54
-54.55
-54.55
-54.55
-54.55
-54.56
-54.56
-54.56
-54.56
-54.56
-54.57
-54.57
-54.57
-54.57
-54.57
-54.57
-54.57
-54.57
-54.57
-54.57
-54.58
-54.58
-54.58
-54.58
-54.58
-54.58
-54.58
-54.58
-54.58
-54.58
-54.58
-54.58
-54.58
-54.58
-54.58
-54.59
-54.59
-54.59
-54.59
-54.59
-54.59
-54.59
-54.59
-54.59
-54.59
-54.59
-54.59
-54.59
-54.59
-54.59
-54.60
-54.60
-54.60
-54.60
-54.60
-54.60
-54.60
-54.61
-54.61
-54.61
-54.61
-54.61
-54.61
-54.62
-54.62
-54.62
-54.62
-54.62
-54.62
-54.63
-54.63
-54.63
-54.63
-54.63
-54.63
-54.64
-54.64
-54.64
-54.64
-54.64
-54.64
-54.64
-54.65
-54.65
-54.65
-54.65
-54.65
-54.66
-54.66
-54.66
-54.66
-54.67
-54.67
-54.67
-54.67
-54.67
-54.68
-54.68
-54.68
-54.68
-54.68
-54.68
-54.68
-54.68
-54.69
-54.69
-54.69
-54.69
-54.69
-54.69
-54.69
-54.69
-54.69
-54.69
-54.69
-54.69
-54.69
-54.69
-54.69
-54.69
-54.69
-54.69
-54.69
-54.69
-54.69
-54.69
-54.68
-54.68
-54.68
-54.68
-54.67
-54.67
-54.66
-54.66
-54.65
-54.65
-54.64
-54.63
-54.62
-54.62
-54.61
-54.60
-54.59
-54.58
-54.57
-54.56
-54.56
-54.55
-54.54
-54.53
-54.52
-54.51
-54.50
-54.49
-54.49
-54.48
-54.47
-54.46
-54.45
-54.44
-54.43
-54.42
-54.42
-54.41
