Frequency: 1.000000
Sample Rate: 2000000.000000
Vector Length: 1
Notes: 
-379.30
-82.31
-77.31
-75.35
-74.44
-73.73
-73.12
-72.59
-72.14
-71.70
-71.32
-70.96
-70.64
-70.26
-69.96
-69.72
-69.45
-69.23
-69.02
-68.80
-68.60
-68.40
-68.21
-68.03
-67.87
-67.71
-67.55
-67.41
-67.26
-67.12
-66.98
-66.84
-66.72
-66.60
-66.47
-66.35
-66.23
-66.12
-66.01
-65.90
-65.79
-65.69
-65.59
-65.49
-65.38
-65.29
-65.20
-65.15
-65.16
-65.16
-65.15
-65.15
-65.15
-65.15
-65.15
-65.15
-65.15
-65.16
-65.15
-65.15
-65.16
-65.16
-65.17
-65.17
-65.16
-65.15
-65.14
-65.14
-65.14
-65.14
-65.15
-65.16
-65.16
-65.16
-65.16
-65.16
-65.15
-65.15
-65.15
-65.16
-65.16
-65.16
-65.16
-65.16
-65.17
-65.16
-65.17
-65.17
-65.17
-65.18
-65.17
-65.18
-65.18
-65.17
-65.18
-65.17
-65.16
-65.16
-65.16
-65.17
-65.17
-65.17
-65.17
-65.17
-65.17
-65.17
-65.16
-65.17
-65.17
-65.17
-65.17
-65.17
-65.16
-65.17
-65.18
-65.18
-65.18
-65.19
-65.19
-65.18
-65.17
-65.17
-65.17
-65.16
-65.16
-65.16
-65.17
-65.17
-65.16
-65.16
-65.16
-65.15
-65.14
-65.15
-65.15
-65.16
-65.16
-65.15
-65.15
-65.15
-65.15
-65.15
-65.15
-65.15
-65.15
-65.16
-65.15
-65.15
-65.15
-65.15
-65.15
-65.15
-65.15
-65.15
-65.15
-65.16
-65.16
-65.15
-65.15
-65.15
-65.15
-65.15
-65.15
-65.14
-65.14
-65.14
-65.14
-65.14
-65.15
-65.15
-65.15
-65.16
-65.16
-65.16
-65.16
-65.16
-65.15
-65.15
-65.15
-65.16
-65.16
-65.16
-65.16
-65.16
-65.16
-65.15
-65.15
-65.16
-65.16
-65.15
-65.16
-65.16
-65.16
-65.16
-65.16
-65.16
-65.16
-65.16
-65.16
-65.16
-65.16
-65.16
-65.16
-65.16
-65.16
-65.17
-65.17
-65.17
-65.17
-65.18
-65.18
-65.17
-65.18
-65.18
-65.17
-65.18
-65.18
-65.17
-65.17
-65.16
-65.16
-65.16
-65.16
-65.16
-65.16
-65.17
-65.16
-65.16
-65.16
-65.17
-65.17
-65.16
-65.16
-65.15
-65.16
-65.16
-65.16
-65.16
-65.16
-65.16
-65.16
-65.16
-65.16
-65.17
-65.16
-65.16
-65.16
-65.16
-65.16
-65.16
-65.17
-65.16
-65.16
-65.16
-65.16
-65.16
-65.16
-65.16
-65.15
-65.15
-65.16
-65.16
-65.16
-65.16
-65.15
-65.15
-65.15
-65.16
-65.16
-65.15
-65.15
-65.15
-65.15
-65.16
-65.16
-65.16
-65.16
-65.15
-65.15
-65.15
-65.16
-65.16
-65.15
-65.16
-65.16
-65.16
-65.16
-65.16
-65.16
-65.16
-65.17
-65.16
-65.15
-65.15
-65.15
-65.15
-65.16
-65.16
-65.15
-65.16
-65.16
-65.16
-65.16
-65.16
-65.16
-65.16
-65.15
-65.15
-65.15
-65.15
-65.14
-65.15
-65.16
-65.16
-65.16
-65.15
-65.16
-65.16
-65.16
-65.17
-65.17
-65.16
-65.15
-65.16
-65.17
-65.16
-65.17
-65.17
-65.17
-65.17
-65.17
-65.17
-65.17
-65.16
-65.17
-65.17
-65.17
-65.16
-65.16
-65.16
-65.17
-65.16
-65.16
-65.16
-65.16
-65.16
-65.16
-65.17
-65.17
-65.17
-65.16
-65.16
-65.15
-65.15
-65.15
-65.16
-65.16
-65.16
-65.15
-65.16
-65.16
-65.16
-65.16
-65.16
-65.16
-65.16
-65.16
-65.16
-65.15
-65.16
-65.17
-65.17
-65.16
-65.16
-65.15
-65.15
-65.16
-65.16
-65.16
-65.16
-65.16
-65.16
-65.16
-65.15
-65.15
-65.16
-65.15
-65.15
-65.15
-65.15
-65.15
-65.16
-65.17
-65.17
-65.16
-65.16
-65.15
-65.15
-65.15
-65.14
-65.14
-65.14
-65.15
-65.16
-65.16
-65.16
-65.16
-65.16
-65.15
-65.15
-65.15
-65.15
-65.14
-65.15
-65.15
-65.15
-65.15
-65.14
-65.14
-65.14
-65.14
-65.15
-65.15
-65.15
-65.14
-65.14
-65.14
-65.13
-65.13
-65.14
-65.14
-65.14
-65.14
-65.15
-65.15
-65.15
-65.15
-65.15
-65.15
-65.16
-65.15
-65.15
-65.14
-65.15
-65.15
-65.15
-65.16
-65.16
-65.16
-65.15
-65.15
-65.14
-65.14
-65.14
-65.14
-65.14
-65.15
-65.15
-65.15
-65.15
-65.15
-65.15
-65.14
-65.14
-65.14
-65.14
-65.15
-65.15
-65.15
-65.15
-65.14
-65.14
-65.14
-65.14
-65.15
-65.15
-65.15
-65.15
-65.16
-65.15
-65.15
-65.14
-65.13
-65.14
-65.13
