Frequency: 1.000000
Sample Rate: 2000000.000000
Vector Length: 1
Notes: 
-379.30
-81.35
-76.99
-75.81
-74.72
-73.98
-73.34
-72.79
-72.29
-71.84
-71.43
-71.07
-70.73
-70.42
-70.13
-69.86
-69.61
-69.36
-69.13
-68.92
-68.72
-68.51
-68.32
-68.14
-67.98
-67.81
-67.65
-67.48
-67.33
-67.18
-67.05
-66.91
-66.78
-66.65
-66.52
-66.40
-66.29
-66.17
-66.06
-65.95
-65.84
-65.74
-65.64
-65.54
-65.45
-65.37
-65.27
-65.18
-65.14
-65.12
-65.12
-65.13
-65.13
-65.12
-65.12
-65.12
-65.12
-65.12
-65.12
-65.13
-65.13
-65.12
-65.13
-65.13
-65.13
-65.12
-65.13
-65.13
-65.13
-65.12
-65.13
-65.13
-65.13
-65.12
-65.12
-65.12
-65.13
-65.12
-65.13
-65.13
-65.13
-65.13
-65.12
-65.12
-65.11
-65.11
-65.12
-65.13
-65.13
-65.12
-65.12
-65.11
-65.12
-65.12
-65.11
-65.11
-65.11
-65.11
-65.11
-65.11
-65.12
-65.12
-65.12
-65.12
-65.13
-65.13
-65.13
-65.13
-65.13
-65.13
-65.13
-65.13
-65.13
-65.13
-65.14
-65.13
-65.13
-65.13
-65.13
-65.13
-65.13
-65.13
-65.13
-65.12
-65.11
-65.12
-65.12
-65.12
-65.11
-65.12
-65.13
-65.14
-65.14
-65.14
-65.14
-65.13
-65.13
-65.13
-65.13
-65.14
-65.14
-65.13
-65.13
-65.14
-65.13
-65.14
-65.14
-65.14
-65.14
-65.13
-65.13
-65.13
-65.13
-65.13
-65.14
-65.14
-65.15
-65.14
-65.15
-65.15
-65.14
-65.14
-65.14
-65.13
-65.14
-65.13
-65.13
-65.13
-65.14
-65.14
-65.14
-65.15
-65.15
-65.16
-65.16
-65.16
-65.16
-65.15
-65.15
-65.15
-65.15
-65.15
-65.15
-65.15
-65.14
-65.14
-65.14
-65.15
-65.14
-65.15
-65.15
-65.15
-65.15
-65.16
-65.15
-65.15
-65.15
-65.14
-65.15
-65.15
-65.15
-65.15
-65.14
-65.13
-65.13
-65.14
-65.13
-65.12
-65.12
-65.13
-65.13
-65.14
-65.13
-65.13
-65.14
-65.14
-65.14
-65.14
-65.14
-65.13
-65.13
-65.13
-65.14
-65.14
-65.13
-65.13
-65.13
-65.13
-65.13
-65.12
-65.12
-65.14
-65.13
-65.14
-65.14
-65.13
-65.13
-65.13
-65.13
-65.13
-65.14
-65.13
-65.12
-65.12
-65.13
-65.13
-65.13
-65.13
-65.13
-65.13
-65.13
-65.13
-65.13
-65.13
-65.13
-65.14
-65.14
-65.14
-65.14
-65.14
-65.14
-65.14
-65.13
-65.13
-65.13
-65.13
-65.13
-65.14
-65.14
-65.13
-65.13
-65.13
-65.14
-65.14
-65.14
-65.14
-65.14
-65.14
-65.14
-65.14
-65.14
-65.14
-65.14
-65.14
-65.14
-65.14
-65.13
-65.13
-65.13
-65.14
-65.14
-65.13
-65.14
-65.14
-65.14
-65.13
-65.13
-65.13
-65.13
-65.12
-65.13
-65.13
-65.13
-65.14
-65.13
-65.13
-65.13
-65.12
-65.12
-65.12
-65.12
-65.13
-65.14
-65.13
-65.13
-65.13
-65.12
-65.12
-65.12
-65.12
-65.12
-65.11
-65.11
-65.11
-65.11
-65.11
-65.11
-65.11
-65.11
-65.11
-65.11
-65.11
-65.11
-65.12
-65.13
-65.13
-65.13
-65.11
-65.12
-65.12
-65.12
-65.11
-65.11
-65.11
-65.12
-65.12
-65.13
-65.13
-65.13
-65.14
-65.14
-65.13
-65.13
-65.14
-65.13
-65.12
-65.12
-65.13
-65.13
-65.13
-65.12
-65.12
-65.12
-65.10
-65.11
-65.11
-65.12
-65.12
-65.13
-65.13
-65.13
-65.13
-65.13
-65.13
-65.14
-65.13
-65.13
-65.13
-65.14
-65.13
-65.13
-65.13
-65.13
-65.12
-65.12
-65.12
-65.12
-65.12
-65.12
-65.12
-65.12
-65.12
-65.12
-65.12
-65.11
-65.11
-65.11
-65.11
-65.10
-65.11
-65.11
-65.10
-65.10
-65.11
-65.11
-65.11
-65.11
-65.12
-65.12
-65.11
-65.12
-65.12
-65.12
-65.12
-65.12
-65.12
-65.12
-65.12
-65.12
-65.13
-65.13
-65.13
-65.12
-65.12
-65.12
-65.12
-65.12
-65.12
-65.12
-65.12
-65.12
-65.11
-65.11
-65.12
-65.13
-65.13
-65.13
-65.13
-65.13
-65.13
-65.13
-65.13
-65.13
-65.13
-65.13
-65.14
-65.14
-65.13
-65.13
-65.13
-65.13
-65.14
-65.14
-65.13
-65.12
-65.12
-65.12
-65.13
-65.13
-65.14
-65.14
-65.13
-65.12
-65.13
-65.13
-65.13
-65.13
-65.13
-65.12
-65.12
-65.12
-65.13
-65.14
-65.13
-65.13
-65.13
-65.13
-65.13
-65.12
-65.13
-65.13
-65.14
-65.12
-65.11
-65.11
