Frequency: 1.000000
Sample Rate: 2000000.000000
Vector Length: 1
Notes: 
-379.30
-82.23
-79.41
-77.59
-76.24
-75.22
-74.38
-73.70
-73.00
-72.47
-72.01
-71.56
-71.18
-70.84
-70.49
-70.17
-69.90
-69.62
-69.35
-69.12
-68.90
-68.67
-68.47
-68.28
-68.08
-67.89
-67.72
-67.57
-67.42
-67.28
-67.14
-67.00
-66.86
-66.74
-66.61
-66.49
-66.37
-66.25
-66.14
-66.03
-65.93
-65.82
-65.71
-65.59
-65.49
-65.39
-65.28
-65.19
-65.17
-65.15
-65.15
-65.15
-65.15
-65.15
-65.15
-65.15
-65.15
-65.15
-65.15
-65.15
-65.15
-65.15
-65.15
-65.15
-65.14
-65.14
-65.15
-65.15
-65.14
-65.14
-65.15
-65.15
-65.15
-65.15
-65.15
-65.15
-65.15
-65.14
-65.14
-65.14
-65.14
-65.14
-65.15
-65.15
-65.14
-65.14
-65.14
-65.13
-65.12
-65.13
-65.13
-65.13
-65.14
-65.14
-65.15
-65.14
-65.14
-65.14
-65.15
-65.14
-65.14
-65.14
-65.14
-65.14
-65.14
-65.14
-65.13
-65.13
-65.14
-65.14
-65.14
-65.14
-65.14
-65.14
-65.14
-65.14
-65.14
-65.13
-65.13
-65.12
-65.13
-65.13
-65.13
-65.13
-65.13
-65.13
-65.14
-65.13
-65.14
-65.13
-65.12
-65.12
-65.13
-65.13
-65.13
-65.14
-65.14
-65.14
-65.14
-65.14
-65.13
-65.12
-65.12
-65.12
-65.13
-65.13
-65.13
-65.14
-65.14
-65.14
-65.14
-65.13
-65.13
-65.14
-65.14
-65.14
-65.14
-65.14
-65.14
-65.14
-65.14
-65.14
-65.14
-65.14
-65.14
-65.14
-65.14
-65.14
-65.14
-65.14
-65.14
-65.15
-65.15
-65.14
-65.14
-65.14
-65.14
-65.14
-65.14
-65.15
-65.15
-65.14
-65.14
-65.15
-65.15
-65.14
-65.14
-65.13
-65.14
-65.15
-65.15
-65.15
-65.14
-65.14
-65.14
-65.14
-65.14
-65.14
-65.13
-65.14
-65.14
-65.14
-65.13
-65.13
-65.13
-65.13
-65.13
-65.13
-65.13
-65.13
-65.12
-65.12
-65.13
-65.13
-65.13
-65.14
-65.15
-65.15
-65.14
-65.14
-65.14
-65.14
-65.14
-65.13
-65.13
-65.13
-65.13
-65.13
-65.13
-65.13
-65.13
-65.13
-65.13
-65.14
-65.13
-65.13
-65.13
-65.13
-65.13
-65.14
-65.14
-65.13
-65.13
-65.13
-65.12
-65.12
-65.13
-65.12
-65.12
-65.12
-65.12
-65.12
-65.12
-65.12
-65.12
-65.12
-65.12
-65.12
-65.12
-65.12
-65.12
-65.13
-65.12
-65.12
-65.11
-65.11
-65.11
-65.11
-65.11
-65.12
-65.12
-65.12
-65.12
-65.13
-65.13
-65.13
-65.13
-65.12
-65.12
-65.12
-65.12
-65.12
-65.13
-65.14
-65.13
-65.13
-65.13
-65.13
-65.14
-65.14
-65.13
-65.13
-65.14
-65.14
-65.14
-65.13
-65.13
-65.15
-65.16
-65.16
-65.16
-65.15
-65.15
-65.15
-65.15
-65.14
-65.14
-65.14
-65.14
-65.14
-65.15
-65.15
-65.14
-65.14
-65.14
-65.14
-65.14
-65.14
-65.14
-65.15
-65.14
-65.14
-65.14
-65.14
-65.14
-65.15
-65.15
-65.14
-65.14
-65.14
-65.14
-65.14
-65.14
-65.14
-65.13
-65.12
-65.12
-65.12
-65.12
-65.13
-65.13
-65.13
-65.14
-65.15
-65.16
-65.14
-65.13
-65.13
-65.13
-65.13
-65.13
-65.13
-65.14
-65.15
-65.15
-65.14
-65.14
-65.14
-65.14
-65.14
-65.14
-65.14
-65.14
-65.14
-65.14
-65.14
-65.15
-65.15
-65.15
-65.15
-65.14
-65.14
-65.14
-65.15
-65.15
-65.15
-65.15
-65.14
-65.13
-65.13
-65.14
-65.14
-65.15
-65.16
-65.16
-65.15
-65.14
-65.14
-65.14
-65.14
-65.14
-65.13
-65.13
-65.13
-65.14
-65.13
-65.14
-65.13
-65.13
-65.13
-65.13
-65.12
-65.12
-65.12
-65.12
-65.13
-65.13
-65.14
-65.13
-65.13
-65.14
-65.14
-65.14
-65.13
-65.12
-65.12
-65.12
-65.12
-65.11
-65.12
-65.12
-65.12
-65.13
-65.13
-65.13
-65.14
-65.13
-65.13
-65.13
-65.13
-65.14
-65.13
-65.13
-65.13
-65.14
-65.14
-65.14
-65.13
-65.13
-65.13
-65.13
-65.14
-65.13
-65.13
-65.13
-65.14
-65.14
-65.14
-65.14
-65.15
-65.14
-65.15
-65.15
-65.15
-65.15
-65.15
-65.14
-65.15
-65.14
-65.14
-65.14
-65.14
-65.15
-65.15
-65.15
-65.15
-65.15
-65.15
-65.14
-65.14
-65.14
-65.13
-65.13
-65.14
-65.15
-65.16
-65.16
-65.15
-65.15
-65.14
