Frequency: 1.000000
Sample Rate: 2000000.000000
Vector Length: 1
Notes: 
-379.30
-95.80
-92.57
-90.89
-89.70
-88.76
-87.98
-87.34
-86.78
-86.29
-85.83
-85.43
-85.06
-84.70
-84.39
-84.10
-83.82
-83.56
-83.31
-83.07
-82.84
-82.64
-82.43
-82.23
-82.05
-81.88
-81.71
-81.54
-81.38
-81.23
-81.09
-80.95
-80.82
-80.68
-80.56
-80.43
-80.31
-80.18
-80.07
-79.96
-79.85
-79.75
-79.64
-79.55
-79.45
-79.35
-79.25
-79.16
-79.07
-79.01
-78.99
-78.99
-79.00
-79.00
-79.00
-79.00
-79.00
-79.00
-79.00
-79.00
-78.99
-79.00
-78.99
-78.99
-78.99
-78.99
-78.99
-78.99
-78.99
-78.99
-78.99
-78.99
-79.00
-79.00
-78.99
-79.00
-78.99
-79.00
-79.00
-78.99
-78.99
-78.99
-78.99
-78.99
-78.99
-78.99
-78.99
-78.99
-78.99
-78.99
-78.99
-78.98
-78.98
-78.99
-78.98
-78.98
-78.98
-78.98
-78.99
-78.98
-78.98
-78.98
-78.98
-78.98
-78.98
-78.98
-78.98
-78.98
-78.99
-78.99
-78.99
-78.99
-78.99
-78.99
-78.99
-78.99
-79.00
-78.99
-79.00
-78.99
-78.99
-78.99
-78.99
-78.99
-78.99
-78.99
-78.99
-78.99
-78.99
-78.99
-78.99
-78.99
-78.99
-78.99
-78.99
-78.99
-78.99
-78.98
-78.98
-78.98
-78.98
-78.99
-78.99
-78.99
-78.99
-78.99
-78.99
-78.99
-78.99
-78.98
-78.98
-78.98
-78.98
-78.98
-78.98
-78.98
-78.98
-78.98
-78.98
-78.98
-78.98
-78.98
-78.99
-78.99
-78.99
-78.98
-78.98
-78.98
-78.98
-78.98
-78.98
-78.97
-78.97
-78.96
-78.97
-78.97
-78.97
-78.97
-78.98
-78.97
-78.98
-78.98
-78.99
-78.98
-78.99
-78.99
-78.99
-78.99
-78.99
-78.99
-78.98
-78.98
-78.98
-78.98
-78.98
-78.98
-78.97
-78.98
-78.98
-78.98
-78.98
-78.97
-78.97
-78.97
-78.97
-78.97
-78.97
-78.97
-78.97
-78.96
-78.96
-78.96
-78.97
-78.96
-78.96
-78.96
-78.96
-78.96
-78.96
-78.97
-78.98
-78.98
-78.98
-78.98
-78.97
-78.98
-78.97
-78.98
-78.97
-78.96
-78.97
-78.96
-78.97
-78.97
-78.96
-78.96
-78.96
-78.97
-78.97
-78.97
-78.98
-78.97
-78.97
-78.97
-78.97
-78.98
-78.97
-78.97
-78.97
-78.97
-78.98
-78.98
-78.98
-78.98
-78.97
-78.98
-78.98
-78.98
-78.98
-78.98
-78.98
-78.98
-78.98
-78.98
-78.99
-78.99
-78.99
-78.99
-78.98
-78.98
-78.98
-78.98
-78.98
-78.98
-78.98
-78.98
-78.98
-78.98
-78.98
-78.98
-78.98
-78.98
-78.97
-78.97
-78.98
-78.98
-78.98
-78.98
-78.98
-78.98
-78.98
-78.98
-78.99
-78.98
-78.99
-79.00
-79.00
-79.00
-79.00
-79.00
-79.00
-79.00
-79.00
-79.00
-79.00
-78.99
-79.00
-79.00
-79.00
-79.00
-79.00
-79.00
-79.00
-79.00
-79.00
-79.00
-79.00
-79.00
-79.00
-79.00
-79.00
-78.99
-79.00
-79.00
-79.00
-79.00
-79.00
-79.00
-79.00
-78.99
-79.00
-79.00
-79.00
-79.00
-78.99
-78.99
-78.99
-78.99
-79.00
-79.00
-78.99
-79.00
-79.00
-79.00
-79.00
-79.00
-79.00
-79.00
-79.00
-79.00
-79.00
-79.00
-79.00
-79.01
-79.02
-79.01
-79.01
-79.01
-79.01
-79.01
-79.01
-79.01
-79.00
-79.00
-79.01
-79.01
-79.01
-79.01
-79.00
-79.00
-79.00
-79.00
-79.00
-79.01
-79.01
-79.01
-79.01
-79.02
-79.02
-79.01
-79.01
-79.01
-79.01
-79.01
-79.01
-79.01
-79.00
-79.00
-79.00
-79.00
-79.00
-78.99
-78.99
-78.99
-78.99
-78.98
-78.98
-78.98
-78.98
-78.98
-78.98
-78.98
-78.97
-78.96
-78.97
-78.96
-78.96
-78.96
-78.96
-78.97
-78.97
-78.97
-78.97
-78.97
-78.97
-78.97
-78.97
-78.97
-78.97
-78.97
-78.97
-78.97
-78.97
-78.97
-78.97
-78.97
-78.97
-78.97
-78.97
-78.97
-78.97
-78.97
-78.97
-78.97
-78.97
-78.97
-78.97
-78.97
-78.97
-78.97
-78.97
-78.98
-78.98
-78.98
-78.99
-78.98
-78.99
-78.99
-78.98
-78.98
-78.99
-78.99
-78.99
-78.99
-78.99
-78.99
-78.99
-78.99
-78.99
-78.99
-78.99
-78.99
-78.98
-78.99
-78.98
-78.98
-78.98
-78.99
-79.00
-79.00
-79.00
-79.00
-79.00
-79.00
-79.00
-79.00
-79.00
-79.00
-79.01
-79.01
-79.01
-79.01
-79.01
-79.01
-79.01
