Frequency: 1.000000
Sample Rate: 2000000.000000
Vector Length: 1
Notes: 
-379.30
-96.17
-91.21
-89.23
-88.34
-87.63
-87.02
-86.47
-86.00
-85.55
-85.16
-84.79
-84.45
-84.15
-83.86
-83.58
-83.32
-83.07
-82.84
-82.63
-82.44
-82.24
-82.05
-81.85
-81.67
-81.51
-81.36
-81.20
-81.06
-80.92
-80.78
-80.64
-80.51
-80.38
-80.26
-80.14
-80.02
-79.90
-79.79
-79.68
-79.57
-79.47
-79.37
-79.27
-79.17
-79.08
-78.99
-78.90
-78.86
-78.86
-78.86
-78.86
-78.86
-78.86
-78.86
-78.86
-78.86
-78.86
-78.86
-78.86
-78.86
-78.86
-78.86
-78.86
-78.86
-78.86
-78.86
-78.86
-78.85
-78.85
-78.85
-78.86
-78.86
-78.86
-78.86
-78.86
-78.85
-78.85
-78.85
-78.85
-78.85
-78.84
-78.84
-78.84
-78.85
-78.85
-78.85
-78.85
-78.85
-78.86
-78.86
-78.85
-78.85
-78.85
-78.85
-78.85
-78.85
-78.85
-78.85
-78.85
-78.86
-78.85
-78.85
-78.85
-78.85
-78.85
-78.85
-78.85
-78.85
-78.86
-78.86
-78.86
-78.86
-78.86
-78.86
-78.86
-78.87
-78.87
-78.88
-78.88
-78.87
-78.86
-78.86
-78.86
-78.86
-78.87
-78.87
-78.87
-78.87
-78.87
-78.87
-78.87
-78.87
-78.88
-78.88
-78.88
-78.88
-78.88
-78.88
-78.88
-78.87
-78.88
-78.87
-78.87
-78.87
-78.87
-78.86
-78.86
-78.86
-78.86
-78.86
-78.86
-78.86
-78.86
-78.86
-78.86
-78.86
-78.86
-78.86
-78.86
-78.86
-78.86
-78.85
-78.85
-78.84
-78.84
-78.84
-78.85
-78.85
-78.85
-78.85
-78.84
-78.85
-78.84
-78.84
-78.84
-78.84
-78.84
-78.84
-78.84
-78.84
-78.84
-78.83
-78.83
-78.83
-78.83
-78.82
-78.83
-78.84
-78.84
-78.85
-78.84
-78.84
-78.84
-78.85
-78.85
-78.85
-78.85
-78.85
-78.84
-78.84
-78.84
-78.84
-78.84
-78.84
-78.85
-78.85
-78.85
-78.85
-78.85
-78.85
-78.86
-78.86
-78.86
-78.85
-78.85
-78.85
-78.85
-78.86
-78.86
-78.86
-78.85
-78.85
-78.86
-78.86
-78.85
-78.85
-78.85
-78.85
-78.85
-78.85
-78.85
-78.85
-78.85
-78.85
-78.84
-78.85
-78.84
-78.84
-78.85
-78.84
-78.84
-78.84
-78.83
-78.84
-78.83
-78.83
-78.83
-78.83
-78.83
-78.83
-78.83
-78.83
-78.83
-78.83
-78.83
-78.84
-78.84
-78.84
-78.84
-78.83
-78.83
-78.83
-78.84
-78.84
-78.83
-78.84
-78.84
-78.84
-78.84
-78.85
-78.84
-78.84
-78.84
-78.84
-78.85
-78.85
-78.86
-78.86
-78.86
-78.86
-78.86
-78.86
-78.86
-78.86
-78.86
-78.86
-78.85
-78.85
-78.85
-78.85
-78.86
-78.85
-78.85
-78.85
-78.85
-78.85
-78.85
-78.86
-78.86
-78.86
-78.86
-78.86
-78.86
-78.86
-78.85
-78.85
-78.85
-78.85
-78.85
-78.85
-78.85
-78.85
-78.85
-78.85
-78.85
-78.86
-78.86
-78.86
-78.85
-78.86
-78.86
-78.86
-78.85
-78.85
-78.85
-78.84
-78.85
-78.85
-78.85
-78.85
-78.85
-78.85
-78.85
-78.85
-78.86
-78.86
-78.86
-78.85
-78.85
-78.86
-78.87
-78.87
-78.87
-78.87
-78.87
-78.87
-78.87
-78.87
-78.87
-78.87
-78.87
-78.87
-78.87
-78.87
-78.87
-78.87
-78.88
-78.87
-78.87
-78.87
-78.87
-78.87
-78.87
-78.87
-78.86
-78.86
-78.86
-78.86
-78.86
-78.86
-78.86
-78.86
-78.86
-78.86
-78.86
-78.86
-78.85
-78.85
-78.85
-78.85
-78.86
-78.86
-78.86
-78.85
-78.85
-78.85
-78.85
-78.85
-78.85
-78.85
-78.84
-78.85
-78.85
-78.85
-78.85
-78.85
-78.85
-78.85
-78.85
-78.85
-78.85
-78.85
-78.85
-78.84
-78.84
-78.84
-78.84
-78.84
-78.84
-78.84
-78.84
-78.85
-78.85
-78.85
-78.85
-78.85
-78.85
-78.85
-78.85
-78.85
-78.85
-78.86
-78.86
-78.85
-78.85
-78.85
-78.85
-78.85
-78.86
-78.86
-78.86
-78.86
-78.86
-78.86
-78.87
-78.87
-78.87
-78.87
-78.86
-78.86
-78.86
-78.86
-78.86
-78.86
-78.86
-78.86
-78.86
-78.86
-78.86
-78.86
-78.86
-78.87
-78.87
-78.87
-78.88
-78.88
-78.88
-78.88
-78.87
-78.88
-78.87
-78.87
-78.87
-78.88
-78.88
-78.88
-78.88
-78.87
-78.87
-78.87
-78.88
-78.88
-78.89
-78.89
-78.89
-78.89
-78.89
-78.88
-78.88
-78.88
-78.88
-78.88
-78.87
