Frequency: 1.000000
Sample Rate: 2000000.000000
Vector Length: 1
Notes: 
-379.30
-69.72
-68.27
-68.07
-67.90
-67.74
-67.58
-67.43
-67.29
-67.15
-67.00
-66.88
-66.75
-66.62
-66.51
-66.39
-66.27
-66.16
-66.05
-65.95
-65.84
-65.75
-65.65
-65.55
-65.45
-65.36
-65.27
-65.18
-65.10
-65.01
-64.93
-64.84
-64.77
-64.69
-64.62
-64.54
-64.47
-64.40
-64.33
-64.25
-64.18
-64.11
-64.04
-63.98
-63.91
-63.85
-63.78
-63.71
-63.94
-64.91
-65.24
-65.24
-65.24
-65.25
-65.25
-65.24
-65.24
-65.23
-65.23
-65.24
-65.25
-65.25
-65.25
-65.25
-65.25
-65.25
-65.25
-65.25
-65.25
-65.24
-65.24
-65.25
-65.26
-65.25
-65.26
-65.26
-65.26
-65.25
-65.25
-65.25
-65.25
-65.26
-65.25
-65.25
-65.26
-65.25
-65.24
-65.24
-65.25
-65.25
-65.25
-65.25
-65.25
-65.25
-65.26
-65.26
-65.26
-65.26
-65.26
-65.26
-65.26
-65.25
-65.25
-65.25
-65.26
-65.26
-65.26
-65.25
-65.24
-65.24
-65.24
-65.24
-65.24
-65.24
-65.25
-65.24
-65.24
-65.25
-65.25
-65.25
-65.25
-65.25
-65.25
-65.25
-65.24
-65.25
-65.26
-65.26
-65.25
-65.25
-65.25
-65.24
-65.23
-65.24
-65.23
-65.24
-65.24
-65.24
-65.24
-65.23
-65.23
-65.23
-65.24
-65.25
-65.24
-65.24
-65.24
-65.24
-65.25
-65.25
-65.25
-65.25
-65.26
-65.26
-65.27
-65.27
-65.27
-65.27
-65.27
-65.27
-65.27
-65.27
-65.27
-65.26
-65.26
-65.27
-65.27
-65.27
-65.26
-65.25
-65.25
-65.25
-65.26
-65.26
-65.25
-65.26
-65.26
-65.26
-65.26
-65.26
-65.26
-65.27
-65.27
-65.26
-65.26
-65.26
-65.26
-65.26
-65.26
-65.25
-65.25
-65.26
-65.27
-65.26
-65.26
-65.25
-65.25
-65.25
-65.25
-65.24
-65.24
-65.23
-65.23
-65.23
-65.22
-65.22
-65.23
-65.23
-65.23
-65.24
-65.24
-65.23
-65.23
-65.22
-65.22
-65.23
-65.24
-65.24
-65.24
-65.25
-65.25
-65.24
-65.25
-65.25
-65.25
-65.25
-65.25
-65.25
-65.25
-65.26
-65.26
-65.26
-65.26
-65.26
-65.26
-65.26
-65.27
-65.26
-65.25
-65.25
-65.24
-65.25
-65.25
-65.26
-65.27
-65.26
-65.26
-65.26
-65.26
-65.26
-65.27
-65.28
-65.27
-65.27
-65.26
-65.26
-65.26
-65.26
-65.26
-65.26
-65.26
-65.26
-65.26
-65.26
-65.26
-65.25
-65.25
-65.25
-65.25
-65.25
-65.24
-65.24
-65.24
-65.24
-65.24
-65.24
-65.24
-65.24
-65.24
-65.24
-65.24
-65.24
-65.24
-65.23
-65.23
-65.24
-65.24
-65.25
-65.25
-65.24
-65.24
-65.24
-65.23
-65.22
-65.23
-65.23
-65.23
-65.23
-65.24
-65.23
-65.23
-65.24
-65.24
-65.24
-65.23
-65.24
-65.25
-65.24
-65.24
-65.24
-65.24
-65.24
-65.25
-65.24
-65.24
-65.23
-65.23
-65.23
-65.24
-65.24
-65.24
-65.25
-65.25
-65.25
-65.24
-65.24
-65.24
-65.24
-65.24
-65.25
-65.24
-65.24
-65.24
-65.24
-65.24
-65.23
-65.23
-65.23
-65.24
-65.24
-65.23
-65.24
-65.24
-65.24
-65.24
-65.25
-65.24
-65.24
-65.24
-65.24
-65.23
-65.23
-65.24
-65.25
-65.24
-65.24
-65.24
-65.23
-65.24
-65.24
-65.24
-65.24
-65.25
-65.25
-65.25
-65.26
-65.26
-65.25
-65.24
-65.24
-65.24
-65.24
-65.24
-65.24
-65.24
-65.25
-65.24
-65.24
-65.23
-65.23
-65.25
-65.25
-65.25
-65.25
-65.25
-65.25
-65.25
-65.26
-65.25
-65.25
-65.25
-65.26
-65.27
-65.27
-65.26
-65.26
-65.26
-65.27
-65.26
-65.27
-65.26
-65.26
-65.26
-65.25
-65.26
-65.26
-65.27
-65.27
-65.27
-65.27
-65.26
-65.27
-65.26
-65.26
-65.27
-65.28
-65.27
-65.28
-65.27
-65.28
-65.29
-65.29
-65.28
-65.27
-65.27
-65.28
-65.28
-65.29
-65.27
-65.27
-65.27
-65.27
-65.27
-65.28
-65.28
-65.27
-65.27
-65.28
-65.28
-65.28
-65.27
-65.26
-65.27
-65.28
-65.27
-65.28
-65.29
-65.29
-65.29
-65.29
-65.29
-65.29
-65.29
-65.29
-65.29
-65.29
-65.29
-65.28
-65.29
-65.29
-65.29
-65.29
-65.28
-65.28
-65.28
-65.28
-65.28
-65.29
-65.28
-65.27
-65.28
-65.28
-65.29
-65.29
-65.29
-65.28
-65.28
-65.29
-65.28
-65.28
-65.28
