Frequency: 1.000000
Sample Rate: 2000000.000000
Vector Length: 1
Notes: 
-379.30
-95.97
-91.28
-89.75
-88.80
-88.02
-87.38
-86.80
-86.30
-85.84
-85.44
-85.07
-84.71
-84.39
-84.09
-83.83
-83.57
-83.32
-83.10
-82.88
-82.67
-82.47
-82.28
-82.08
-81.91
-81.74
-81.57
-81.41
-81.27
-81.12
-80.98
-80.84
-80.71
-80.59
-80.46
-80.34
-80.21
-80.10
-79.98
-79.87
-79.77
-79.66
-79.56
-79.47
-79.37
-79.28
-79.19
-79.09
-79.04
-79.02
-79.02
-79.02
-79.02
-79.03
-79.02
-79.02
-79.02
-79.02
-79.02
-79.02
-79.02
-79.03
-79.03
-79.03
-79.03
-79.03
-79.02
-79.02
-79.02
-79.02
-79.02
-79.02
-79.03
-79.03
-79.03
-79.03
-79.02
-79.02
-79.03
-79.03
-79.03
-79.03
-79.03
-79.03
-79.03
-79.04
-79.04
-79.04
-79.04
-79.04
-79.04
-79.04
-79.03
-79.03
-79.02
-79.02
-79.02
-79.01
-79.01
-79.01
-79.01
-79.02
-79.02
-79.02
-79.02
-79.02
-79.02
-79.03
-79.02
-79.02
-79.02
-79.02
-79.02
-79.01
-79.01
-79.01
-79.01
-79.01
-79.01
-79.01
-79.01
-79.01
-79.01
-79.01
-79.01
-79.01
-79.01
-79.01
-79.00
-79.00
-79.00
-79.00
-79.00
-79.00
-78.99
-78.99
-78.99
-78.99
-78.99
-78.99
-78.99
-78.99
-79.00
-79.00
-79.00
-79.01
-79.00
-79.00
-78.99
-78.98
-78.98
-78.99
-78.99
-78.99
-78.98
-78.99
-78.99
-79.00
-79.00
-79.00
-79.01
-79.01
-79.01
-79.00
-79.00
-79.00
-78.99
-78.99
-78.99
-78.99
-78.99
-78.99
-78.99
-78.99
-78.99
-79.00
-79.00
-78.99
-78.99
-78.99
-78.99
-79.00
-78.99
-79.00
-79.00
-79.00
-79.00
-79.00
-79.00
-79.00
-79.00
-79.00
-79.00
-79.01
-79.01
-79.01
-79.01
-79.01
-79.01
-79.01
-79.01
-79.01
-79.01
-79.00
-79.00
-78.99
-78.99
-78.99
-78.98
-78.99
-78.99
-78.99
-79.00
-79.00
-79.01
-79.00
-79.01
-79.01
-79.01
-79.01
-79.01
-79.00
-79.01
-79.01
-79.01
-79.01
-79.02
-79.02
-79.02
-79.02
-79.02
-79.01
-79.01
-79.01
-79.01
-79.01
-79.01
-79.01
-79.01
-79.01
-79.01
-79.00
-79.00
-79.00
-79.00
-79.00
-79.00
-79.01
-79.01
-79.01
-79.01
-79.01
-79.01
-79.01
-79.01
-79.01
-79.01
-79.01
-79.00
-79.01
-79.00
-79.00
-79.00
-79.00
-79.00
-78.99
-78.99
-78.99
-78.99
-78.99
-78.99
-79.00
-79.00
-79.00
-78.99
-78.99
-78.99
-78.99
-78.99
-78.99
-78.99
-78.98
-78.98
-78.99
-78.99
-78.99
-79.00
-79.00
-79.00
-79.00
-79.00
-79.00
-79.00
-79.00
-79.00
-79.00
-79.00
-79.00
-79.00
-79.00
-79.00
-79.00
-79.00
-79.01
-79.02
-79.02
-79.02
-79.02
-79.02
-79.03
-79.04
-79.03
-79.03
-79.03
-79.03
-79.04
-79.04
-79.04
-79.04
-79.04
-79.04
-79.03
-79.03
-79.04
-79.05
-79.04
-79.04
-79.05
-79.05
-79.05
-79.06
-79.06
-79.07
-79.06
-79.06
-79.05
-79.05
-79.05
-79.05
-79.05
-79.05
-79.06
-79.06
-79.06
-79.06
-79.05
-79.05
-79.05
-79.05
-79.05
-79.05
-79.04
-79.04
-79.03
-79.03
-79.03
-79.03
-79.03
-79.02
-79.02
-79.02
-79.02
-79.03
-79.03
-79.03
-79.03
-79.03
-79.02
-79.02
-79.02
-79.03
-79.02
-79.02
-79.02
-79.02
-79.03
-79.02
-79.02
-79.02
-79.02
-79.02
-79.02
-79.02
-79.02
-79.02
-79.02
-79.02
-79.02
-79.02
-79.02
-79.02
-79.02
-79.02
-79.02
-79.02
-79.02
-79.02
-79.02
-79.03
-79.03
-79.03
-79.03
-79.03
-79.03
-79.03
-79.03
-79.03
-79.03
-79.03
-79.03
-79.03
-79.02
-79.02
-79.02
-79.02
-79.02
-79.02
-79.03
-79.02
-79.02
-79.02
-79.02
-79.02
-79.02
-79.01
-79.01
-79.01
-79.01
-79.01
-79.01
-79.00
-79.00
-79.00
-79.00
-79.00
-79.00
-79.00
-79.00
-79.00
-79.00
-79.00
-79.00
-79.00
-79.00
-79.00
-79.00
-79.00
-78.99
-78.99
-79.00
-79.00
-79.00
-78.99
-78.99
-79.00
-79.00
-79.01
-79.00
-79.00
-79.00
-79.00
-79.00
-79.00
-79.00
-79.00
-79.00
-79.00
-79.00
-79.00
-79.00
-79.00
-79.00
-79.00
-79.00
-79.00
-79.00
-79.00
-79.00
-79.00
-79.00
-79.01
-79.00
-79.00
-79.00
-79.00
-79.00
