Frequency: 1.000000
Sample Rate: 2000000.000000
Vector Length: 1
Notes: 
-379.30
-94.78
-90.72
-89.34
-88.28
-87.55
-86.94
-86.40
-85.94
-85.51
-85.12
-84.76
-84.43
-84.13
-83.85
-83.58
-83.33
-83.09
-82.86
-82.64
-82.44
-82.25
-82.06
-81.87
-81.70
-81.53
-81.37
-81.22
-81.08
-80.93
-80.79
-80.66
-80.53
-80.40
-80.28
-80.16
-80.04
-79.93
-79.82
-79.71
-79.61
-79.50
-79.41
-79.31
-79.21
-79.12
-79.03
-78.93
-78.91
-78.90
-78.90
-78.90
-78.90
-78.91
-78.91
-78.91
-78.91
-78.91
-78.91
-78.91
-78.91
-78.91
-78.91
-78.90
-78.91
-78.91
-78.91
-78.91
-78.91
-78.91
-78.91
-78.92
-78.92
-78.92
-78.92
-78.92
-78.92
-78.92
-78.92
-78.91
-78.91
-78.91
-78.91
-78.91
-78.91
-78.92
-78.92
-78.92
-78.92
-78.92
-78.91
-78.91
-78.91
-78.91
-78.92
-78.92
-78.92
-78.92
-78.92
-78.92
-78.91
-78.92
-78.92
-78.91
-78.92
-78.92
-78.91
-78.91
-78.92
-78.92
-78.92
-78.92
-78.92
-78.91
-78.91
-78.91
-78.91
-78.90
-78.90
-78.90
-78.90
-78.90
-78.90
-78.90
-78.90
-78.90
-78.90
-78.89
-78.90
-78.89
-78.89
-78.90
-78.89
-78.89
-78.88
-78.88
-78.89
-78.89
-78.89
-78.90
-78.89
-78.89
-78.89
-78.89
-78.89
-78.89
-78.89
-78.90
-78.89
-78.89
-78.89
-78.89
-78.88
-78.88
-78.88
-78.88
-78.88
-78.88
-78.87
-78.87
-78.87
-78.87
-78.88
-78.88
-78.88
-78.88
-78.88
-78.87
-78.87
-78.87
-78.88
-78.88
-78.88
-78.88
-78.88
-78.89
-78.89
-78.89
-78.89
-78.88
-78.89
-78.88
-78.88
-78.88
-78.88
-78.87
-78.88
-78.88
-78.87
-78.87
-78.87
-78.87
-78.87
-78.87
-78.86
-78.86
-78.86
-78.87
-78.87
-78.87
-78.87
-78.88
-78.88
-78.88
-78.88
-78.87
-78.88
-78.88
-78.88
-78.88
-78.88
-78.88
-78.89
-78.89
-78.89
-78.89
-78.89
-78.89
-78.88
-78.89
-78.89
-78.89
-78.89
-78.89
-78.89
-78.88
-78.88
-78.88
-78.88
-78.89
-78.89
-78.89
-78.90
-78.90
-78.90
-78.90
-78.90
-78.90
-78.91
-78.91
-78.91
-78.91
-78.91
-78.91
-78.91
-78.91
-78.91
-78.91
-78.91
-78.91
-78.92
-78.92
-78.91
-78.92
-78.93
-78.92
-78.92
-78.92
-78.92
-78.92
-78.92
-78.91
-78.91
-78.92
-78.93
-78.93
-78.93
-78.94
-78.93
-78.94
-78.94
-78.93
-78.92
-78.92
-78.92
-78.92
-78.92
-78.93
-78.93
-78.92
-78.92
-78.92
-78.91
-78.92
-78.92
-78.92
-78.92
-78.92
-78.92
-78.92
-78.92
-78.92
-78.92
-78.93
-78.93
-78.93
-78.93
-78.93
-78.93
-78.93
-78.93
-78.93
-78.93
-78.92
-78.92
-78.92
-78.92
-78.92
-78.93
-78.92
-78.93
-78.92
-78.92
-78.92
-78.92
-78.92
-78.92
-78.91
-78.92
-78.92
-78.92
-78.93
-78.93
-78.93
-78.92
-78.92
-78.92
-78.92
-78.93
-78.93
-78.93
-78.93
-78.93
-78.92
-78.93
-78.92
-78.92
-78.92
-78.92
-78.92
-78.92
-78.91
-78.91
-78.91
-78.91
-78.91
-78.91
-78.91
-78.91
-78.91
-78.91
-78.92
-78.92
-78.91
-78.92
-78.91
-78.92
-78.91
-78.91
-78.91
-78.91
-78.91
-78.91
-78.90
-78.90
-78.90
-78.90
-78.91
-78.91
-78.90
-78.90
-78.90
-78.90
-78.91
-78.91
-78.91
-78.91
-78.91
-78.91
-78.90
-78.91
-78.91
-78.91
-78.91
-78.91
-78.90
-78.90
-78.91
-78.91
-78.90
-78.91
-78.91
-78.91
-78.91
-78.91
-78.91
-78.91
-78.91
-78.91
-78.91
-78.91
-78.91
-78.91
-78.91
-78.91
-78.91
-78.91
-78.91
-78.91
-78.91
-78.91
-78.90
-78.90
-78.91
-78.91
-78.91
-78.91
-78.91
-78.91
-78.91
-78.91
-78.92
-78.92
-78.91
-78.91
-78.91
-78.91
-78.91
-78.91
-78.91
-78.91
-78.91
-78.91
-78.91
-78.91
-78.91
-78.91
-78.92
-78.92
-78.92
-78.91
-78.91
-78.91
-78.91
-78.91
-78.91
-78.91
-78.91
-78.91
-78.92
-78.91
-78.91
-78.91
-78.92
-78.92
-78.92
-78.92
-78.92
-78.92
-78.92
-78.93
-78.93
-78.93
-78.93
-78.92
-78.92
-78.92
-78.91
-78.91
-78.91
-78.91
-78.91
-78.91
-78.91
-78.91
-78.91
-78.91
-78.91
-78.91
-78.91
-78.91
-78.91
-78.91
-78.91
-78.91
