Frequency: 1.000000
Sample Rate: 2000000.000000
Vector Length: 1
Notes: 
-379.30
-81.65
-78.85
-77.09
-75.91
-74.99
-74.19
-73.54
-72.95
-72.44
-71.96
-71.56
-71.19
-70.84
-70.54
-70.26
-69.98
-69.72
-69.47
-69.23
-69.00
-68.80
-68.60
-68.37
-68.19
-68.03
-67.86
-67.70
-67.55
-67.38
-67.23
-67.10
-66.96
-66.83
-66.70
-66.58
-66.46
-66.34
-66.22
-66.11
-66.00
-65.89
-65.78
-65.68
-65.58
-65.48
-65.39
-65.30
-65.21
-65.15
-65.15
-65.15
-65.15
-65.15
-65.15
-65.15
-65.15
-65.15
-65.15
-65.16
-65.16
-65.16
-65.15
-65.15
-65.15
-65.15
-65.15
-65.15
-65.16
-65.15
-65.14
-65.14
-65.14
-65.14
-65.14
-65.13
-65.13
-65.13
-65.14
-65.14
-65.14
-65.15
-65.15
-65.14
-65.14
-65.14
-65.14
-65.15
-65.15
-65.14
-65.15
-65.14
-65.14
-65.14
-65.14
-65.14
-65.13
-65.14
-65.14
-65.14
-65.15
-65.15
-65.15
-65.15
-65.15
-65.14
-65.15
-65.14
-65.14
-65.14
-65.14
-65.14
-65.14
-65.14
-65.13
-65.14
-65.14
-65.14
-65.15
-65.15
-65.15
-65.15
-65.16
-65.15
-65.15
-65.15
-65.15
-65.15
-65.14
-65.14
-65.15
-65.15
-65.14
-65.14
-65.15
-65.14
-65.14
-65.15
-65.15
-65.15
-65.16
-65.16
-65.15
-65.16
-65.15
-65.16
-65.16
-65.15
-65.15
-65.15
-65.15
-65.14
-65.14
-65.15
-65.15
-65.16
-65.15
-65.15
-65.15
-65.16
-65.15
-65.16
-65.16
-65.16
-65.15
-65.15
-65.14
-65.15
-65.15
-65.14
-65.16
-65.16
-65.15
-65.15
-65.15
-65.15
-65.15
-65.15
-65.15
-65.15
-65.15
-65.15
-65.15
-65.15
-65.14
-65.14
-65.14
-65.14
-65.15
-65.15
-65.15
-65.16
-65.15
-65.16
-65.16
-65.15
-65.15
-65.15
-65.15
-65.16
-65.15
-65.16
-65.15
-65.15
-65.16
-65.16
-65.15
-65.15
-65.15
-65.15
-65.15
-65.16
-65.15
-65.15
-65.16
-65.15
-65.15
-65.15
-65.15
-65.16
-65.16
-65.17
-65.17
-65.16
-65.16
-65.16
-65.16
-65.16
-65.15
-65.15
-65.15
-65.15
-65.15
-65.16
-65.16
-65.16
-65.15
-65.15
-65.15
-65.15
-65.15
-65.15
-65.15
-65.16
-65.16
-65.16
-65.16
-65.16
-65.16
-65.15
-65.15
-65.14
-65.14
-65.14
-65.14
-65.14
-65.14
-65.15
-65.14
-65.14
-65.14
-65.15
-65.14
-65.15
-65.14
-65.14
-65.14
-65.14
-65.14
-65.14
-65.13
-65.13
-65.14
-65.13
-65.13
-65.14
-65.14
-65.13
-65.14
-65.14
-65.15
-65.15
-65.15
-65.14
-65.14
-65.15
-65.15
-65.15
-65.14
-65.15
-65.15
-65.15
-65.15
-65.15
-65.15
-65.14
-65.14
-65.14
-65.14
-65.15
-65.15
-65.15
-65.16
-65.16
-65.16
-65.16
-65.15
-65.16
-65.16
-65.16
-65.15
-65.15
-65.16
-65.15
-65.15
-65.16
-65.16
-65.16
-65.15
-65.16
-65.16
-65.16
-65.15
-65.15
-65.15
-65.15
-65.16
-65.15
-65.15
-65.15
-65.14
-65.14
-65.15
-65.14
-65.14
-65.15
-65.15
-65.15
-65.15
-65.14
-65.14
-65.14
-65.13
-65.13
-65.13
-65.13
-65.14
-65.14
-65.14
-65.14
-65.14
-65.14
-65.14
-65.13
-65.13
-65.13
-65.13
-65.13
-65.13
-65.13
-65.13
-65.13
-65.13
-65.13
-65.13
-65.13
-65.13
-65.14
-65.14
-65.14
-65.13
-65.14
-65.14
-65.15
-65.15
-65.15
-65.14
-65.14
-65.15
-65.15
-65.15
-65.15
-65.14
-65.14
-65.14
-65.13
-65.14
-65.14
-65.14
-65.14
-65.14
-65.14
-65.15
-65.15
-65.14
-65.14
-65.14
-65.14
-65.14
-65.14
-65.14
-65.14
-65.14
-65.14
-65.15
-65.14
-65.15
-65.15
-65.15
-65.16
-65.16
-65.15
-65.15
-65.15
-65.15
-65.14
-65.14
-65.14
-65.14
-65.14
-65.14
-65.14
-65.13
-65.13
-65.14
-65.14
-65.14
-65.14
-65.14
-65.14
-65.14
-65.14
-65.14
-65.14
-65.15
-65.15
-65.14
-65.14
-65.15
-65.15
-65.15
-65.15
-65.16
-65.15
-65.15
-65.15
-65.15
-65.15
-65.15
-65.15
-65.15
-65.15
-65.15
-65.15
-65.15
-65.14
-65.15
-65.14
-65.14
-65.15
-65.15
-65.15
-65.15
-65.15
-65.15
-65.15
-65.15
-65.16
-65.16
-65.16
-65.16
-65.16
-65.16
-65.15
-65.15
-65.15
-65.15
-65.15
-65.15
-65.15
-65.15
-65.15
-65.15
-65.14
