Frequency: 1.000000
Sample Rate: 2000000.000000
Vector Length: 1
Notes: 
-379.30
-95.36
-91.61
-90.26
-89.23
-88.41
-87.70
-87.09
-86.54
-86.03
-85.60
-85.19
-84.84
-84.51
-84.20
-83.91
-83.63
-83.37
-83.13
-82.91
-82.69
-82.48
-82.30
-82.11
-81.93
-81.75
-81.59
-81.43
-81.29
-81.14
-80.99
-80.86
-80.72
-80.58
-80.45
-80.33
-80.21
-80.09
-79.97
-79.86
-79.75
-79.65
-79.55
-79.46
-79.36
-79.26
-79.16
-79.07
-78.98
-78.96
-78.95
-78.95
-78.95
-78.94
-78.94
-78.94
-78.94
-78.94
-78.94
-78.94
-78.95
-78.94
-78.94
-78.94
-78.95
-78.95
-78.95
-78.95
-78.95
-78.95
-78.95
-78.95
-78.95
-78.95
-78.94
-78.94
-78.94
-78.94
-78.94
-78.94
-78.93
-78.94
-78.94
-78.94
-78.94
-78.94
-78.95
-78.95
-78.95
-78.94
-78.94
-78.94
-78.93
-78.94
-78.94
-78.94
-78.94
-78.94
-78.94
-78.94
-78.93
-78.93
-78.93
-78.93
-78.93
-78.93
-78.93
-78.93
-78.93
-78.93
-78.93
-78.93
-78.93
-78.92
-78.92
-78.92
-78.92
-78.91
-78.92
-78.92
-78.92
-78.92
-78.92
-78.92
-78.92
-78.91
-78.92
-78.92
-78.92
-78.92
-78.92
-78.91
-78.91
-78.90
-78.90
-78.90
-78.90
-78.90
-78.90
-78.90
-78.90
-78.90
-78.89
-78.89
-78.89
-78.89
-78.89
-78.90
-78.90
-78.90
-78.90
-78.90
-78.90
-78.90
-78.89
-78.90
-78.89
-78.90
-78.90
-78.90
-78.91
-78.91
-78.91
-78.91
-78.92
-78.91
-78.91
-78.91
-78.91
-78.91
-78.91
-78.91
-78.91
-78.90
-78.90
-78.90
-78.90
-78.90
-78.90
-78.90
-78.90
-78.91
-78.91
-78.91
-78.91
-78.91
-78.91
-78.91
-78.91
-78.91
-78.92
-78.92
-78.91
-78.92
-78.92
-78.92
-78.92
-78.92
-78.92
-78.92
-78.92
-78.92
-78.92
-78.92
-78.92
-78.92
-78.91
-78.92
-78.92
-78.92
-78.91
-78.92
-78.91
-78.91
-78.92
-78.92
-78.92
-78.92
-78.93
-78.93
-78.93
-78.93
-78.93
-78.93
-78.93
-78.93
-78.93
-78.93
-78.93
-78.93
-78.92
-78.92
-78.92
-78.92
-78.93
-78.93
-78.93
-78.93
-78.93
-78.93
-78.94
-78.94
-78.93
-78.93
-78.93
-78.92
-78.93
-78.93
-78.93
-78.94
-78.94
-78.95
-78.94
-78.94
-78.94
-78.94
-78.93
-78.94
-78.93
-78.93
-78.93
-78.93
-78.93
-78.92
-78.92
-78.92
-78.92
-78.91
-78.91
-78.91
-78.91
-78.92
-78.92
-78.92
-78.92
-78.93
-78.92
-78.92
-78.92
-78.92
-78.91
-78.91
-78.91
-78.92
-78.92
-78.92
-78.92
-78.92
-78.92
-78.92
-78.92
-78.91
-78.91
-78.91
-78.91
-78.91
-78.91
-78.90
-78.90
-78.89
-78.89
-78.90
-78.90
-78.90
-78.90
-78.90
-78.90
-78.90
-78.90
-78.90
-78.90
-78.90
-78.90
-78.90
-78.91
-78.91
-78.91
-78.91
-78.91
-78.91
-78.92
-78.91
-78.91
-78.91
-78.91
-78.91
-78.91
-78.92
-78.92
-78.92
-78.92
-78.92
-78.92
-78.91
-78.91
-78.90
-78.90
-78.90
-78.90
-78.90
-78.90
-78.90
-78.90
-78.90
-78.90
-78.90
-78.90
-78.91
-78.91
-78.91
-78.90
-78.91
-78.91
-78.91
-78.91
-78.91
-78.91
-78.92
-78.91
-78.91
-78.91
-78.91
-78.91
-78.91
-78.91
-78.91
-78.91
-78.91
-78.91
-78.90
-78.91
-78.91
-78.91
-78.91
-78.91
-78.91
-78.90
-78.90
-78.90
-78.90
-78.91
-78.91
-78.90
-78.91
-78.90
-78.90
-78.91
-78.91
-78.91
-78.91
-78.91
-78.90
-78.91
-78.91
-78.91
-78.91
-78.91
-78.91
-78.91
-78.91
-78.90
-78.91
-78.91
-78.91
-78.91
-78.91
-78.91
-78.91
-78.91
-78.91
-78.91
-78.91
-78.91
-78.91
-78.90
-78.90
-78.90
-78.91
-78.91
-78.91
-78.90
-78.90
-78.90
-78.90
-78.90
-78.91
-78.91
-78.91
-78.91
-78.91
-78.91
-78.92
-78.92
-78.93
-78.92
-78.93
-78.93
-78.92
-78.92
-78.93
-78.93
-78.92
-78.92
-78.92
-78.92
-78.93
-78.93
-78.92
-78.92
-78.92
-78.92
-78.92
-78.92
-78.92
-78.92
-78.93
-78.93
-78.93
-78.93
-78.93
-78.92
-78.92
-78.92
-78.92
-78.93
-78.93
-78.93
-78.93
-78.93
-78.93
-78.92
-78.93
-78.93
-78.93
-78.93
-78.93
-78.93
-78.93
-78.93
-78.92
-78.92
-78.92
-78.91
-78.91
-78.91
-78.91
