Frequency: 1.000000
Sample Rate: 1000000.000000
Vector Length: 1
Notes: 
-379.30
-101.76
-99.22
-97.98
-96.97
-97.07
-97.15
-97.01
-96.97
-96.70
-96.71
-96.54
-96.53
-96.61
-96.68
-96.76
-96.79
-96.91
-96.85
-96.98
-96.99
-96.76
-96.80
-96.63
-96.71
-96.71
-96.64
-96.58
-96.63
-96.51
-96.51
-96.62
-96.62
-96.58
-96.68
-96.77
-96.87
-96.97
-96.95
-96.77
-96.78
-96.89
-96.88
-96.97
-96.99
-96.83
-96.84
-96.81
-96.77
-96.72
-96.62
-96.67
-96.54
-96.56
-96.72
-96.58
-96.45
-96.51
-96.33
-96.40
-96.49
-96.53
-96.61
-96.51
-96.50
-96.59
-96.61
-96.70
-96.90
-96.93
-96.83
-96.82
-96.71
-96.67
-96.69
-96.68
-96.50
-96.50
-96.53
-96.76
-97.03
-97.09
-97.08
-96.95
-96.81
-96.97
-96.91
-96.95
-97.06
-96.96
-97.12
-97.03
-96.99
-96.93
-96.95
-96.79
-96.68
-96.62
-96.65
-96.62
-96.65
-96.88
-96.90
-96.77
-96.82
-96.66
-96.59
-96.75
-96.67
-96.88
-96.79
-96.69
-96.76
-96.66
-96.73
-96.83
-96.71
-96.82
-96.83
-97.08
-97.14
-97.08
-97.00
-96.74
-96.54
-96.50
-96.54
-96.52
-96.77
-96.83
-96.83
-96.90
-96.74
-96.59
-96.69
-96.70
-96.99
-97.07
-97.09
-96.97
-96.72
-96.66
-96.60
-96.63
-96.61
-96.75
-96.71
-96.76
-96.87
-96.77
-96.72
-96.59
-96.55
-96.53
-96.56
-96.71
-96.69
-96.78
-96.83
-96.82
-96.64
-96.58
-96.54
-96.62
-96.70
-96.73
-96.77
-96.75
-96.95
-96.89
-96.73
-96.83
-96.78
-96.85
-96.97
-96.99
-96.90
-96.85
-96.82
-96.71
-96.61
-96.30
-96.32
-96.37
-96.51
-96.61
-96.75
-96.50
-96.47
-96.73
-96.81
-96.86
-97.06
-96.80
-96.69
-96.55
-96.61
-96.69
-96.67
-96.64
-96.56
-96.36
-96.04
-93.65
-68.76
-68.54
-68.54
-68.54
-74.02
-94.16
-96.31
-96.68
-96.71
-96.68
-96.75
-96.71
-96.51
-96.51
-96.64
-96.77
-96.78
-96.97
-96.80
-96.72
-96.63
-96.56
-96.70
-97.03
-97.06
-97.14
-96.92
-96.60
-96.36
-96.35
-96.45
-96.62
-96.70
-96.61
-96.47
-96.64
-96.74
-96.86
-96.87
-96.61
-96.73
-96.76
-96.92
-96.84
-97.03
-96.90
-96.85
-97.01
-96.78
-96.67
-96.64
-96.55
-96.44
-96.49
-96.43
-96.51
-96.68
-96.84
-96.62
-96.63
-96.48
-96.42
-96.58
-96.65
-96.76
-96.89
-96.84
-96.66
-96.63
-96.53
-96.61
-96.56
-96.50
-96.60
-96.61
-96.61
-96.85
-96.73
-96.73
-96.84
-96.84
-96.92
-96.91
-96.88
-96.90
-96.81
-96.87
-96.68
-96.75
-96.84
-96.93
-96.94
-96.95
-96.80
-96.74
-96.75
-96.70
-96.99
-96.80
-96.84
-96.70
-96.54
-96.77
-96.71
-96.61
-96.62
-96.61
-96.73
-96.79
-96.69
-96.66
-96.63
-96.69
-96.63
-96.63
-96.72
-96.80
-96.78
-96.95
-96.74
-96.56
-96.71
-96.48
-96.55
-96.60
-96.53
-96.51
-96.50
-96.65
-96.72
-96.78
-96.82
-96.79
-96.87
-96.76
-96.98
-96.92
-96.72
-96.87
-96.94
-96.79
-96.87
-96.76
-96.70
-96.68
-96.68
-96.72
-96.78
-96.93
-97.00
-96.95
-96.81
-96.86
-96.80
-96.63
-96.60
-96.39
-96.40
-96.52
-96.80
-96.86
-96.94
-96.85
-96.58
-96.67
-96.73
-96.78
-96.82
-97.06
-96.87
-96.98
-96.91
-96.81
-96.75
-96.76
-96.72
-96.88
-96.80
-96.72
-96.71
-96.79
-96.81
-96.62
-96.72
-96.80
-96.67
-96.73
-96.66
-96.58
-96.59
-96.61
-96.55
-96.53
-96.49
-96.48
-96.62
-96.64
-96.57
-96.62
-96.65
-96.67
-96.67
-96.62
-96.65
-96.49
-96.50
-96.55
-96.68
-96.64
-96.82
-96.87
-96.97
-96.90
-96.59
-96.59
-96.48
