Frequency: 1.000000
Sample Rate: 1000000.000000
Vector Length: 1
Notes: 
-379.30
-108.24
-105.60
-103.27
-102.17
-101.88
-101.05
-100.93
-100.58
-100.37
-100.45
-100.55
-100.62
-101.17
-101.03
-101.11
-101.06
-101.09
-101.16
-101.01
-101.16
-100.96
-101.05
-101.13
-101.17
-101.10
-101.11
-101.17
-101.34
-101.19
-101.21
-101.04
-100.79
-100.81
-100.80
-100.85
-101.01
-101.18
-101.20
-101.32
-101.28
-101.23
-100.98
-101.01
-100.24
-100.20
-100.44
-100.51
-101.21
-101.26
-101.18
-101.14
-100.39
-100.29
-100.30
-100.60
-101.15
-101.22
-101.03
-101.05
-101.16
-101.15
-101.21
-101.26
-101.09
-101.04
-101.03
-100.98
-100.88
-101.02
-100.95
-101.15
-101.23
-101.26
-101.37
-101.30
-101.07
-101.02
-100.79
-100.09
-100.12
-100.19
-100.33
-101.19
-101.25
-101.30
-101.05
-100.99
-101.02
-101.03
-101.21
-101.27
-101.22
-101.06
-101.11
-101.31
-101.25
-101.09
-100.94
-100.84
-100.91
-101.06
-100.94
-101.11
-101.20
-101.19
-101.26
-100.98
-100.95
-100.98
-101.04
-100.65
-100.70
-100.58
-100.50
-100.84
-100.82
-100.87
-100.97
-101.06
-101.25
-101.34
-101.19
-101.29
-101.12
-101.05
-101.31
-101.07
-101.18
-101.07
-100.97
-100.89
-100.98
-101.08
-101.02
-101.12
-100.93
-101.11
-101.05
-101.06
-101.08
-100.83
-100.90
-100.83
-100.88
-101.00
-100.96
-100.81
-100.91
-100.84
-100.85
-101.13
-101.16
-101.08
-100.99
-100.75
-100.83
-100.79
-101.05
-101.05
-100.91
-100.96
-100.98
-100.99
-101.08
-100.99
-100.75
-100.83
-100.89
-100.88
-101.04
-101.00
-100.82
-100.62
-100.59
-100.60
-100.75
-100.97
-101.18
-101.31
-101.23
-101.33
-101.06
-101.06
-101.03
-100.92
-101.10
-101.06
-101.13
-101.05
-101.07
-100.94
-100.94
-100.86
-100.72
-100.82
-100.91
-100.97
-101.21
-101.09
-100.95
-101.21
-101.12
-101.03
-101.16
-101.01
-101.03
-101.12
-101.09
-101.08
-101.05
-100.89
-100.83
-101.05
-100.94
-100.98
-100.99
-100.97
-101.00
-101.28
-101.16
-101.16
-101.17
-101.03
-101.09
-101.17
-101.16
-101.12
-101.28
-101.17
-101.28
-101.33
-101.24
-101.16
-101.01
-101.10
-101.09
-101.24
-101.09
-100.97
-100.93
-100.95
-101.12
-101.10
-101.18
-101.14
-101.12
-101.25
-101.31
-101.18
-101.29
-101.02
-100.92
-100.86
-100.86
-100.90
-100.83
-100.73
-100.72
-100.62
-100.78
-100.34
-100.43
-100.43
-100.54
-100.65
-100.93
-100.95
-100.93
-100.87
-100.90
-100.88
-100.90
-100.83
-100.93
-100.92
-101.03
-101.02
-100.99
-100.92
-101.05
-101.16
-101.14
-101.22
-100.75
-100.77
-100.66
-100.70
-101.22
-101.11
-101.33
-101.27
-101.26
-99.03
-98.98
-99.07
-99.10
-101.42
-101.30
-101.14
-101.21
-101.03
-101.12
-101.04
-100.91
-100.90
-100.97
-100.57
-100.75
-100.83
-100.91
-101.33
-101.39
-101.21
-101.02
-100.90
-100.79
-100.90
-100.86
-100.91
-100.85
-100.82
-101.04
-101.12
-101.07
-101.16
-101.10
-100.88
-101.05
-101.14
-100.94
-101.05
-101.03
-100.79
-100.85
-100.90
-100.76
-100.87
-101.13
-101.07
-101.22
-101.13
-101.18
-99.16
-99.08
-99.16
-99.10
-101.16
-100.96
-101.00
-101.02
-101.12
-100.85
-100.85
-100.82
-100.66
-101.03
-101.07
-100.93
-101.02
-100.94
-100.95
-101.10
-101.06
-101.10
-101.06
-101.07
-101.07
-100.99
-101.07
-101.15
-101.05
-101.20
-101.07
-101.06
-100.68
-100.64
-100.72
-100.58
-100.89
-100.79
-100.76
-100.88
-100.91
-101.00
-101.01
-101.07
-101.25
-101.33
-101.41
-101.38
-101.38
-101.34
-101.27
-101.13
-101.15
-101.15
-101.13
-100.65
-100.68
-100.66
-100.72
-101.07
-101.04
-101.02
-101.04
-101.10
-101.07
-101.26
-101.21
-101.36
-101.51
-101.25
-101.36
-101.27
-101.05
-101.15
-101.13
-101.13
