Frequency: 1.000000
Sample Rate: 2000000.000000
Vector Length: 1
Notes: 
-379.30
-95.41
-90.94
-89.49
-88.56
-87.77
-87.14
-86.57
-86.06
-85.61
-85.19
-84.83
-84.49
-84.17
-83.86
-83.58
-83.32
-83.08
-82.84
-82.62
-82.42
-82.23
-82.03
-81.84
-81.66
-81.49
-81.33
-81.17
-81.03
-80.89
-80.74
-80.61
-80.48
-80.35
-80.23
-80.11
-79.99
-79.87
-79.75
-79.64
-79.54
-79.43
-79.33
-79.23
-79.14
-79.04
-78.95
-78.86
-78.81
-78.79
-78.79
-78.79
-78.79
-78.80
-78.80
-78.80
-78.80
-78.80
-78.79
-78.80
-78.80
-78.80
-78.80
-78.80
-78.80
-78.80
-78.80
-78.80
-78.81
-78.80
-78.80
-78.81
-78.81
-78.81
-78.81
-78.81
-78.81
-78.80
-78.81
-78.81
-78.81
-78.81
-78.81
-78.80
-78.81
-78.81
-78.81
-78.81
-78.81
-78.80
-78.80
-78.81
-78.81
-78.81
-78.81
-78.80
-78.80
-78.80
-78.80
-78.80
-78.79
-78.79
-78.80
-78.80
-78.80
-78.80
-78.80
-78.80
-78.80
-78.80
-78.80
-78.80
-78.80
-78.80
-78.80
-78.80
-78.80
-78.79
-78.80
-78.79
-78.79
-78.79
-78.79
-78.80
-78.80
-78.79
-78.79
-78.79
-78.79
-78.79
-78.79
-78.80
-78.80
-78.80
-78.80
-78.80
-78.80
-78.81
-78.81
-78.81
-78.81
-78.81
-78.81
-78.81
-78.81
-78.81
-78.81
-78.81
-78.82
-78.82
-78.81
-78.81
-78.81
-78.81
-78.81
-78.81
-78.81
-78.82
-78.82
-78.82
-78.82
-78.82
-78.82
-78.82
-78.81
-78.83
-78.83
-78.83
-78.83
-78.83
-78.82
-78.82
-78.83
-78.83
-78.83
-78.83
-78.83
-78.83
-78.83
-78.83
-78.83
-78.83
-78.83
-78.83
-78.83
-78.83
-78.83
-78.83
-78.82
-78.82
-78.82
-78.82
-78.82
-78.82
-78.82
-78.82
-78.82
-78.82
-78.83
-78.83
-78.83
-78.83
-78.83
-78.82
-78.83
-78.83
-78.83
-78.82
-78.83
-78.83
-78.82
-78.82
-78.83
-78.82
-78.82
-78.81
-78.81
-78.81
-78.82
-78.82
-78.82
-78.82
-78.81
-78.81
-78.81
-78.81
-78.81
-78.81
-78.80
-78.80
-78.80
-78.80
-78.80
-78.79
-78.80
-78.79
-78.79
-78.79
-78.79
-78.79
-78.79
-78.79
-78.79
-78.79
-78.78
-78.78
-78.78
-78.78
-78.78
-78.77
-78.77
-78.77
-78.77
-78.77
-78.77
-78.77
-78.78
-78.78
-78.78
-78.78
-78.78
-78.79
-78.79
-78.79
-78.79
-78.79
-78.79
-78.79
-78.79
-78.79
-78.79
-78.79
-78.79
-78.79
-78.79
-78.79
-78.80
-78.80
-78.80
-78.80
-78.80
-78.80
-78.80
-78.80
-78.81
-78.80
-78.80
-78.81
-78.81
-78.81
-78.81
-78.81
-78.82
-78.82
-78.82
-78.82
-78.83
-78.83
-78.83
-78.84
-78.84
-78.84
-78.84
-78.84
-78.83
-78.82
-78.82
-78.83
-78.83
-78.83
-78.83
-78.83
-78.83
-78.83
-78.83
-78.83
-78.82
-78.82
-78.82
-78.82
-78.82
-78.82
-78.82
-78.81
-78.81
-78.81
-78.82
-78.82
-78.82
-78.83
-78.82
-78.82
-78.83
-78.82
-78.82
-78.82
-78.82
-78.82
-78.82
-78.82
-78.81
-78.81
-78.81
-78.81
-78.81
-78.80
-78.80
-78.79
-78.79
-78.79
-78.79
-78.79
-78.79
-78.79
-78.79
-78.78
-78.78
-78.78
-78.78
-78.77
-78.77
-78.77
-78.77
-78.77
-78.78
-78.78
-78.78
-78.78
-78.78
-78.78
-78.78
-78.78
-78.78
-78.78
-78.78
-78.77
-78.77
-78.77
-78.76
-78.77
-78.76
-78.77
-78.77
-78.77
-78.77
-78.77
-78.77
-78.77
-78.77
-78.77
-78.77
-78.77
-78.77
-78.77
-78.76
-78.77
-78.77
-78.77
-78.78
-78.78
-78.77
-78.78
-78.78
-78.77
-78.77
-78.77
-78.77
-78.77
-78.77
-78.78
-78.78
-78.78
-78.78
-78.78
-78.78
-78.78
-78.78
-78.77
-78.78
-78.78
-78.77
-78.78
-78.78
-78.78
-78.78
-78.79
-78.79
-78.79
-78.78
-78.79
-78.79
-78.79
-78.80
-78.79
-78.79
-78.79
-78.79
-78.79
-78.79
-78.79
-78.79
-78.80
-78.80
-78.80
-78.80
-78.80
-78.80
-78.80
-78.80
-78.80
-78.80
-78.81
-78.81
-78.81
-78.81
-78.80
-78.80
-78.80
-78.80
-78.80
-78.80
-78.80
-78.80
-78.80
-78.80
-78.80
-78.81
-78.81
-78.81
-78.81
-78.81
-78.80
-78.80
-78.80
-78.80
-78.80
-78.81
-78.81
-78.81
-78.80
-78.80
-78.80
-78.81
-78.80
-78.80
-78.80
-78.81
-78.81
