Frequency: 1.000000
Sample Rate: 2000000.000000
Vector Length: 1
Notes: 
-379.30
-95.12
-89.76
-88.59
-87.82
-87.16
-86.50
-86.01
-85.56
-85.15
-84.78
-84.44
-83.79
-83.53
-83.28
-83.05
-82.81
-82.60
-82.39
-82.19
-82.00
-81.82
-81.48
-81.32
-81.16
-81.01
-80.86
-80.73
-80.60
-80.46
-80.33
-80.21
-79.96
-79.84
-79.73
-79.63
-79.52
-79.42
-79.31
-79.21
-79.11
-79.02
-78.84
-78.75
-78.67
-78.58
-78.50
-78.42
-78.37
-78.36
-78.36
-78.44
-78.35
-78.35
-78.34
-78.34
-78.34
-78.34
-78.34
-78.34
-78.41
-78.35
-78.35
-78.34
-78.34
-78.34
-78.34
-78.34
-78.35
-78.34
-78.43
-78.36
-78.36
-78.36
-78.36
-78.36
-78.36
-78.36
-78.36
-78.36
-78.45
-78.37
-78.38
-78.37
-78.37
-78.37
-78.37
-78.37
-78.37
-78.37
-78.45
-78.37
-78.37
-78.36
-78.37
-78.36
-78.37
-78.37
-78.37
-78.37
-78.46
-78.39
-78.39
-78.40
-78.40
-78.40
-78.41
-78.41
-78.41
-78.41
-78.48
-78.41
-78.41
-78.41
-78.41
-78.41
-78.41
-78.40
-78.41
-78.40
-78.47
-78.38
-78.38
-78.38
-78.38
-78.38
-78.37
-78.38
-78.38
-78.38
-78.45
-78.37
-78.37
-78.37
-78.37
-78.37
-78.37
-78.37
-78.37
-78.37
-78.45
-78.38
-78.37
-78.37
-78.37
-78.37
-78.37
-78.37
-78.37
-78.37
-78.44
-78.36
-78.36
-78.36
-78.35
-78.35
-78.35
-78.35
-78.35
-78.36
-78.43
-78.35
-78.35
-78.35
-78.35
-78.35
-78.35
-78.35
-78.35
-78.35
-78.45
-78.37
-78.37
-78.37
-78.37
-78.37
-78.37
-78.37
-78.37
-78.37
-78.45
-78.37
-78.37
-78.37
-78.37
-78.37
-78.37
-78.37
-78.38
-78.37
-78.45
-78.37
-78.37
-78.37
-78.37
-78.37
-78.37
-78.37
-78.37
-78.37
-78.45
-78.37
-78.37
-78.37
-78.37
-78.38
-78.13
-78.09
-78.09
-78.09
-78.16
-78.10
-78.10
-78.10
-78.10
-78.10
-78.10
-78.10
-78.09
-78.09
-78.17
-78.08
-78.08
-78.08
-78.08
-78.09
-78.09
-78.08
-78.08
-78.08
-78.15
-78.08
-78.09
-78.08
-78.08
-78.08
-78.08
-78.08
-78.08
-78.08
-78.16
-78.08
-78.08
-78.08
-78.07
-78.07
-78.07
-78.07
-78.07
-78.08
-78.16
-78.08
-78.07
-78.07
-78.07
-78.32
-78.35
-78.36
-78.36
-78.36
-78.43
-78.35
-78.35
-78.35
-78.35
-78.35
-78.35
-78.35
-78.35
-78.35
-78.44
-78.36
-78.36
-78.36
-78.36
-78.36
-78.36
-78.36
-78.36
-78.36
-78.43
-78.35
-78.35
-78.36
-78.35
-78.35
-78.35
-78.35
-78.36
-78.35
-78.43
-78.37
-78.37
-78.37
-78.37
-78.37
-78.37
-78.37
-78.38
-78.37
-78.46
-78.36
-78.36
-78.36
-78.36
-78.36
-78.35
-78.35
-78.35
-78.35
-78.43
-78.36
-78.36
-78.36
-78.35
-78.35
-78.35
-78.35
-78.35
-78.35
-78.42
-78.33
-78.33
-78.33
-78.33
-78.33
-78.33
-78.33
-78.34
-78.34
-78.41
-78.32
-78.32
-78.32
-78.33
-78.33
-78.33
-78.32
-78.32
-78.33
-78.40
-78.28
-78.28
-78.28
-78.28
-78.28
-78.28
-78.28
-78.28
-78.28
-78.37
-78.32
-78.32
-78.32
-78.32
-78.32
-78.32
-78.32
-78.32
-78.32
-78.39
-78.30
-78.30
-78.30
-78.30
-78.30
-78.30
-78.30
-78.30
-78.30
-78.39
-78.34
-78.34
-78.35
-78.35
-78.35
-78.35
-78.35
-78.35
-78.35
-78.44
-78.37
-78.37
-78.37
-78.37
-78.37
-78.38
-78.38
-78.37
-78.38
-78.50
-78.42
-78.43
-78.42
-78.43
-78.42
-78.43
-78.42
-78.42
-78.43
-78.49
-78.42
-78.42
-78.43
-78.43
-78.43
-78.43
-78.43
-78.42
-78.42
-78.51
-78.51
-78.46
-78.46
-78.47
-78.47
-78.46
-78.46
-78.46
-78.46
-78.51
-78.45
-78.44
-78.43
-78.43
-78.42
-78.40
-78.41
-78.41
-78.41
-78.48
-78.42
-78.40
-78.40
-78.39
-78.39
-78.39
-78.38
-78.38
-78.38
-78.45
-78.40
-78.37
-78.37
-78.37
-78.37
-78.36
-78.36
-78.36
-78.36
-78.42
-78.38
-78.33
-78.32
-78.32
-78.32
-78.32
-78.32
-78.33
-78.33
-78.35
-78.36
-78.30
-78.31
-78.31
-78.31
-78.31
-78.31
-78.31
-78.31
-78.37
-78.35
-78.27
-78.27
-78.29
-78.29
-78.29
-78.29
-78.29
-78.29
-78.37
-78.25
-78.25
-78.26
-78.25
-78.20
-78.20
-78.21
