Frequency: 1.000000
Sample Rate: 2000000.000000
Vector Length: 1
Notes: 
-379.30
-95.23
-90.28
-89.18
-88.19
-87.51
-86.91
-86.38
-85.91
-85.47
-85.08
-83.21
-82.97
-82.74
-82.53
-82.34
-82.14
-81.96
-81.78
-81.61
-81.45
-80.56
-80.33
-80.21
-80.09
-79.97
-79.85
-79.75
-79.65
-79.55
-79.44
-79.34
-78.74
-78.65
-78.57
-78.49
-78.41
-78.29
-78.21
-78.14
-78.06
-77.78
-77.62
-77.55
-77.49
-77.42
-77.36
-77.30
-77.24
-77.20
-77.30
-77.08
-76.92
-76.91
-76.91
-76.91
-76.91
-76.91
-76.91
-76.92
-77.23
-76.95
-76.96
-76.95
-76.95
-76.95
-76.96
-76.95
-76.95
-76.95
-77.31
-76.99
-77.00
-77.00
-77.00
-77.00
-77.00
-77.00
-77.00
-76.99
-77.05
-77.11
-77.11
-77.10
-77.10
-77.13
-77.13
-77.13
-77.13
-77.13
-77.39
-77.06
-77.06
-77.06
-77.06
-77.06
-77.06
-77.06
-77.06
-77.06
-77.46
-77.13
-77.11
-77.11
-77.11
-77.11
-77.11
-77.11
-77.11
-77.11
-77.39
-77.03
-77.03
-77.03
-76.99
-76.99
-76.98
-76.98
-76.98
-76.98
-77.29
-77.11
-77.11
-77.10
-77.10
-77.10
-77.10
-77.11
-77.11
-77.11
-77.33
-77.19
-77.20
-77.20
-77.20
-77.20
-77.21
-77.21
-77.21
-77.21
-77.55
-77.41
-77.41
-77.41
-77.41
-77.41
-77.41
-77.41
-77.40
-77.40
-77.77
-77.59
-77.60
-77.60
-77.60
-77.60
-77.59
-77.59
-77.60
-77.60
-78.01
-77.78
-77.74
-77.78
-77.79
-77.79
-77.79
-77.79
-77.79
-77.79
-78.00
-77.73
-77.73
-77.73
-77.73
-77.73
-77.73
-77.72
-77.72
-77.72
-77.88
-77.54
-77.54
-77.53
-77.53
-77.53
-77.42
-77.42
-77.42
-77.42
-77.56
-77.29
-77.29
-77.29
-77.30
-77.30
-77.30
-77.30
-77.30
-77.30
-77.47
-77.25
-77.25
-77.25
-77.25
-77.26
-77.25
-77.25
-77.25
-77.25
-77.47
-77.24
-77.25
-77.24
-77.25
-77.25
-77.25
-77.25
-77.26
-77.26
-77.51
-77.26
-77.25
-77.25
-77.25
-77.25
-77.26
-77.26
-77.26
-77.26
-77.58
-77.23
-77.23
-77.23
-77.23
-77.33
-77.33
-77.33
-77.33
-77.33
-77.60
-77.27
-77.27
-77.27
-77.27
-77.27
-77.17
-77.17
-77.17
-77.17
-77.38
-77.09
-77.09
-77.09
-77.09
-77.09
-77.09
-77.09
-77.09
-77.09
-77.34
-77.05
-77.05
-77.05
-77.04
-77.05
-77.04
-77.04
-77.04
-77.04
-77.28
-77.08
-77.08
-77.08
-77.08
-77.08
-77.08
-77.08
-77.08
-77.08
-77.42
-77.21
-77.17
-77.17
-77.17
-77.17
-77.17
-77.17
-77.17
-77.17
-77.50
-77.23
-77.23
-77.23
-77.23
-77.33
-77.33
-77.33
-77.33
-77.33
-77.63
-77.44
-77.44
-77.44
-77.43
-77.43
-77.43
-77.43
-77.44
-77.44
-77.75
-77.41
-77.41
-77.40
-77.40
-77.40
-77.40
-77.39
-77.39
-77.39
-77.61
-77.20
-77.20
-77.20
-77.20
-77.20
-77.20
-77.20
-77.21
-77.21
-77.44
-77.05
-77.05
-77.05
-77.05
-77.05
-77.05
-77.05
-77.05
-77.05
-77.31
-76.90
-76.91
-76.91
-76.91
-76.91
-76.91
-76.91
-76.91
-76.91
-77.08
-76.70
-76.70
-76.70
-76.70
-76.70
-76.70
-76.70
-76.70
-76.70
-76.99
-76.63
-76.64
-76.64
-76.64
-76.64
-76.64
-76.65
-76.65
-76.65
-77.01
-76.68
-76.68
-76.68
-76.68
-76.68
-76.68
-76.67
-76.67
-76.67
-77.04
-76.79
-76.79
-76.79
-76.79
-76.79
-76.79
-76.79
-76.79
-76.79
-77.18
-76.89
-76.88
-76.88
-76.88
-76.89
-76.89
-76.88
-76.88
-76.88
-77.29
-77.01
-77.01
-77.01
-77.01
-77.02
-77.01
-77.01
-77.01
-77.01
-77.40
-77.13
-77.13
-77.13
-77.13
-77.13
-77.13
-77.13
-77.13
-77.13
-77.49
-77.20
-77.21
-77.21
-77.21
-77.21
-77.21
-77.18
-77.18
-77.18
-77.46
-77.26
-77.26
-77.26
-77.26
-77.26
-77.26
-77.25
-77.26
-77.26
-77.57
-77.34
-77.34
-77.34
-77.34
-77.34
-77.34
-77.34
-77.34
-77.34
-77.64
-77.33
-77.33
-77.33
-77.32
-77.32
-77.33
-77.28
-77.28
-77.28
-77.56
-77.24
-77.24
-77.24
-77.24
-77.24
-77.24
-77.24
-77.24
-77.24
-77.52
-77.21
-77.21
-77.21
-77.21
-77.21
-77.24
-77.24
-77.24
-77.24
-77.44
-77.12
-77.12
-77.12
-77.12
-77.12
-77.12
-77.12
-77.12
