Frequency: 1.000000
Sample Rate: 2000000.000000
Vector Length: 1
Notes: 
-379.30
-87.88
-86.11
-85.51
-85.06
-84.71
-83.39
-83.15
-82.92
-82.69
-80.95
-80.81
-80.68
-80.55
-80.43
-80.30
-80.19
-80.07
-79.96
-79.85
-78.84
-78.75
-78.66
-78.58
-78.50
-78.43
-78.35
-78.27
-78.20
-78.13
-77.24
-77.18
-77.12
-77.06
-77.00
-76.95
-76.89
-76.84
-76.79
-76.73
-75.95
-75.91
-75.87
-75.82
-75.78
-75.73
-75.69
-75.65
-75.63
-75.91
-75.50
-75.50
-75.50
-75.50
-75.50
-75.64
-75.64
-75.65
-75.65
-76.04
-75.46
-75.45
-75.46
-75.45
-75.45
-75.45
-75.45
-75.45
-75.45
-75.84
-75.29
-75.30
-75.30
-75.29
-75.29
-75.30
-75.30
-75.29
-75.29
-75.80
-75.46
-75.46
-75.46
-75.46
-75.46
-75.46
-75.46
-75.46
-75.46
-76.10
-75.79
-75.79
-75.79
-75.80
-75.79
-75.79
-75.80
-75.79
-75.79
-76.23
-75.73
-75.73
-75.73
-75.73
-75.73
-75.73
-75.73
-75.73
-75.73
-76.36
-75.81
-75.81
-75.81
-75.81
-75.81
-75.80
-75.81
-75.81
-75.86
-76.43
-75.76
-75.76
-75.76
-75.66
-75.66
-75.66
-75.65
-75.66
-75.66
-76.01
-75.54
-75.54
-75.54
-75.54
-75.54
-75.54
-75.54
-75.54
-75.76
-75.77
-75.36
-75.36
-75.36
-75.36
-75.36
-75.36
-75.36
-75.36
-75.67
-75.80
-75.35
-75.35
-75.35
-75.35
-75.35
-75.35
-75.35
-75.35
-75.62
-75.84
-75.34
-75.34
-75.33
-75.33
-75.34
-75.34
-75.34
-75.34
-75.94
-75.54
-75.40
-75.49
-75.48
-75.49
-75.49
-75.49
-75.49
-75.48
-75.95
-75.61
-75.46
-75.45
-75.46
-75.39
-75.39
-75.39
-75.39
-75.40
-75.87
-75.62
-75.40
-75.39
-75.39
-75.39
-75.39
-75.39
-75.39
-75.39
-75.87
-75.37
-75.37
-75.37
-75.37
-75.37
-75.37
-75.37
-75.37
-75.37
-75.88
-75.28
-75.28
-75.28
-75.28
-75.28
-75.28
-75.28
-75.28
-75.28
-75.81
-75.35
-75.36
-75.35
-75.35
-75.35
-75.36
-75.36
-75.36
-75.36
-75.83
-75.37
-75.37
-75.37
-75.43
-75.43
-75.43
-75.43
-75.43
-75.43
-75.91
-75.42
-75.35
-75.35
-75.35
-75.35
-75.35
-75.35
-75.35
-75.35
-75.85
-75.52
-75.41
-75.41
-75.41
-75.41
-75.41
-75.41
-75.41
-75.41
-76.02
-75.76
-75.61
-75.61
-75.61
-75.61
-75.61
-75.61
-75.61
-75.61
-76.09
-75.92
-75.76
-75.76
-75.76
-75.76
-75.76
-75.76
-75.76
-75.76
-76.27
-76.13
-75.96
-75.96
-75.96
-75.96
-75.95
-75.95
-75.95
-75.95
-76.57
-76.53
-76.32
-76.31
-76.32
-76.32
-76.32
-76.31
-76.31
-76.31
-76.77
-76.81
-76.58
-76.57
-76.58
-76.58
-76.58
-76.57
-76.58
-76.53
-76.90
-77.02
-76.74
-76.73
-76.74
-76.73
-76.74
-76.74
-76.74
-76.68
-76.93
-77.09
-76.79
-76.78
-76.79
-76.78
-76.79
-76.79
-76.79
-76.71
-76.91
-77.08
-76.72
-76.71
-76.71
-76.71
-76.70
-76.68
-76.67
-76.68
-76.72
-76.91
-76.55
-76.54
-76.54
-76.54
-76.54
-76.54
-76.55
-76.55
-76.55
-76.74
-76.37
-76.37
-76.37
-76.37
-76.37
-76.37
-76.42
-76.42
-76.37
-76.60
-76.15
-76.15
-76.14
-76.14
-76.14
-76.14
-76.20
-76.20
-76.12
-76.36
-75.94
-75.94
-75.93
-75.93
-75.93
-75.94
-76.01
-76.01
-75.84
-76.14
-75.66
-75.66
-75.66
-75.67
-75.68
-75.69
-75.69
-75.75
-75.65
-75.94
-75.50
-75.50
-75.50
-75.50
-75.50
-75.50
-75.50
-75.56
-75.56
-75.77
-75.30
-75.30
-75.30
-75.30
-75.30
-75.30
-75.30
-75.37
-75.37
-75.64
-75.20
-75.20
-75.20
-75.20
-75.20
-75.20
-75.20
-75.28
-75.21
-75.46
-75.03
-75.03
-75.03
-75.03
-75.03
-75.03
-75.03
-75.16
-75.16
-75.50
-75.08
-75.09
-75.09
-75.09
-75.09
-75.08
-75.09
-75.03
-75.03
-75.42
-75.05
-75.04
-75.05
-75.04
-75.04
-75.05
-75.05
-75.05
-75.14
-75.59
-75.21
-75.21
-75.21
-75.21
-75.21
-75.21
-75.21
-75.21
-75.31
-75.77
-75.39
-75.39
-75.39
-75.39
-75.39
-75.39
-75.38
-75.46
-75.57
-76.05
-75.62
-75.62
-75.62
-75.62
-75.62
-75.62
-75.62
-75.62
-75.72
-76.20
-75.79
-75.79
-75.78
-75.79
-75.79
-75.79
-75.97
-75.97
-76.25
