Frequency: 1.000000
Sample Rate: 2000000.000000
Vector Length: 1
Notes: 
-379.30
-94.66
-90.86
-89.39
-86.68
-86.18
-85.72
-85.22
-84.86
-84.52
-84.20
-83.91
-83.63
-83.37
-81.86
-81.67
-81.51
-81.35
-81.19
-81.03
-80.89
-80.75
-80.61
-80.48
-79.16
-79.06
-78.96
-78.87
-78.78
-78.70
-78.61
-78.53
-78.44
-78.36
-77.56
-77.49
-77.42
-77.36
-77.30
-77.24
-77.18
-77.12
-77.05
-77.00
-76.52
-76.47
-76.41
-76.37
-76.35
-76.35
-76.35
-76.35
-76.35
-76.47
-76.14
-76.14
-76.14
-76.14
-76.14
-76.14
-76.14
-76.14
-76.35
-76.43
-76.16
-76.16
-76.16
-76.16
-76.16
-76.16
-76.17
-76.17
-76.72
-76.48
-76.41
-76.41
-76.41
-76.41
-76.41
-76.41
-76.41
-76.41
-76.96
-76.72
-76.63
-76.63
-76.63
-76.63
-76.62
-76.63
-76.63
-76.63
-77.06
-76.78
-76.60
-76.59
-76.59
-76.59
-76.59
-76.59
-76.59
-76.60
-76.97
-76.47
-76.47
-76.47
-76.47
-76.47
-76.39
-76.39
-76.39
-76.39
-76.68
-76.24
-76.24
-76.24
-76.24
-76.24
-76.23
-76.23
-76.23
-76.23
-76.53
-76.11
-76.11
-76.11
-76.11
-76.11
-76.11
-76.11
-76.11
-76.11
-76.40
-75.97
-75.97
-75.97
-75.97
-75.97
-75.97
-75.97
-75.97
-75.97
-76.36
-75.92
-75.92
-75.92
-75.92
-75.92
-75.92
-75.91
-75.91
-75.91
-76.34
-75.90
-75.90
-75.89
-75.89
-75.96
-75.96
-75.91
-75.91
-75.91
-76.32
-75.84
-75.84
-75.84
-75.84
-75.84
-75.84
-75.84
-75.84
-75.84
-76.24
-75.79
-75.79
-75.79
-75.79
-75.79
-75.79
-75.79
-75.79
-75.79
-76.20
-75.75
-75.75
-75.75
-75.75
-75.75
-75.75
-75.75
-75.74
-75.75
-76.17
-75.68
-75.68
-75.68
-75.68
-75.68
-75.68
-75.68
-75.69
-75.69
-76.11
-75.68
-75.68
-75.69
-75.69
-75.69
-75.74
-75.74
-75.74
-75.74
-76.21
-75.84
-75.83
-75.83
-75.83
-75.83
-75.83
-75.83
-75.83
-75.70
-76.13
-75.80
-75.80
-75.80
-75.80
-75.81
-75.80
-75.80
-75.81
-75.81
-76.27
-75.96
-75.96
-75.96
-75.96
-75.96
-75.96
-75.97
-75.96
-75.96
-76.50
-76.19
-76.19
-76.18
-76.18
-76.18
-76.18
-76.18
-76.18
-76.18
-76.66
-76.30
-76.29
-76.29
-76.29
-76.29
-76.29
-76.29
-76.29
-76.29
-76.71
-76.40
-76.39
-76.39
-76.39
-76.40
-76.40
-76.40
-76.55
-76.56
-76.89
-76.54
-76.54
-76.54
-76.53
-76.54
-76.53
-76.53
-76.54
-76.40
-76.75
-76.35
-76.35
-76.34
-76.34
-76.34
-76.34
-76.35
-76.35
-76.35
-76.67
-76.32
-76.31
-76.31
-76.32
-76.32
-76.32
-76.32
-76.32
-76.32
-76.69
-76.31
-76.31
-76.31
-76.31
-76.31
-76.31
-76.31
-76.31
-76.31
-76.62
-76.31
-76.31
-76.31
-76.31
-76.31
-76.31
-76.31
-76.30
-76.36
-76.69
-76.43
-76.43
-76.43
-76.43
-76.43
-76.43
-76.50
-76.56
-76.56
-76.99
-76.78
-76.78
-76.78
-76.78
-76.78
-76.78
-76.78
-76.78
-76.77
-77.18
-77.02
-77.01
-77.01
-77.01
-77.01
-77.00
-77.00
-77.01
-77.00
-77.45
-77.28
-77.26
-77.26
-77.26
-77.26
-77.26
-77.26
-77.26
-77.25
-77.65
-77.49
-77.49
-77.49
-77.49
-77.49
-77.49
-77.49
-77.49
-77.49
-77.82
-77.68
-77.68
-77.69
-77.68
-77.69
-77.69
-77.69
-77.68
-77.69
-77.94
-77.70
-77.70
-77.70
-77.70
-77.70
-77.70
-77.70
-77.70
-77.70
-77.90
-77.64
-77.65
-77.64
-77.64
-77.65
-77.64
-77.64
-77.64
-77.64
-77.83
-77.57
-77.52
-77.52
-77.52
-77.52
-77.52
-77.51
-77.52
-77.51
-77.68
-77.34
-77.34
-77.34
-77.34
-77.34
-77.34
-77.35
-77.35
-77.35
-77.48
-77.16
-77.16
-77.16
-77.16
-77.15
-77.15
-77.15
-77.15
-77.15
-77.37
-77.08
-77.08
-77.08
-77.08
-77.08
-77.08
-77.08
-77.08
-77.07
-77.30
-77.03
-77.03
-77.03
-77.02
-77.03
-77.03
-77.03
-77.03
-77.03
-77.28
-77.09
-77.09
-77.08
-77.09
-77.09
-77.10
-77.10
-77.10
-77.11
-77.43
-77.18
-77.18
-77.17
-77.17
-77.17
-77.17
-77.17
-77.17
-77.17
-77.50
-77.18
-77.16
-77.15
-77.15
-77.16
-77.16
-77.16
-77.16
-77.16
-77.46
-77.09
-77.07
-77.06
-77.06
-77.06
