Frequency: 1.000000
Sample Rate: 2000000.000000
Vector Length: 1
Notes: 
-379.30
-94.53
-87.84
-87.10
-86.55
-85.97
-85.52
-85.13
-84.75
-84.42
-84.11
-82.94
-82.70
-82.48
-82.28
-82.10
-81.92
-81.74
-81.57
-81.42
-81.25
-80.64
-80.50
-80.37
-80.25
-80.13
-80.01
-79.89
-79.78
-79.57
-79.47
-79.08
-78.93
-78.84
-78.75
-78.66
-78.58
-78.49
-78.41
-78.24
-78.17
-77.91
-77.79
-77.73
-77.66
-77.59
-77.52
-77.46
-77.43
-77.43
-77.62
-77.41
-77.36
-77.36
-77.35
-77.35
-77.35
-77.35
-77.35
-77.54
-77.40
-77.40
-77.36
-77.36
-77.36
-77.35
-77.35
-77.35
-77.32
-77.40
-77.36
-77.35
-77.35
-77.34
-77.34
-77.34
-77.35
-77.34
-77.41
-77.59
-77.48
-77.44
-77.44
-77.44
-77.44
-77.44
-77.44
-77.44
-77.52
-77.69
-77.59
-77.56
-77.56
-77.56
-77.56
-77.57
-77.56
-77.56
-77.56
-77.78
-77.66
-77.63
-77.63
-77.63
-77.63
-77.64
-77.64
-77.64
-77.64
-77.79
-77.68
-77.64
-77.64
-77.64
-77.64
-77.64
-77.64
-77.67
-77.67
-77.87
-77.79
-77.65
-77.65
-77.65
-77.64
-77.64
-77.64
-77.64
-77.65
-77.84
-77.64
-77.64
-77.64
-77.64
-77.63
-77.63
-77.63
-77.63
-77.63
-77.80
-77.59
-77.59
-77.59
-77.59
-77.59
-77.59
-77.59
-77.59
-77.59
-77.80
-77.59
-77.59
-77.59
-77.59
-77.59
-77.59
-77.59
-77.62
-77.62
-77.82
-77.60
-77.60
-77.60
-77.60
-77.60
-77.60
-77.60
-77.60
-77.60
-77.82
-77.62
-77.62
-77.61
-77.61
-77.62
-77.62
-77.62
-77.62
-77.62
-77.83
-77.57
-77.57
-77.57
-77.57
-77.57
-77.56
-77.56
-77.57
-77.57
-77.77
-77.56
-77.55
-77.55
-77.55
-77.55
-77.55
-77.55
-77.55
-77.55
-77.75
-77.53
-77.53
-77.53
-77.53
-77.53
-77.53
-77.53
-77.52
-77.52
-77.74
-77.53
-77.53
-77.53
-77.53
-77.53
-77.53
-77.54
-77.54
-77.53
-77.74
-77.56
-77.55
-77.55
-77.55
-77.55
-77.54
-77.54
-77.54
-77.55
-77.82
-77.59
-77.59
-77.59
-77.59
-77.59
-77.60
-77.59
-77.59
-77.59
-77.81
-77.59
-77.59
-77.59
-77.59
-77.59
-77.59
-77.59
-77.59
-77.59
-77.81
-77.61
-77.61
-77.61
-77.61
-77.61
-77.61
-77.61
-77.61
-77.60
-77.82
-77.61
-77.61
-77.60
-77.60
-77.60
-77.60
-77.60
-77.60
-77.60
-77.78
-77.56
-77.56
-77.56
-77.57
-77.57
-77.58
-77.58
-77.58
-77.58
-77.81
-77.57
-77.57
-77.56
-77.56
-77.56
-77.56
-77.56
-77.56
-77.56
-77.78
-77.57
-77.56
-77.57
-77.57
-77.57
-77.57
-77.57
-77.57
-77.57
-77.78
-77.58
-77.57
-77.57
-77.57
-77.54
-77.54
-77.55
-77.55
-77.55
-77.76
-77.55
-77.55
-77.55
-77.55
-77.55
-77.55
-77.55
-77.55
-77.56
-77.78
-77.57
-77.56
-77.55
-77.54
-77.49
-77.49
-77.49
-77.49
-77.49
-77.73
-77.53
-77.54
-77.54
-77.54
-77.54
-77.55
-77.55
-77.55
-77.55
-77.77
-77.57
-77.57
-77.56
-77.57
-77.57
-77.57
-77.57
-77.56
-77.56
-77.76
-77.54
-77.55
-77.54
-77.57
-76.99
-76.84
-76.84
-76.84
-76.74
-76.85
-76.69
-76.69
-76.69
-76.66
-76.66
-76.66
-76.66
-76.66
-76.67
-76.84
-76.68
-76.68
-76.70
-76.73
-76.72
-76.72
-76.72
-76.73
-76.72
-76.89
-76.82
-76.72
-76.71
-76.71
-76.71
-76.71
-76.71
-76.71
-76.71
-76.87
-76.74
-76.71
-76.70
-76.70
-76.71
-76.71
-76.71
-76.71
-76.71
-76.89
-76.77
-76.71
-76.71
-77.28
-77.42
-77.41
-77.42
-77.55
-77.61
-77.82
-77.65
-77.62
-77.64
-77.64
-77.64
-77.64
-77.64
-77.64
-77.64
-77.85
-77.71
-77.65
-77.65
-77.65
-77.65
-77.65
-77.66
-77.66
-77.65
-77.75
-77.73
-77.65
-77.64
-77.64
-77.64
-77.64
-77.64
-77.64
-77.64
-77.82
-77.85
-77.65
-77.65
-77.65
-77.65
-77.65
-77.65
-77.65
-77.65
-77.82
-77.88
-77.68
-77.68
-77.66
-77.64
-77.63
-77.63
-77.62
-77.60
-77.78
-77.80
-77.62
-77.62
-77.62
-77.62
-77.61
-77.61
-77.61
-77.61
-77.78
-77.70
-77.51
-77.51
-77.51
-77.51
-77.50
-77.50
-77.50
-77.51
-77.66
-77.70
-77.53
-77.53
-77.53
-77.53
-77.53
-77.53
-77.53
