Frequency: 1.000000
Sample Rate: 2000000.000000
Vector Length: 1
Notes: 
-379.30
-95.34
-91.24
-89.67
-88.74
-87.94
-87.14
-86.52
-86.01
-85.56
-85.17
-84.81
-84.48
-84.16
-83.87
-83.59
-83.33
-83.06
-82.83
-82.60
-82.40
-82.20
-82.02
-81.83
-81.66
-81.49
-81.33
-81.16
-81.01
-80.86
-80.73
-80.60
-80.46
-80.34
-80.21
-80.09
-79.97
-79.85
-79.73
-79.63
-79.52
-79.42
-79.31
-79.21
-79.12
-79.03
-78.93
-78.83
-78.78
-78.76
-78.76
-78.76
-78.76
-78.76
-78.76
-78.76
-78.76
-78.76
-78.75
-78.76
-78.76
-78.75
-78.75
-78.75
-78.75
-78.76
-78.76
-78.76
-78.76
-78.76
-78.75
-78.76
-78.76
-78.76
-78.76
-78.76
-78.76
-78.75
-78.75
-78.75
-78.75
-78.75
-78.75
-78.75
-78.75
-78.75
-78.74
-78.74
-78.74
-78.75
-78.75
-78.75
-78.75
-78.74
-78.74
-78.75
-78.74
-78.74
-78.74
-78.74
-78.74
-78.74
-78.75
-78.75
-78.75
-78.76
-78.75
-78.75
-78.74
-78.75
-78.75
-78.75
-78.75
-78.75
-78.75
-78.76
-78.75
-78.75
-78.75
-78.75
-78.75
-78.75
-78.75
-78.75
-78.75
-78.76
-78.76
-78.75
-78.76
-78.75
-78.75
-78.76
-78.75
-78.75
-78.75
-78.76
-78.75
-78.75
-78.75
-78.75
-78.75
-78.75
-78.76
-78.76
-78.77
-78.77
-78.76
-78.76
-78.76
-78.76
-78.77
-78.76
-78.76
-78.77
-78.76
-78.77
-78.77
-78.76
-78.76
-78.76
-78.76
-78.75
-78.75
-78.75
-78.75
-78.75
-78.74
-78.74
-78.74
-78.74
-78.74
-78.74
-78.74
-78.74
-78.74
-78.75
-78.74
-78.74
-78.74
-78.75
-78.74
-78.75
-78.75
-78.75
-78.76
-78.76
-78.75
-78.75
-78.75
-78.75
-78.75
-78.74
-78.74
-78.74
-78.74
-78.75
-78.74
-78.74
-78.73
-78.73
-78.73
-78.73
-78.73
-78.73
-78.73
-78.74
-78.73
-78.73
-78.73
-78.73
-78.73
-78.73
-78.72
-78.73
-78.73
-78.74
-78.73
-78.73
-78.73
-78.74
-78.73
-78.74
-78.74
-78.74
-78.74
-78.75
-78.74
-78.73
-78.73
-78.72
-78.73
-78.72
-78.72
-78.72
-78.72
-78.73
-78.73
-78.73
-78.73
-78.73
-78.73
-78.73
-78.73
-78.73
-78.73
-78.74
-78.73
-78.73
-78.74
-78.74
-78.74
-78.74
-78.74
-78.74
-78.74
-78.75
-78.74
-78.74
-78.75
-78.75
-78.75
-78.75
-78.75
-78.74
-78.74
-78.76
-78.75
-78.75
-78.74
-78.74
-78.74
-78.74
-78.74
-78.74
-78.74
-78.75
-78.75
-78.75
-78.75
-78.75
-78.75
-78.75
-78.75
-78.75
-78.75
-78.75
-78.75
-78.74
-78.75
-78.75
-78.74
-78.75
-78.75
-78.75
-78.75
-78.75
-78.74
-78.74
-78.74
-78.74
-78.74
-78.74
-78.74
-78.74
-78.74
-78.75
-78.75
-78.75
-78.74
-78.75
-78.75
-78.75
-78.75
-78.75
-78.75
-78.76
-78.75
-78.75
-78.76
-78.76
-78.76
-78.75
-78.75
-78.75
-78.75
-78.75
-78.75
-78.74
-78.74
-78.74
-78.75
-78.75
-78.75
-78.75
-78.76
-78.76
-78.75
-78.75
-78.74
-78.74
-78.74
-78.74
-78.74
-78.75
-78.75
-78.75
-78.75
-78.74
-78.74
-78.74
-78.74
-78.74
-78.74
-78.74
-78.74
-78.75
-78.74
-78.74
-78.73
-78.74
-78.74
-78.74
-78.74
-78.75
-78.75
-78.75
-78.74
-78.74
-78.74
-78.74
-78.75
-78.75
-78.75
-78.75
-78.75
-78.76
-78.76
-78.75
-78.75
-78.75
-78.75
-78.75
-78.75
-78.74
-78.74
-78.76
-78.76
-78.75
-78.76
-78.76
-78.76
-78.75
-78.75
-78.76
-78.76
-78.76
-78.77
-78.76
-78.77
-78.77
-78.77
-78.77
-78.77
-78.76
-78.77
-78.78
-78.78
-78.77
-78.78
-78.78
-78.78
-78.77
-78.77
-78.77
-78.77
-78.78
-78.77
-78.77
-78.77
-78.77
-78.76
-78.76
-78.76
-78.76
-78.76
-78.77
-78.76
-78.76
-78.76
-78.76
-78.77
-78.77
-78.77
-78.77
-78.77
-78.77
-78.77
-78.76
-78.76
-78.76
-78.76
-78.76
-78.76
-78.76
-78.76
-78.76
-78.76
-78.75
-78.74
-78.74
-78.75
-78.75
-78.75
-78.75
-78.75
-78.76
-78.75
-78.75
-78.75
-78.75
-78.75
-78.75
-78.75
-78.75
-78.75
-78.76
-78.76
-78.76
-78.76
-78.76
-78.76
-78.76
-78.76
-78.77
-78.77
-78.78
-78.77
-78.77
-78.77
-78.76
-78.76
-78.76
-78.75
-78.75
-78.75
-78.76
-78.75
-78.75
