Frequency: 1.000000
Sample Rate: 2000000.000000
Vector Length: 1
Notes: 
-379.30
-94.06
-90.27
-88.97
-87.98
-87.29
-86.71
-86.19
-85.73
-85.32
-84.93
-84.59
-84.27
-83.96
-83.68
-83.42
-83.17
-82.93
-82.71
-82.51
-82.30
-82.11
-81.92
-81.74
-81.57
-81.40
-81.26
-81.10
-80.95
-80.81
-80.67
-80.53
-80.40
-80.28
-80.16
-80.04
-79.93
-79.81
-79.70
-79.59
-79.48
-79.38
-79.28
-79.18
-79.09
-78.99
-78.90
-78.80
-78.79
-78.79
-78.79
-78.79
-78.80
-78.80
-78.80
-78.80
-78.80
-78.80
-78.80
-78.80
-78.80
-78.80
-78.80
-78.80
-78.80
-78.80
-78.80
-78.80
-78.80
-78.79
-78.79
-78.79
-78.78
-78.79
-78.79
-78.79
-78.79
-78.79
-78.80
-78.79
-78.79
-78.79
-78.78
-78.78
-78.78
-78.78
-78.78
-78.78
-78.79
-78.79
-78.78
-78.78
-78.78
-78.78
-78.79
-78.79
-78.79
-78.79
-78.79
-78.79
-78.79
-78.78
-78.78
-78.78
-78.79
-78.78
-78.79
-78.78
-78.78
-78.78
-78.78
-78.77
-78.77
-78.77
-78.77
-78.77
-78.77
-78.78
-78.78
-78.78
-78.79
-78.79
-78.79
-78.79
-78.79
-78.78
-78.78
-78.78
-78.79
-78.79
-78.79
-78.78
-78.78
-78.79
-78.79
-78.79
-78.79
-78.79
-78.79
-78.79
-78.79
-78.79
-78.79
-78.79
-78.78
-78.77
-78.77
-78.77
-78.78
-78.78
-78.78
-78.77
-78.78
-78.78
-78.78
-78.78
-78.77
-78.78
-78.78
-78.78
-78.78
-78.78
-78.78
-78.78
-78.78
-78.78
-78.78
-78.78
-78.77
-78.77
-78.76
-78.76
-78.76
-78.77
-78.77
-78.77
-78.77
-78.76
-78.76
-78.76
-78.76
-78.76
-78.76
-78.76
-78.76
-78.76
-78.76
-78.76
-78.75
-78.75
-78.75
-78.75
-78.76
-78.76
-78.77
-78.77
-78.77
-78.77
-78.77
-78.78
-78.77
-78.77
-78.78
-78.78
-78.78
-78.78
-78.78
-78.78
-78.79
-78.79
-78.79
-78.79
-78.79
-78.78
-78.78
-78.78
-78.78
-78.79
-78.79
-78.79
-78.79
-78.79
-78.78
-78.78
-78.78
-78.78
-78.78
-78.79
-78.80
-78.80
-78.80
-78.80
-78.80
-78.80
-78.80
-78.80
-78.80
-78.81
-78.81
-78.80
-78.80
-78.81
-78.81
-78.80
-78.80
-78.80
-78.80
-78.80
-78.80
-78.81
-78.81
-78.80
-78.80
-78.80
-78.80
-78.80
-78.81
-78.80
-78.80
-78.80
-78.80
-78.80
-78.80
-78.80
-78.81
-78.81
-78.80
-78.80
-78.80
-78.80
-78.80
-78.81
-78.80
-78.81
-78.81
-78.80
-78.80
-78.80
-78.80
-78.80
-78.80
-78.80
-78.80
-78.80
-78.80
-78.80
-78.80
-78.80
-78.80
-78.81
-78.80
-78.80
-78.81
-78.81
-78.80
-78.80
-78.81
-78.81
-78.80
-78.80
-78.80
-78.81
-78.80
-78.80
-78.79
-78.79
-78.79
-78.79
-78.80
-78.80
-78.80
-78.80
-78.80
-78.79
-78.79
-78.79
-78.79
-78.79
-78.80
-78.80
-78.79
-78.79
-78.79
-78.79
-78.79
-78.79
-78.79
-78.79
-78.78
-78.78
-78.78
-78.78
-78.78
-78.78
-78.79
-78.79
-78.79
-78.79
-78.79
-78.79
-78.78
-78.78
-78.78
-78.78
-78.78
-78.78
-78.78
-78.78
-78.78
-78.78
-78.78
-78.79
-78.79
-78.79
-78.79
-78.79
-78.79
-78.79
-78.79
-78.79
-78.79
-78.79
-78.78
-78.78
-78.78
-78.79
-78.79
-78.78
-78.78
-78.78
-78.78
-78.77
-78.78
-78.78
-78.79
-78.78
-78.79
-78.78
-78.79
-78.78
-78.78
-78.78
-78.77
-78.77
-78.77
-78.77
-78.76
-78.76
-78.77
-78.77
-78.77
-78.77
-78.77
-78.77
-78.78
-78.78
-78.78
-78.78
-78.78
-78.78
-78.77
-78.78
-78.77
-78.78
-78.77
-78.78
-78.77
-78.77
-78.77
-78.77
-78.77
-78.78
-78.78
-78.78
-78.78
-78.78
-78.78
-78.79
-78.79
-78.79
-78.79
-78.79
-78.79
-78.79
-78.78
-78.78
-78.79
-78.78
-78.79
-78.79
-78.79
-78.80
-78.80
-78.80
-78.80
-78.80
-78.81
-78.81
-78.81
-78.81
-78.81
-78.81
-78.81
-78.80
-78.80
-78.80
-78.80
-78.80
-78.81
-78.80
-78.80
-78.81
-78.80
-78.80
-78.80
-78.80
-78.80
-78.80
-78.80
-78.80
-78.79
-78.80
-78.80
-78.80
-78.80
-78.80
-78.80
-78.80
-78.80
-78.81
-78.81
-78.81
-78.81
-78.81
-78.81
-78.81
-78.81
-78.81
-78.81
-78.81
-78.81
-78.81
-78.81
-78.81
-78.81
-78.81
-78.81
-78.80
