Frequency: 1.000000
Sample Rate: 2000000.000000
Vector Length: 1
Notes: 
-379.30
-98.83
-92.56
-89.61
-88.48
-87.74
-87.10
-86.54
-86.05
-85.59
-85.19
-84.81
-84.47
-84.15
-83.85
-83.58
-83.32
-83.08
-82.85
-82.62
-82.41
-82.22
-82.03
-81.84
-81.67
-81.51
-81.35
-81.19
-81.05
-80.90
-80.76
-80.63
-80.49
-80.36
-80.24
-80.12
-80.00
-79.88
-79.77
-79.66
-79.55
-79.45
-79.35
-79.25
-79.15
-79.06
-78.97
-78.87
-78.81
-78.81
-78.81
-78.81
-78.81
-78.81
-78.81
-78.81
-78.82
-78.81
-78.82
-78.82
-78.81
-78.82
-78.82
-78.82
-78.81
-78.81
-78.81
-78.81
-78.81
-78.81
-78.82
-78.81
-78.81
-78.81
-78.81
-78.81
-78.81
-78.81
-78.81
-78.81
-78.81
-78.80
-78.81
-78.81
-78.81
-78.81
-78.81
-78.81
-78.81
-78.82
-78.81
-78.81
-78.82
-78.82
-78.82
-78.81
-78.82
-78.82
-78.82
-78.82
-78.81
-78.81
-78.81
-78.81
-78.81
-78.81
-78.81
-78.81
-78.81
-78.81
-78.81
-78.81
-78.81
-78.81
-78.82
-78.82
-78.81
-78.81
-78.81
-78.82
-78.82
-78.82
-78.81
-78.81
-78.81
-78.81
-78.81
-78.81
-78.81
-78.81
-78.81
-78.81
-78.81
-78.81
-78.82
-78.81
-78.82
-78.82
-78.82
-78.82
-78.82
-78.81
-78.81
-78.82
-78.81
-78.81
-78.81
-78.81
-78.81
-78.82
-78.82
-78.81
-78.81
-78.82
-78.81
-78.81
-78.82
-78.81
-78.82
-78.82
-78.82
-78.82
-78.82
-78.81
-78.81
-78.82
-78.81
-78.81
-78.82
-78.81
-78.82
-78.82
-78.82
-78.82
-78.82
-78.82
-78.82
-78.82
-78.82
-78.82
-78.82
-78.81
-78.81
-78.81
-78.81
-78.81
-78.80
-78.81
-78.81
-78.81
-78.81
-78.82
-78.81
-78.81
-78.81
-78.81
-78.81
-78.81
-78.82
-78.82
-78.82
-78.82
-78.82
-78.82
-78.83
-78.83
-78.83
-78.83
-78.83
-78.82
-78.82
-78.82
-78.83
-78.83
-78.83
-78.83
-78.82
-78.83
-78.83
-78.83
-78.83
-78.83
-78.82
-78.82
-78.82
-78.82
-78.83
-78.83
-78.83
-78.83
-78.83
-78.83
-78.82
-78.82
-78.82
-78.82
-78.82
-78.82
-78.82
-78.82
-78.82
-78.82
-78.83
-78.82
-78.82
-78.82
-78.82
-78.82
-78.82
-78.82
-78.81
-78.81
-78.81
-78.81
-78.81
-78.81
-78.81
-78.81
-78.81
-78.81
-78.81
-78.80
-78.81
-78.81
-78.81
-78.81
-78.81
-78.80
-78.80
-78.80
-78.80
-78.81
-78.81
-78.81
-78.81
-78.81
-78.81
-78.81
-78.82
-78.82
-78.82
-78.83
-78.83
-78.82
-78.82
-78.82
-78.82
-78.82
-78.82
-78.81
-78.81
-78.81
-78.81
-78.81
-78.82
-78.82
-78.82
-78.82
-78.82
-78.81
-78.82
-78.81
-78.81
-78.80
-78.80
-78.81
-78.81
-78.81
-78.81
-78.82
-78.82
-78.81
-78.82
-78.81
-78.82
-78.82
-78.82
-78.82
-78.83
-78.83
-78.83
-78.83
-78.83
-78.83
-78.82
-78.82
-78.82
-78.82
-78.82
-78.82
-78.81
-78.82
-78.82
-78.82
-78.82
-78.82
-78.82
-78.82
-78.83
-78.83
-78.82
-78.82
-78.81
-78.81
-78.81
-78.81
-78.82
-78.82
-78.83
-78.83
-78.83
-78.84
-78.84
-78.84
-78.83
-78.83
-78.83
-78.84
-78.83
-78.83
-78.84
-78.84
-78.84
-78.83
-78.83
-78.83
-78.83
-78.82
-78.82
-78.82
-78.82
-78.82
-78.82
-78.83
-78.83
-78.82
-78.82
-78.82
-78.82
-78.82
-78.82
-78.82
-78.82
-78.82
-78.82
-78.82
-78.82
-78.82
-78.82
-78.82
-78.83
-78.84
-78.83
-78.83
-78.83
-78.83
-78.82
-78.82
-78.82
-78.81
-78.81
-78.80
-78.81
-78.80
-78.81
-78.80
-78.81
-78.80
-78.80
-78.80
-78.80
-78.80
-78.80
-78.81
-78.80
-78.80
-78.80
-78.81
-78.81
-78.80
-78.81
-78.80
-78.80
-78.80
-78.80
-78.80
-78.81
-78.81
-78.81
-78.82
-78.81
-78.82
-78.81
-78.81
-78.81
-78.82
-78.81
-78.82
-78.82
-78.82
-78.81
-78.81
-78.81
-78.81
-78.82
-78.82
-78.82
-78.82
-78.83
-78.83
-78.83
-78.84
-78.84
-78.84
-78.83
-78.83
-78.83
-78.84
-78.84
-78.84
-78.84
-78.84
-78.84
-78.84
-78.84
-78.84
-78.84
-78.84
-78.84
-78.84
-78.84
-78.84
-78.84
-78.85
-78.84
-78.84
-78.83
-78.83
-78.83
-78.83
-78.83
-78.83
-78.84
-78.84
-78.84
-78.83
-78.84
-78.84
