Frequency: 1.000000
Sample Rate: 2000000.000000
Vector Length: 1
Notes: 
-379.30
-93.77
-91.64
-90.18
-89.13
-88.32
-87.61
-86.97
-86.43
-85.94
-85.50
-85.11
-84.74
-84.39
-84.09
-83.80
-83.52
-83.27
-83.04
-82.81
-82.58
-82.38
-82.18
-81.99
-81.82
-81.65
-81.48
-81.32
-81.17
-81.02
-80.88
-80.74
-80.61
-80.48
-80.35
-80.23
-80.10
-79.99
-79.87
-79.76
-79.65
-79.54
-79.44
-79.34
-79.24
-79.14
-79.05
-78.96
-78.87
-78.84
-78.83
-78.83
-78.83
-78.82
-78.82
-78.81
-78.81
-78.82
-78.82
-78.82
-78.81
-78.82
-78.81
-78.82
-78.81
-78.81
-78.81
-78.80
-78.81
-78.80
-78.81
-78.81
-78.81
-78.81
-78.81
-78.81
-78.80
-78.80
-78.80
-78.79
-78.79
-78.79
-78.79
-78.78
-78.78
-78.78
-78.78
-78.78
-78.78
-78.78
-78.78
-78.78
-78.78
-78.79
-78.78
-78.78
-78.78
-78.78
-78.78
-78.77
-78.77
-78.78
-78.78
-78.78
-78.78
-78.78
-78.78
-78.78
-78.78
-78.79
-78.79
-78.79
-78.79
-78.79
-78.79
-78.79
-78.80
-78.80
-78.80
-78.80
-78.79
-78.79
-78.79
-78.78
-78.79
-78.79
-78.79
-78.79
-78.79
-78.79
-78.80
-78.80
-78.80
-78.79
-78.79
-78.80
-78.80
-78.80
-78.79
-78.79
-78.79
-78.79
-78.79
-78.79
-78.79
-78.79
-78.80
-78.80
-78.81
-78.81
-78.81
-78.80
-78.80
-78.80
-78.80
-78.80
-78.80
-78.80
-78.80
-78.80
-78.80
-78.79
-78.79
-78.79
-78.79
-78.79
-78.80
-78.79
-78.79
-78.80
-78.80
-78.80
-78.80
-78.80
-78.80
-78.80
-78.80
-78.80
-78.80
-78.80
-78.80
-78.80
-78.80
-78.80
-78.80
-78.81
-78.81
-78.81
-78.81
-78.81
-78.81
-78.81
-78.81
-78.81
-78.80
-78.80
-78.79
-78.79
-78.79
-78.79
-78.80
-78.80
-78.80
-78.80
-78.80
-78.80
-78.80
-78.80
-78.80
-78.80
-78.81
-78.81
-78.82
-78.81
-78.81
-78.81
-78.81
-78.81
-78.81
-78.80
-78.80
-78.80
-78.80
-78.80
-78.80
-78.80
-78.81
-78.80
-78.81
-78.81
-78.80
-78.80
-78.80
-78.80
-78.80
-78.80
-78.79
-78.80
-78.79
-78.79
-78.80
-78.80
-78.80
-78.80
-78.80
-78.80
-78.81
-78.81
-78.80
-78.80
-78.80
-78.80
-78.81
-78.81
-78.81
-78.81
-78.81
-78.81
-78.81
-78.81
-78.81
-78.80
-78.80
-78.80
-78.80
-78.80
-78.81
-78.81
-78.81
-78.82
-78.82
-78.83
-78.83
-78.83
-78.83
-78.83
-78.83
-78.82
-78.82
-78.83
-78.83
-78.83
-78.83
-78.83
-78.83
-78.83
-78.83
-78.83
-78.82
-78.82
-78.82
-78.83
-78.83
-78.83
-78.83
-78.83
-78.83
-78.83
-78.83
-78.83
-78.83
-78.83
-78.83
-78.83
-78.83
-78.83
-78.83
-78.83
-78.83
-78.83
-78.83
-78.83
-78.83
-78.83
-78.82
-78.82
-78.82
-78.82
-78.81
-78.82
-78.82
-78.82
-78.82
-78.82
-78.82
-78.82
-78.82
-78.82
-78.81
-78.81
-78.80
-78.81
-78.81
-78.81
-78.81
-78.81
-78.81
-78.81
-78.81
-78.82
-78.81
-78.81
-78.81
-78.81
-78.81
-78.82
-78.81
-78.81
-78.81
-78.81
-78.80
-78.80
-78.80
-78.80
-78.80
-78.80
-78.79
-78.79
-78.80
-78.80
-78.80
-78.80
-78.79
-78.79
-78.80
-78.80
-78.80
-78.79
-78.79
-78.78
-78.78
-78.78
-78.77
-78.77
-78.78
-78.78
-78.78
-78.78
-78.78
-78.79
-78.79
-78.79
-78.79
-78.79
-78.79
-78.79
-78.79
-78.79
-78.79
-78.79
-78.79
-78.79
-78.79
-78.78
-78.79
-78.78
-78.78
-78.78
-78.78
-78.78
-78.79
-78.78
-78.78
-78.78
-78.78
-78.78
-78.78
-78.79
-78.79
-78.79
-78.79
-78.80
-78.79
-78.79
-78.80
-78.79
-78.80
-78.80
-78.80
-78.81
-78.81
-78.81
-78.81
-78.81
-78.81
-78.81
-78.81
-78.81
-78.81
-78.81
-78.81
-78.81
-78.81
-78.80
-78.81
-78.82
-78.82
-78.81
-78.81
-78.81
-78.80
-78.81
-78.81
-78.81
-78.81
-78.81
-78.81
-78.81
-78.82
-78.82
-78.82
-78.82
-78.82
-78.83
-78.82
-78.83
-78.83
-78.83
-78.83
-78.82
-78.83
-78.83
-78.83
-78.82
-78.83
-78.83
-78.83
-78.83
-78.83
-78.83
-78.83
-78.83
-78.83
-78.84
-78.84
-78.84
-78.84
-78.84
-78.84
-78.84
-78.84
-78.85
-78.85
-78.84
-78.84
-78.85
-78.85
-78.86
-78.86
