Frequency: 1.000000
Sample Rate: 2000000.000000
Vector Length: 1
Notes: 
-379.30
-95.10
-91.10
-89.71
-88.76
-87.84
-87.19
-86.95
-86.13
-85.60
-85.13
-84.77
-84.44
-84.14
-83.85
-83.57
-83.32
-83.07
-82.85
-82.63
-82.43
-82.23
-82.03
-81.86
-81.69
-81.52
-81.36
-81.21
-81.07
-80.92
-80.78
-80.65
-80.51
-80.38
-80.26
-80.14
-80.03
-79.91
-79.80
-79.70
-79.60
-79.49
-79.39
-79.29
-79.19
-79.10
-79.01
-78.92
-78.90
-78.89
-78.89
-78.88
-78.88
-78.88
-78.89
-78.89
-78.88
-78.88
-78.88
-78.88
-78.88
-78.89
-78.89
-78.89
-78.89
-78.89
-78.90
-78.90
-78.90
-78.90
-78.91
-78.91
-78.90
-78.90
-78.90
-78.90
-78.90
-78.90
-78.90
-78.90
-78.90
-78.90
-78.90
-78.90
-78.90
-78.90
-78.90
-78.90
-78.90
-78.90
-78.90
-78.90
-78.90
-78.90
-78.90
-78.90
-78.91
-78.91
-78.90
-78.91
-78.91
-78.90
-78.90
-78.90
-78.91
-78.90
-78.91
-78.90
-78.90
-78.89
-78.90
-78.90
-78.90
-78.90
-78.90
-78.90
-78.89
-78.89
-78.89
-78.89
-78.88
-78.89
-78.89
-78.89
-78.89
-78.89
-78.89
-78.89
-78.89
-78.89
-78.89
-78.89
-78.88
-78.88
-78.89
-78.89
-78.89
-78.89
-78.89
-78.89
-78.89
-78.89
-78.88
-78.88
-78.88
-78.88
-78.88
-78.89
-78.89
-78.89
-78.89
-78.89
-78.89
-78.89
-78.89
-78.89
-78.89
-78.90
-78.89
-78.89
-78.89
-78.89
-78.89
-78.89
-78.89
-78.89
-78.89
-78.89
-78.89
-78.89
-78.89
-78.90
-78.90
-78.90
-78.89
-78.89
-78.89
-78.89
-78.89
-78.90
-78.90
-78.90
-78.90
-78.90
-78.90
-78.90
-78.90
-78.90
-78.90
-78.91
-78.90
-78.90
-78.90
-78.90
-78.90
-78.90
-78.90
-78.90
-78.90
-78.90
-78.90
-78.90
-78.90
-78.91
-78.91
-78.90
-78.90
-78.90
-78.90
-78.90
-78.90
-78.91
-78.91
-78.91
-78.91
-78.91
-78.91
-78.91
-78.91
-78.91
-78.91
-78.90
-78.90
-78.91
-78.91
-78.91
-78.91
-78.90
-78.90
-78.90
-78.90
-78.90
-78.90
-78.90
-78.89
-78.89
-78.89
-78.90
-78.90
-78.90
-78.90
-78.90
-78.89
-78.89
-78.89
-78.89
-78.89
-78.88
-78.88
-78.88
-78.88
-78.88
-78.88
-78.88
-78.89
-78.89
-78.89
-78.89
-78.89
-78.89
-78.89
-78.89
-78.89
-78.90
-78.90
-78.90
-78.90
-78.90
-78.90
-78.90
-78.90
-78.90
-78.90
-78.89
-78.90
-78.90
-78.90
-78.91
-78.91
-78.90
-78.90
-78.90
-78.90
-78.90
-78.90
-78.90
-78.89
-78.89
-78.89
-78.89
-78.89
-78.89
-78.89
-78.89
-78.90
-78.90
-78.90
-78.90
-78.90
-78.90
-78.89
-78.89
-78.89
-78.88
-78.88
-78.88
-78.88
-78.88
-78.87
-78.87
-78.87
-78.87
-78.86
-78.86
-78.86
-78.86
-78.86
-78.86
-78.86
-78.86
-78.86
-78.86
-78.86
-78.85
-78.85
-78.85
-78.85
-78.85
-78.86
-78.86
-78.86
-78.85
-78.85
-78.85
-78.85
-78.85
-78.86
-78.86
-78.86
-78.86
-78.86
-78.87
-78.87
-78.86
-78.87
-78.87
-78.87
-78.87
-78.87
-78.88
-78.88
-78.87
-78.88
-78.88
-78.88
-78.88
-78.88
-78.88
-78.88
-78.88
-78.88
-78.88
-78.88
-78.88
-78.88
-78.88
-78.88
-78.88
-78.88
-78.88
-78.88
-78.88
-78.88
-78.88
-78.88
-78.88
-78.88
-78.88
-78.88
-78.88
-78.88
-78.88
-78.88
-78.88
-78.88
-78.89
-78.90
-78.90
-78.89
-78.89
-78.89
-78.89
-78.89
-78.89
-78.89
-78.88
-78.88
-78.88
-78.88
-78.88
-78.89
-78.88
-78.89
-78.89
-78.89
-78.90
-78.90
-78.89
-78.90
-78.89
-78.90
-78.90
-78.90
-78.90
-78.90
-78.90
-78.91
-78.91
-78.91
-78.92
-78.92
-78.92
-78.92
-78.91
-78.91
-78.91
-78.91
-78.91
-78.92
-78.92
-78.92
-78.92
-78.92
-78.93
-78.92
-78.91
-78.91
-78.91
-78.91
-78.91
-78.91
-78.91
-78.91
-78.91
-78.91
-78.91
-78.91
-78.91
-78.91
-78.90
-78.91
-78.91
-78.90
-78.90
-78.90
-78.90
-78.90
-78.90
-78.90
-78.90
-78.90
-78.90
-78.90
-78.90
-78.90
-78.90
-78.90
-78.90
-78.90
-78.91
-78.90
-78.90
-78.91
-78.91
-78.90
-78.90
-78.90
-78.90
-78.90
-78.90
-78.91
-78.90
-78.90
-78.90
-78.90
-78.90
-78.89
-78.89
