Frequency: 1.000000
Sample Rate: 2000000.000000
Vector Length: 1
Notes: 
-379.30
-95.39
-91.12
-89.63
-88.68
-87.90
-87.26
-86.67
-86.18
-85.73
-85.33
-84.96
-84.61
-84.30
-83.99
-83.70
-83.46
-83.21
-82.97
-82.75
-82.55
-82.35
-82.16
-81.98
-81.80
-81.63
-81.47
-81.31
-81.16
-81.01
-80.86
-80.73
-80.60
-80.46
-80.34
-80.22
-80.11
-79.99
-79.88
-79.77
-79.66
-79.56
-79.46
-79.36
-79.26
-79.17
-79.07
-78.98
-78.93
-78.91
-78.91
-78.91
-78.91
-78.91
-78.91
-78.91
-78.91
-78.91
-78.91
-78.91
-78.91
-78.90
-78.91
-78.91
-78.90
-78.90
-78.90
-78.90
-78.90
-78.90
-78.90
-78.90
-78.90
-78.89
-78.89
-78.89
-78.89
-78.89
-78.89
-78.89
-78.89
-78.89
-78.89
-78.89
-78.88
-78.89
-78.89
-78.89
-78.88
-78.88
-78.88
-78.88
-78.88
-78.88
-78.89
-78.89
-78.89
-78.89
-78.88
-78.88
-78.88
-78.88
-78.88
-78.88
-78.88
-78.87
-78.87
-78.87
-78.88
-78.88
-78.88
-78.88
-78.88
-78.88
-78.88
-78.88
-78.88
-78.88
-78.88
-78.88
-78.88
-78.87
-78.88
-78.87
-78.88
-78.88
-78.88
-78.88
-78.88
-78.88
-78.88
-78.88
-78.87
-78.87
-78.87
-78.87
-78.87
-78.87
-78.87
-78.87
-78.87
-78.86
-78.86
-78.86
-78.86
-78.87
-78.87
-78.87
-78.87
-78.87
-78.87
-78.87
-78.87
-78.87
-78.87
-78.87
-78.87
-78.87
-78.87
-78.87
-78.87
-78.86
-78.86
-78.86
-78.86
-78.86
-78.86
-78.86
-78.87
-78.87
-78.87
-78.87
-78.87
-78.87
-78.86
-78.86
-78.87
-78.87
-78.86
-78.87
-78.86
-78.86
-78.87
-78.87
-78.87
-78.87
-78.87
-78.87
-78.87
-78.88
-78.88
-78.88
-78.88
-78.87
-78.88
-78.88
-78.88
-78.88
-78.87
-78.87
-78.88
-78.88
-78.88
-78.88
-78.88
-78.88
-78.87
-78.88
-78.88
-78.88
-78.89
-78.89
-78.89
-78.89
-78.88
-78.89
-78.88
-78.88
-78.88
-78.88
-78.87
-78.87
-78.88
-78.88
-78.88
-78.88
-78.88
-78.89
-78.89
-78.89
-78.89
-78.89
-78.89
-78.89
-78.89
-78.89
-78.88
-78.88
-78.88
-78.89
-78.89
-78.89
-78.89
-78.88
-78.89
-78.89
-78.89
-78.89
-78.89
-78.89
-78.89
-78.89
-78.89
-78.89
-78.89
-78.89
-78.89
-78.89
-78.88
-78.88
-78.88
-78.88
-78.88
-78.89
-78.89
-78.89
-78.89
-78.89
-78.89
-78.89
-78.89
-78.89
-78.89
-78.89
-78.89
-78.89
-78.89
-78.88
-78.88
-78.89
-78.88
-78.88
-78.88
-78.88
-78.88
-78.88
-78.88
-78.88
-78.88
-78.88
-78.88
-78.87
-78.88
-78.87
-78.87
-78.87
-78.87
-78.87
-78.87
-78.87
-78.87
-78.87
-78.87
-78.88
-78.88
-78.88
-78.88
-78.88
-78.88
-78.88
-78.88
-78.88
-78.88
-78.88
-78.89
-78.89
-78.89
-78.89
-78.89
-78.89
-78.89
-78.89
-78.89
-78.89
-78.89
-78.89
-78.89
-78.89
-78.89
-78.88
-78.89
-78.89
-78.90
-78.90
-78.90
-78.90
-78.90
-78.90
-78.91
-78.91
-78.92
-78.92
-78.91
-78.91
-78.91
-78.91
-78.91
-78.91
-78.91
-78.91
-78.91
-78.90
-78.90
-78.91
-78.91
-78.90
-78.90
-78.90
-78.90
-78.90
-78.89
-78.89
-78.89
-78.88
-78.89
-78.89
-78.89
-78.89
-78.88
-78.88
-78.88
-78.88
-78.89
-78.88
-78.88
-78.88
-78.89
-78.89
-78.89
-78.90
-78.89
-78.89
-78.89
-78.89
-78.89
-78.89
-78.89
-78.89
-78.88
-78.88
-78.88
-78.88
-78.88
-78.89
-78.88
-78.88
-78.88
-78.88
-78.88
-78.89
-78.89
-78.88
-78.88
-78.88
-78.88
-78.88
-78.88
-78.88
-78.88
-78.89
-78.89
-78.89
-78.89
-78.89
-78.89
-78.89
-78.89
-78.89
-78.89
-78.89
-78.89
-78.88
-78.88
-78.88
-78.88
-78.87
-78.87
-78.87
-78.87
-78.87
-78.87
-78.87
-78.86
-78.86
-78.86
-78.86
-78.86
-78.85
-78.86
-78.86
-78.85
-78.85
-78.85
-78.85
-78.85
-78.86
-78.85
-78.85
-78.86
-78.86
-78.86
-78.86
-78.86
-78.85
-78.85
-78.86
-78.86
-78.86
-78.85
-78.85
-78.86
-78.86
-78.86
-78.86
-78.86
-78.86
-78.86
-78.87
-78.87
-78.86
-78.87
-78.87
-78.87
-78.87
-78.88
-78.88
-78.87
-78.87
-78.87
-78.87
-78.88
-78.87
-78.88
-78.88
