Frequency: 1.000000
Sample Rate: 2000000.000000
Vector Length: 1
Notes: 
-379.30
-94.98
-91.07
-89.81
-88.86
-88.07
-87.40
-86.80
-86.28
-85.82
-85.42
-85.05
-84.71
-84.38
-84.08
-83.78
-83.52
-83.27
-83.03
-82.80
-82.58
-82.38
-82.18
-82.00
-81.81
-81.65
-81.49
-81.32
-81.16
-81.02
-80.87
-80.72
-80.59
-80.47
-80.34
-80.22
-80.10
-79.99
-79.87
-79.77
-79.67
-79.56
-79.46
-79.36
-79.26
-79.16
-79.07
-78.98
-78.91
-78.90
-78.89
-78.90
-78.89
-78.90
-78.89
-78.89
-78.90
-78.90
-78.89
-78.89
-78.89
-78.89
-78.89
-78.89
-78.89
-78.89
-78.89
-78.89
-78.89
-78.89
-78.89
-78.88
-78.89
-78.89
-78.89
-78.89
-78.90
-78.90
-78.90
-78.90
-78.90
-78.90
-78.91
-78.91
-78.91
-78.91
-78.91
-78.90
-78.90
-78.90
-78.89
-78.89
-78.89
-78.89
-78.89
-78.89
-78.89
-78.88
-78.88
-78.88
-78.88
-78.88
-78.88
-78.87
-78.87
-78.87
-78.87
-78.87
-78.87
-78.87
-78.87
-78.87
-78.87
-78.88
-78.88
-78.88
-78.88
-78.88
-78.89
-78.89
-78.88
-78.89
-78.89
-78.88
-78.88
-78.88
-78.88
-78.88
-78.88
-78.88
-78.89
-78.88
-78.88
-78.89
-78.89
-78.89
-78.89
-78.89
-78.89
-78.89
-78.89
-78.89
-78.89
-78.90
-78.90
-78.90
-78.91
-78.91
-78.90
-78.90
-78.90
-78.91
-78.91
-78.91
-78.91
-78.91
-78.91
-78.91
-78.91
-78.91
-78.91
-78.90
-78.90
-78.90
-78.90
-78.90
-78.90
-78.90
-78.90
-78.90
-78.91
-78.91
-78.91
-78.91
-78.91
-78.91
-78.91
-78.91
-78.90
-78.90
-78.90
-78.90
-78.90
-78.90
-78.90
-78.91
-78.91
-78.91
-78.91
-78.91
-78.91
-78.91
-78.90
-78.91
-78.91
-78.91
-78.91
-78.90
-78.91
-78.90
-78.90
-78.90
-78.90
-78.90
-78.90
-78.89
-78.89
-78.89
-78.89
-78.89
-78.90
-78.91
-78.91
-78.91
-78.91
-78.91
-78.91
-78.91
-78.91
-78.90
-78.90
-78.90
-78.90
-78.90
-78.90
-78.90
-78.89
-78.89
-78.89
-78.89
-78.90
-78.90
-78.89
-78.90
-78.89
-78.89
-78.89
-78.89
-78.89
-78.89
-78.89
-78.89
-78.89
-78.88
-78.88
-78.88
-78.88
-78.88
-78.88
-78.89
-78.88
-78.88
-78.88
-78.88
-78.89
-78.89
-78.89
-78.89
-78.89
-78.88
-78.88
-78.88
-78.88
-78.88
-78.87
-78.87
-78.87
-78.88
-78.88
-78.88
-78.88
-78.88
-78.88
-78.88
-78.88
-78.88
-78.88
-78.88
-78.87
-78.87
-78.87
-78.87
-78.87
-78.87
-78.86
-78.86
-78.86
-78.86
-78.86
-78.86
-78.86
-78.86
-78.86
-78.87
-78.87
-78.88
-78.88
-78.87
-78.88
-78.88
-78.88
-78.88
-78.87
-78.87
-78.88
-78.88
-78.88
-78.88
-78.87
-78.88
-78.88
-78.88
-78.87
-78.88
-78.87
-78.87
-78.88
-78.88
-78.88
-78.88
-78.87
-78.88
-78.88
-78.87
-78.88
-78.88
-78.88
-78.88
-78.89
-78.89
-78.89
-78.89
-78.89
-78.89
-78.89
-78.89
-78.89
-78.89
-78.89
-78.89
-78.89
-78.89
-78.89
-78.88
-78.87
-78.87
-78.87
-78.87
-78.87
-78.87
-78.87
-78.87
-78.87
-78.87
-78.87
-78.87
-78.87
-78.87
-78.88
-78.87
-78.87
-78.87
-78.88
-78.87
-78.87
-78.87
-78.87
-78.87
-78.87
-78.87
-78.87
-78.88
-78.88
-78.87
-78.88
-78.87
-78.87
-78.87
-78.87
-78.88
-78.87
-78.87
-78.88
-78.88
-78.88
-78.88
-78.88
-78.88
-78.89
-78.89
-78.89
-78.89
-78.89
-78.90
-78.90
-78.91
-78.91
-78.90
-78.90
-78.90
-78.89
-78.89
-78.89
-78.89
-78.89
-78.89
-78.89
-78.89
-78.89
-78.89
-78.90
-78.90
-78.89
-78.90
-78.90
-78.90
-78.90
-78.90
-78.90
-78.91
-78.90
-78.91
-78.91
-78.91
-78.91
-78.91
-78.91
-78.91
-78.91
-78.91
-78.91
-78.90
-78.90
-78.90
-78.90
-78.91
-78.90
-78.90
-78.90
-78.89
-78.90
-78.90
-78.89
-78.89
-78.89
-78.89
-78.89
-78.89
-78.90
-78.90
-78.90
-78.90
-78.90
-78.90
-78.90
-78.90
-78.90
-78.90
-78.90
-78.90
-78.90
-78.91
-78.91
-78.90
-78.90
-78.90
-78.90
-78.90
-78.90
-78.90
-78.90
-78.90
-78.90
-78.90
-78.90
-78.89
-78.89
-78.89
-78.89
-78.89
-78.89
-78.89
-78.88
-78.89
-78.88
