Frequency: 1.000000
Sample Rate: 2000000.000000
Vector Length: 1
Notes: 
-379.30
-95.95
-91.58
-89.92
-88.92
-88.10
-87.43
-86.83
-86.29
-85.83
-85.41
-85.02
-84.65
-84.33
-84.03
-83.75
-83.48
-83.24
-83.00
-82.77
-82.56
-82.36
-82.16
-81.97
-81.79
-81.61
-81.45
-81.28
-81.13
-80.99
-80.84
-80.71
-80.57
-80.44
-80.31
-80.19
-80.08
-79.95
-79.84
-79.73
-79.62
-79.52
-79.41
-79.31
-79.21
-79.11
-79.02
-78.92
-78.86
-78.83
-78.82
-78.82
-78.82
-78.82
-78.82
-78.82
-78.82
-78.82
-78.82
-78.82
-78.82
-78.82
-78.82
-78.82
-78.82
-78.82
-78.81
-78.81
-78.81
-78.81
-78.81
-78.81
-78.81
-78.82
-78.82
-78.82
-78.82
-78.82
-78.81
-78.81
-78.81
-78.81
-78.81
-78.81
-78.81
-78.81
-78.81
-78.82
-78.81
-78.81
-78.82
-78.82
-78.82
-78.82
-78.82
-78.82
-78.83
-78.83
-78.82
-78.83
-78.82
-78.82
-78.83
-78.83
-78.83
-78.83
-78.83
-78.83
-78.83
-78.83
-78.84
-78.84
-78.84
-78.84
-78.84
-78.84
-78.84
-78.84
-78.85
-78.85
-78.85
-78.84
-78.84
-78.84
-78.84
-78.84
-78.85
-78.85
-78.86
-78.85
-78.85
-78.86
-78.85
-78.86
-78.86
-78.86
-78.86
-78.86
-78.86
-78.85
-78.85
-78.85
-78.85
-78.85
-78.85
-78.85
-78.85
-78.85
-78.85
-78.85
-78.85
-78.85
-78.85
-78.85
-78.85
-78.85
-78.85
-78.85
-78.85
-78.85
-78.85
-78.85
-78.85
-78.85
-78.85
-78.85
-78.85
-78.84
-78.84
-78.84
-78.84
-78.84
-78.84
-78.85
-78.85
-78.84
-78.84
-78.84
-78.84
-78.84
-78.84
-78.84
-78.84
-78.84
-78.84
-78.84
-78.84
-78.84
-78.84
-78.84
-78.84
-78.85
-78.85
-78.85
-78.85
-78.85
-78.86
-78.86
-78.86
-78.86
-78.85
-78.84
-78.84
-78.84
-78.84
-78.84
-78.84
-78.83
-78.84
-78.84
-78.84
-78.83
-78.83
-78.83
-78.83
-78.83
-78.84
-78.84
-78.84
-78.85
-78.84
-78.84
-78.84
-78.84
-78.84
-78.84
-78.84
-78.84
-78.84
-78.83
-78.83
-78.83
-78.83
-78.84
-78.84
-78.84
-78.85
-78.85
-78.85
-78.85
-78.84
-78.84
-78.84
-78.84
-78.83
-78.84
-78.83
-78.83
-78.83
-78.83
-78.84
-78.84
-78.84
-78.84
-78.84
-78.84
-78.85
-78.84
-78.84
-78.84
-78.84
-78.84
-78.84
-78.84
-78.84
-78.84
-78.84
-78.84
-78.84
-78.84
-78.84
-78.84
-78.84
-78.84
-78.85
-78.84
-78.84
-78.84
-78.84
-78.84
-78.84
-78.84
-78.84
-78.84
-78.84
-78.83
-78.83
-78.83
-78.83
-78.83
-78.83
-78.83
-78.84
-78.84
-78.84
-78.84
-78.84
-78.84
-78.84
-78.85
-78.85
-78.85
-78.85
-78.85
-78.85
-78.85
-78.86
-78.86
-78.86
-78.86
-78.86
-78.86
-78.86
-78.86
-78.86
-78.85
-78.85
-78.85
-78.85
-78.84
-78.84
-78.85
-78.85
-78.85
-78.85
-78.86
-78.86
-78.86
-78.86
-78.85
-78.85
-78.86
-78.85
-78.85
-78.85
-78.86
-78.86
-78.86
-78.86
-78.85
-78.85
-78.85
-78.85
-78.85
-78.85
-78.85
-78.85
-78.84
-78.84
-78.84
-78.84
-78.84
-78.84
-78.83
-78.83
-78.83
-78.83
-78.83
-78.83
-78.83
-78.83
-78.83
-78.83
-78.83
-78.84
-78.84
-78.84
-78.85
-78.85
-78.86
-78.86
-78.85
-78.85
-78.85
-78.85
-78.85
-78.85
-78.85
-78.85
-78.85
-78.85
-78.86
-78.85
-78.85
-78.85
-78.84
-78.84
-78.84
-78.84
-78.84
-78.84
-78.84
-78.84
-78.84
-78.85
-78.85
-78.84
-78.85
-78.85
-78.85
-78.85
-78.85
-78.85
-78.84
-78.84
-78.85
-78.85
-78.85
-78.85
-78.85
-78.85
-78.84
-78.84
-78.84
-78.84
-78.84
-78.83
-78.84
-78.83
-78.83
-78.83
-78.83
-78.83
-78.83
-78.83
-78.83
-78.83
-78.83
-78.83
-78.83
-78.82
-78.82
-78.82
-78.82
-78.83
-78.83
-78.82
-78.83
-78.83
-78.83
-78.83
-78.83
-78.83
-78.83
-78.83
-78.83
-78.83
-78.82
-78.82
-78.82
-78.82
-78.83
-78.83
-78.82
-78.82
-78.81
-78.82
-78.81
-78.82
-78.82
-78.82
-78.82
-78.82
-78.82
-78.82
-78.82
-78.82
-78.82
-78.82
-78.82
-78.82
-78.82
-78.82
-78.82
-78.82
-78.82
-78.82
-78.82
-78.82
-78.82
-78.82
-78.82
-78.82
-78.82
-78.82
-78.82
