Frequency: 1.000000
Sample Rate: 2000000.000000
Vector Length: 1
Notes: 
-379.30
-94.72
-90.85
-89.41
-88.49
-87.76
-87.11
-86.57
-86.07
-85.63
-85.22
-84.86
-84.52
-84.20
-83.90
-83.63
-83.36
-83.11
-82.88
-82.66
-82.46
-82.26
-82.07
-81.88
-81.71
-81.54
-81.38
-81.23
-81.08
-80.93
-80.78
-80.65
-80.52
-80.39
-80.26
-80.14
-80.02
-79.91
-79.79
-79.69
-79.58
-79.48
-79.38
-79.28
-79.18
-79.08
-78.99
-78.89
-78.83
-78.83
-78.83
-78.83
-78.83
-78.83
-78.83
-78.83
-78.82
-78.82
-78.82
-78.82
-78.82
-78.82
-78.82
-78.82
-78.82
-78.82
-78.82
-78.82
-78.82
-78.82
-78.82
-78.82
-78.82
-78.82
-78.81
-78.81
-78.81
-78.81
-78.81
-78.82
-78.81
-78.82
-78.81
-78.81
-78.81
-78.82
-78.82
-78.82
-78.82
-78.82
-78.81
-78.82
-78.82
-78.82
-78.82
-78.83
-78.83
-78.83
-78.83
-78.83
-78.83
-78.83
-78.84
-78.84
-78.84
-78.84
-78.85
-78.85
-78.85
-78.85
-78.85
-78.85
-78.85
-78.85
-78.85
-78.85
-78.85
-78.85
-78.85
-78.84
-78.84
-78.85
-78.85
-78.85
-78.85
-78.85
-78.85
-78.85
-78.85
-78.85
-78.85
-78.85
-78.86
-78.86
-78.86
-78.86
-78.85
-78.86
-78.85
-78.85
-78.85
-78.85
-78.84
-78.84
-78.85
-78.84
-78.84
-78.83
-78.83
-78.83
-78.83
-78.83
-78.83
-78.82
-78.82
-78.82
-78.82
-78.82
-78.82
-78.82
-78.81
-78.81
-78.81
-78.82
-78.82
-78.82
-78.82
-78.82
-78.81
-78.81
-78.81
-78.81
-78.81
-78.81
-78.81
-78.81
-78.81
-78.80
-78.79
-78.79
-78.79
-78.79
-78.79
-78.79
-78.79
-78.79
-78.79
-78.79
-78.79
-78.80
-78.79
-78.79
-78.79
-78.80
-78.80
-78.80
-78.80
-78.79
-78.79
-78.79
-78.79
-78.79
-78.79
-78.80
-78.80
-78.80
-78.81
-78.81
-78.81
-78.82
-78.82
-78.82
-78.82
-78.82
-78.82
-78.82
-78.82
-78.82
-78.82
-78.82
-78.83
-78.83
-78.83
-78.83
-78.83
-78.83
-78.83
-78.84
-78.84
-78.84
-78.83
-78.83
-78.84
-78.84
-78.84
-78.84
-78.84
-78.83
-78.83
-78.84
-78.84
-78.83
-78.83
-78.84
-78.84
-78.84
-78.84
-78.85
-78.84
-78.84
-78.85
-78.85
-78.84
-78.84
-78.84
-78.84
-78.84
-78.84
-78.84
-78.83
-78.83
-78.83
-78.83
-78.83
-78.83
-78.82
-78.83
-78.83
-78.83
-78.82
-78.82
-78.82
-78.82
-78.82
-78.83
-78.83
-78.83
-78.83
-78.83
-78.83
-78.83
-78.83
-78.83
-78.83
-78.83
-78.84
-78.84
-78.84
-78.84
-78.84
-78.84
-78.84
-78.84
-78.84
-78.84
-78.84
-78.83
-78.83
-78.82
-78.82
-78.82
-78.82
-78.82
-78.82
-78.82
-78.82
-78.82
-78.82
-78.82
-78.82
-78.82
-78.82
-78.83
-78.83
-78.83
-78.82
-78.83
-78.82
-78.83
-78.83
-78.83
-78.83
-78.83
-78.83
-78.83
-78.82
-78.82
-78.82
-78.81
-78.82
-78.82
-78.82
-78.82
-78.82
-78.82
-78.82
-78.81
-78.81
-78.81
-78.81
-78.81
-78.81
-78.81
-78.81
-78.81
-78.82
-78.82
-78.82
-78.82
-78.81
-78.81
-78.82
-78.82
-78.83
-78.83
-78.82
-78.82
-78.82
-78.83
-78.83
-78.82
-78.82
-78.82
-78.82
-78.82
-78.82
-78.83
-78.82
-78.82
-78.82
-78.82
-78.82
-78.82
-78.82
-78.82
-78.82
-78.82
-78.83
-78.82
-78.82
-78.82
-78.82
-78.82
-78.82
-78.82
-78.82
-78.82
-78.82
-78.82
-78.82
-78.82
-78.83
-78.83
-78.83
-78.83
-78.84
-78.84
-78.84
-78.84
-78.85
-78.84
-78.84
-78.84
-78.84
-78.85
-78.85
-78.86
-78.86
-78.85
-78.86
-78.86
-78.86
-78.86
-78.85
-78.85
-78.85
-78.85
-78.85
-78.85
-78.85
-78.86
-78.85
-78.85
-78.86
-78.86
-78.86
-78.86
-78.86
-78.86
-78.86
-78.86
-78.86
-78.85
-78.85
-78.85
-78.85
-78.85
-78.85
-78.84
-78.84
-78.84
-78.84
-78.84
-78.83
-78.83
-78.83
-78.83
-78.84
-78.83
-78.83
-78.83
-78.83
-78.82
-78.82
-78.82
-78.82
-78.82
-78.82
-78.82
-78.82
-78.82
-78.83
-78.83
-78.83
-78.84
-78.84
-78.84
-78.84
-78.84
-78.84
-78.84
-78.84
-78.84
-78.84
-78.84
-78.84
-78.84
-78.84
-78.84
-78.84
-78.84
-78.85
-78.85
-78.85
-78.86
-78.86
