Frequency: 1.000000
Sample Rate: 2000000.000000
Vector Length: 1
Notes: 
-379.30
-94.57
-90.82
-89.59
-88.51
-87.73
-87.10
-86.54
-86.04
-85.61
-85.22
-84.84
-84.51
-84.20
-83.91
-83.64
-83.38
-83.13
-82.90
-82.68
-82.47
-82.27
-82.09
-81.90
-81.72
-81.56
-81.39
-81.24
-81.09
-80.94
-80.80
-80.66
-80.53
-80.41
-80.28
-80.16
-80.04
-79.93
-79.81
-79.70
-79.60
-79.50
-79.40
-79.30
-79.21
-79.12
-79.02
-78.93
-78.87
-78.87
-78.87
-78.87
-78.87
-78.87
-78.87
-78.87
-78.86
-78.87
-78.86
-78.86
-78.87
-78.87
-78.87
-78.86
-78.86
-78.86
-78.86
-78.86
-78.86
-78.86
-78.86
-78.86
-78.86
-78.86
-78.87
-78.86
-78.86
-78.86
-78.86
-78.87
-78.86
-78.85
-78.85
-78.85
-78.85
-78.85
-78.86
-78.85
-78.85
-78.85
-78.85
-78.85
-78.85
-78.85
-78.85
-78.85
-78.85
-78.86
-78.86
-78.86
-78.86
-78.85
-78.86
-78.86
-78.86
-78.86
-78.86
-78.87
-78.86
-78.86
-78.86
-78.86
-78.86
-78.86
-78.86
-78.86
-78.86
-78.86
-78.86
-78.86
-78.86
-78.85
-78.86
-78.86
-78.86
-78.86
-78.86
-78.85
-78.86
-78.86
-78.86
-78.86
-78.86
-78.86
-78.86
-78.86
-78.86
-78.85
-78.85
-78.85
-78.85
-78.84
-78.84
-78.84
-78.84
-78.84
-78.84
-78.84
-78.84
-78.84
-78.84
-78.83
-78.83
-78.83
-78.83
-78.83
-78.83
-78.83
-78.84
-78.84
-78.84
-78.84
-78.84
-78.85
-78.85
-78.85
-78.86
-78.85
-78.85
-78.85
-78.85
-78.85
-78.85
-78.86
-78.86
-78.86
-78.85
-78.85
-78.85
-78.85
-78.85
-78.85
-78.85
-78.85
-78.85
-78.85
-78.85
-78.85
-78.85
-78.85
-78.86
-78.85
-78.85
-78.86
-78.85
-78.85
-78.85
-78.86
-78.86
-78.86
-78.86
-78.86
-78.86
-78.86
-78.85
-78.86
-78.86
-78.85
-78.85
-78.85
-78.85
-78.85
-78.85
-78.85
-78.84
-78.85
-78.85
-78.85
-78.85
-78.85
-78.85
-78.85
-78.85
-78.85
-78.85
-78.85
-78.86
-78.86
-78.86
-78.86
-78.86
-78.86
-78.87
-78.87
-78.87
-78.87
-78.87
-78.86
-78.86
-78.86
-78.86
-78.86
-78.87
-78.87
-78.87
-78.87
-78.88
-78.88
-78.88
-78.88
-78.88
-78.89
-78.89
-78.89
-78.89
-78.88
-78.88
-78.88
-78.88
-78.88
-78.89
-78.89
-78.88
-78.89
-78.88
-78.88
-78.88
-78.88
-78.88
-78.87
-78.87
-78.87
-78.86
-78.87
-78.87
-78.87
-78.87
-78.86
-78.86
-78.86
-78.86
-78.86
-78.86
-78.85
-78.85
-78.85
-78.86
-78.86
-78.86
-78.86
-78.86
-78.86
-78.86
-78.86
-78.86
-78.86
-78.85
-78.85
-78.85
-78.85
-78.84
-78.84
-78.83
-78.84
-78.84
-78.84
-78.84
-78.84
-78.83
-78.83
-78.84
-78.83
-78.84
-78.83
-78.83
-78.83
-78.83
-78.83
-78.83
-78.84
-78.84
-78.84
-78.83
-78.83
-78.84
-78.84
-78.84
-78.84
-78.84
-78.84
-78.84
-78.84
-78.83
-78.83
-78.83
-78.83
-78.82
-78.83
-78.82
-78.83
-78.83
-78.83
-78.83
-78.83
-78.83
-78.83
-78.83
-78.84
-78.84
-78.83
-78.83
-78.83
-78.83
-78.84
-78.83
-78.83
-78.83
-78.83
-78.83
-78.83
-78.83
-78.83
-78.83
-78.83
-78.83
-78.83
-78.83
-78.83
-78.83
-78.83
-78.83
-78.83
-78.83
-78.83
-78.83
-78.83
-78.83
-78.83
-78.83
-78.83
-78.83
-78.83
-78.83
-78.83
-78.83
-78.84
-78.83
-78.83
-78.83
-78.84
-78.84
-78.84
-78.83
-78.84
-78.84
-78.83
-78.84
-78.84
-78.84
-78.84
-78.85
-78.84
-78.84
-78.84
-78.85
-78.85
-78.85
-78.86
-78.85
-78.85
-78.85
-78.85
-78.85
-78.85
-78.85
-78.86
-78.86
-78.86
-78.86
-78.86
-78.86
-78.86
-78.86
-78.86
-78.87
-78.87
-78.87
-78.87
-78.87
-78.87
-78.87
-78.88
-78.88
-78.88
-78.87
-78.87
-78.87
-78.86
-78.86
-78.86
-78.86
-78.86
-78.86
-78.86
-78.86
-78.86
-78.86
-78.86
-78.86
-78.85
-78.86
-78.86
-78.85
-78.85
-78.85
-78.85
-78.84
-78.84
-78.84
-78.84
-78.84
-78.84
-78.84
-78.84
-78.84
-78.84
-78.84
-78.84
-78.84
-78.83
-78.84
-78.84
-78.84
-78.84
-78.83
-78.83
-78.83
-78.83
-78.83
-78.83
-78.83
-78.83
-78.83
-78.83
