Frequency: 1.000000
Sample Rate: 2000000.000000
Vector Length: 1
Notes: 
-379.30
-95.85
-92.98
-91.11
-89.82
-88.82
-88.01
-87.34
-86.76
-86.23
-85.76
-85.32
-84.94
-84.59
-84.26
-83.96
-83.68
-83.41
-83.16
-82.92
-82.70
-82.49
-82.28
-82.09
-81.90
-81.72
-81.55
-81.39
-81.23
-81.08
-80.94
-80.79
-80.66
-80.52
-80.39
-80.27
-80.15
-80.03
-79.92
-79.80
-79.69
-79.58
-79.47
-79.38
-79.27
-79.18
-79.08
-78.99
-78.90
-78.83
-78.81
-78.81
-78.81
-78.81
-78.81
-78.81
-78.81
-78.80
-78.81
-78.80
-78.81
-78.82
-78.82
-78.82
-78.82
-78.82
-78.83
-78.82
-78.82
-78.82
-78.82
-78.83
-78.83
-78.83
-78.84
-78.84
-78.84
-78.84
-78.84
-78.84
-78.84
-78.85
-78.85
-78.85
-78.85
-78.84
-78.84
-78.84
-78.85
-78.85
-78.85
-78.85
-78.85
-78.85
-78.85
-78.85
-78.85
-78.84
-78.84
-78.84
-78.84
-78.84
-78.84
-78.84
-78.84
-78.84
-78.84
-78.84
-78.84
-78.84
-78.84
-78.84
-78.84
-78.84
-78.84
-78.84
-78.84
-78.84
-78.84
-78.84
-78.84
-78.84
-78.84
-78.84
-78.84
-78.84
-78.83
-78.83
-78.82
-78.83
-78.82
-78.82
-78.82
-78.82
-78.82
-78.83
-78.83
-78.83
-78.83
-78.83
-78.83
-78.83
-78.83
-78.83
-78.83
-78.83
-78.83
-78.83
-78.82
-78.83
-78.83
-78.83
-78.83
-78.83
-78.83
-78.83
-78.83
-78.82
-78.82
-78.81
-78.81
-78.81
-78.80
-78.80
-78.80
-78.80
-78.81
-78.81
-78.81
-78.81
-78.81
-78.82
-78.81
-78.81
-78.82
-78.82
-78.82
-78.82
-78.82
-78.82
-78.82
-78.82
-78.82
-78.82
-78.81
-78.81
-78.81
-78.81
-78.81
-78.81
-78.82
-78.81
-78.82
-78.82
-78.82
-78.82
-78.82
-78.82
-78.82
-78.81
-78.81
-78.82
-78.82
-78.82
-78.82
-78.82
-78.83
-78.83
-78.83
-78.83
-78.84
-78.85
-78.84
-78.84
-78.84
-78.84
-78.84
-78.83
-78.83
-78.83
-78.82
-78.83
-78.83
-78.82
-78.83
-78.82
-78.83
-78.82
-78.83
-78.83
-78.83
-78.83
-78.83
-78.83
-78.83
-78.83
-78.83
-78.82
-78.82
-78.82
-78.82
-78.82
-78.82
-78.82
-78.82
-78.81
-78.82
-78.81
-78.81
-78.81
-78.81
-78.81
-78.81
-78.81
-78.81
-78.81
-78.81
-78.80
-78.80
-78.80
-78.80
-78.81
-78.81
-78.81
-78.81
-78.82
-78.82
-78.81
-78.81
-78.81
-78.82
-78.82
-78.81
-78.81
-78.81
-78.81
-78.81
-78.80
-78.80
-78.79
-78.79
-78.79
-78.79
-78.79
-78.79
-78.79
-78.79
-78.79
-78.78
-78.78
-78.78
-78.78
-78.78
-78.78
-78.78
-78.78
-78.78
-78.78
-78.78
-78.78
-78.78
-78.78
-78.78
-78.79
-78.79
-78.80
-78.79
-78.80
-78.80
-78.79
-78.79
-78.79
-78.79
-78.79
-78.79
-78.79
-78.80
-78.80
-78.80
-78.79
-78.79
-78.80
-78.80
-78.80
-78.80
-78.80
-78.81
-78.81
-78.81
-78.81
-78.81
-78.81
-78.81
-78.81
-78.81
-78.81
-78.82
-78.82
-78.82
-78.82
-78.83
-78.83
-78.83
-78.83
-78.84
-78.83
-78.84
-78.84
-78.84
-78.84
-78.85
-78.85
-78.84
-78.84
-78.84
-78.84
-78.84
-78.83
-78.83
-78.83
-78.83
-78.84
-78.83
-78.83
-78.83
-78.83
-78.82
-78.83
-78.83
-78.83
-78.83
-78.83
-78.83
-78.83
-78.83
-78.83
-78.84
-78.85
-78.85
-78.85
-78.85
-78.85
-78.84
-78.85
-78.85
-78.85
-78.85
-78.85
-78.84
-78.84
-78.84
-78.84
-78.84
-78.84
-78.84
-78.84
-78.84
-78.84
-78.84
-78.84
-78.84
-78.84
-78.84
-78.84
-78.84
-78.85
-78.85
-78.85
-78.85
-78.85
-78.85
-78.85
-78.85
-78.85
-78.86
-78.85
-78.85
-78.85
-78.85
-78.85
-78.86
-78.86
-78.86
-78.86
-78.86
-78.85
-78.86
-78.85
-78.85
-78.85
-78.85
-78.86
-78.87
-78.86
-78.86
-78.86
-78.86
-78.86
-78.87
-78.87
-78.87
-78.87
-78.86
-78.87
-78.86
-78.86
-78.86
-78.86
-78.86
-78.86
-78.86
-78.85
-78.85
-78.85
-78.85
-78.85
-78.86
-78.85
-78.85
-78.85
-78.86
-78.86
-78.86
-78.86
-78.86
-78.86
-78.86
-78.86
-78.86
-78.86
-78.86
-78.86
-78.86
-78.86
-78.86
-78.86
-78.86
-78.86
-78.86
-78.86
-78.86
-78.85
-78.85
-78.85
-78.85
-78.85
-78.85
-78.84
-78.85
