Frequency: 1.000000
Sample Rate: 2000000.000000
Vector Length: 1
Notes: 
-379.30
-94.42
-91.72
-90.05
-89.03
-88.21
-87.53
-86.90
-86.36
-85.89
-85.49
-85.11
-84.76
-84.42
-84.12
-83.83
-83.58
-83.33
-83.09
-82.85
-82.64
-82.44
-82.26
-82.07
-81.89
-81.71
-81.54
-81.38
-81.23
-81.08
-80.95
-80.81
-80.67
-80.53
-80.41
-80.29
-80.16
-80.05
-79.93
-79.82
-79.71
-79.61
-79.50
-79.40
-79.30
-79.21
-79.12
-79.03
-78.95
-78.93
-78.92
-78.92
-78.91
-78.91
-78.91
-78.91
-78.92
-78.92
-78.91
-78.91
-78.91
-78.91
-78.91
-78.91
-78.91
-78.91
-78.91
-78.91
-78.91
-78.91
-78.90
-78.91
-78.90
-78.90
-78.91
-78.90
-78.91
-78.90
-78.90
-78.90
-78.90
-78.90
-78.89
-78.90
-78.90
-78.90
-78.90
-78.89
-78.90
-78.90
-78.90
-78.89
-78.89
-78.89
-78.89
-78.88
-78.88
-78.88
-78.88
-78.89
-78.89
-78.89
-78.88
-78.88
-78.88
-78.88
-78.89
-78.88
-78.88
-78.88
-78.88
-78.88
-78.88
-78.88
-78.87
-78.87
-78.87
-78.88
-78.87
-78.87
-78.87
-78.88
-78.88
-78.88
-78.87
-78.87
-78.87
-78.87
-78.87
-78.87
-78.87
-78.88
-78.87
-78.87
-78.87
-78.87
-78.87
-78.87
-78.87
-78.88
-78.88
-78.88
-78.88
-78.89
-78.88
-78.88
-78.88
-78.88
-78.88
-78.89
-78.89
-78.89
-78.89
-78.89
-78.90
-78.89
-78.89
-78.89
-78.89
-78.88
-78.88
-78.88
-78.88
-78.89
-78.89
-78.88
-78.89
-78.89
-78.88
-78.89
-78.89
-78.89
-78.89
-78.89
-78.89
-78.90
-78.89
-78.90
-78.90
-78.90
-78.90
-78.90
-78.90
-78.90
-78.91
-78.91
-78.91
-78.91
-78.91
-78.91
-78.90
-78.91
-78.91
-78.91
-78.92
-78.92
-78.91
-78.91
-78.91
-78.91
-78.91
-78.91
-78.91
-78.91
-78.92
-78.92
-78.91
-78.92
-78.93
-78.93
-78.93
-78.93
-78.93
-78.93
-78.93
-78.93
-78.93
-78.92
-78.92
-78.92
-78.92
-78.92
-78.92
-78.93
-78.92
-78.92
-78.92
-78.93
-78.93
-78.93
-78.93
-78.92
-78.92
-78.92
-78.92
-78.91
-78.91
-78.91
-78.92
-78.92
-78.92
-78.93
-78.92
-78.93
-78.92
-78.93
-78.93
-78.93
-78.93
-78.93
-78.92
-78.92
-78.93
-78.92
-78.92
-78.92
-78.92
-78.92
-78.93
-78.93
-78.93
-78.93
-78.93
-78.93
-78.93
-78.93
-78.93
-78.94
-78.94
-78.93
-78.94
-78.94
-78.93
-78.93
-78.94
-78.93
-78.93
-78.94
-78.94
-78.94
-78.94
-78.94
-78.94
-78.94
-78.93
-78.94
-78.93
-78.93
-78.93
-78.92
-78.92
-78.92
-78.92
-78.92
-78.91
-78.91
-78.91
-78.91
-78.91
-78.90
-78.91
-78.90
-78.90
-78.90
-78.90
-78.90
-78.90
-78.90
-78.90
-78.90
-78.89
-78.89
-78.89
-78.90
-78.90
-78.90
-78.90
-78.90
-78.90
-78.90
-78.89
-78.89
-78.89
-78.89
-78.89
-78.89
-78.88
-78.88
-78.87
-78.87
-78.88
-78.88
-78.88
-78.88
-78.87
-78.88
-78.88
-78.88
-78.88
-78.88
-78.87
-78.87
-78.87
-78.88
-78.88
-78.89
-78.89
-78.89
-78.89
-78.89
-78.89
-78.90
-78.89
-78.89
-78.89
-78.88
-78.88
-78.88
-78.88
-78.88
-78.88
-78.88
-78.87
-78.88
-78.88
-78.88
-78.87
-78.87
-78.87
-78.87
-78.88
-78.88
-78.88
-78.88
-78.88
-78.88
-78.88
-78.89
-78.89
-78.88
-78.88
-78.88
-78.88
-78.87
-78.87
-78.88
-78.88
-78.88
-78.89
-78.89
-78.89
-78.89
-78.88
-78.88
-78.88
-78.87
-78.87
-78.87
-78.87
-78.87
-78.87
-78.87
-78.88
-78.88
-78.88
-78.88
-78.88
-78.88
-78.87
-78.87
-78.87
-78.88
-78.87
-78.87
-78.87
-78.87
-78.87
-78.87
-78.86
-78.87
-78.87
-78.86
-78.86
-78.86
-78.86
-78.86
-78.86
-78.86
-78.86
-78.86
-78.87
-78.86
-78.87
-78.87
-78.86
-78.86
-78.86
-78.86
-78.86
-78.86
-78.86
-78.86
-78.86
-78.87
-78.87
-78.87
-78.87
-78.87
-78.87
-78.87
-78.87
-78.87
-78.87
-78.87
-78.87
-78.87
-78.87
-78.88
-78.88
-78.88
-78.88
-78.88
-78.88
-78.89
-78.89
-78.89
-78.89
-78.90
-78.89
-78.89
-78.90
-78.90
-78.90
-78.89
-78.89
-78.89
-78.90
-78.91
-78.90
-78.90
-78.90
-78.91
-78.91
-78.91
-78.91
