Frequency: 1.000000
Sample Rate: 2000000.000000
Vector Length: 1
Notes: 
-379.30
-96.13
-91.12
-89.04
-88.20
-87.50
-86.90
-86.34
-85.87
-85.44
-85.06
-84.69
-84.36
-84.07
-83.77
-83.51
-83.26
-83.02
-82.80
-82.58
-82.38
-82.17
-81.98
-81.80
-81.63
-81.46
-81.30
-81.14
-81.00
-80.85
-80.71
-80.58
-80.44
-80.32
-80.19
-80.07
-79.95
-79.84
-79.73
-79.62
-79.52
-79.42
-79.31
-79.22
-79.12
-79.03
-78.94
-78.85
-78.83
-78.83
-78.82
-78.82
-78.82
-78.82
-78.82
-78.81
-78.82
-78.81
-78.81
-78.82
-78.82
-78.81
-78.81
-78.81
-78.81
-78.81
-78.81
-78.80
-78.80
-78.80
-78.81
-78.81
-78.81
-78.81
-78.81
-78.82
-78.82
-78.82
-78.82
-78.82
-78.82
-78.82
-78.82
-78.82
-78.82
-78.82
-78.82
-78.82
-78.82
-78.82
-78.82
-78.83
-78.82
-78.82
-78.82
-78.82
-78.81
-78.81
-78.81
-78.81
-78.81
-78.81
-78.82
-78.81
-78.82
-78.81
-78.82
-78.82
-78.81
-78.81
-78.82
-78.82
-78.82
-78.82
-78.82
-78.82
-78.82
-78.82
-78.83
-78.82
-78.82
-78.82
-78.83
-78.83
-78.83
-78.82
-78.82
-78.82
-78.82
-78.81
-78.81
-78.81
-78.81
-78.81
-78.81
-78.81
-78.81
-78.81
-78.81
-78.81
-78.81
-78.81
-78.80
-78.81
-78.80
-78.80
-78.80
-78.80
-78.80
-78.80
-78.80
-78.80
-78.80
-78.80
-78.80
-78.81
-78.81
-78.80
-78.80
-78.80
-78.81
-78.80
-78.80
-78.80
-78.80
-78.80
-78.80
-78.80
-78.80
-78.80
-78.79
-78.79
-78.79
-78.79
-78.79
-78.80
-78.80
-78.79
-78.79
-78.80
-78.80
-78.80
-78.80
-78.80
-78.80
-78.80
-78.80
-78.80
-78.80
-78.80
-78.80
-78.80
-78.80
-78.80
-78.80
-78.80
-78.80
-78.80
-78.80
-78.81
-78.81
-78.81
-78.81
-78.80
-78.80
-78.81
-78.81
-78.80
-78.81
-78.80
-78.81
-78.80
-78.80
-78.81
-78.81
-78.81
-78.81
-78.81
-78.82
-78.81
-78.81
-78.81
-78.81
-78.81
-78.81
-78.82
-78.82
-78.82
-78.82
-78.82
-78.82
-78.81
-78.81
-78.81
-78.82
-78.81
-78.82
-78.82
-78.82
-78.82
-78.82
-78.83
-78.83
-78.83
-78.82
-78.83
-78.83
-78.82
-78.82
-78.82
-78.83
-78.83
-78.83
-78.84
-78.84
-78.83
-78.84
-78.83
-78.84
-78.83
-78.84
-78.84
-78.84
-78.83
-78.83
-78.83
-78.83
-78.82
-78.83
-78.83
-78.83
-78.83
-78.83
-78.83
-78.82
-78.82
-78.82
-78.82
-78.82
-78.82
-78.82
-78.82
-78.82
-78.82
-78.82
-78.82
-78.81
-78.81
-78.82
-78.81
-78.81
-78.81
-78.81
-78.81
-78.81
-78.81
-78.81
-78.81
-78.81
-78.81
-78.81
-78.81
-78.81
-78.80
-78.81
-78.81
-78.81
-78.81
-78.81
-78.81
-78.81
-78.81
-78.81
-78.81
-78.81
-78.81
-78.81
-78.82
-78.82
-78.81
-78.82
-78.81
-78.81
-78.81
-78.81
-78.81
-78.81
-78.82
-78.82
-78.82
-78.82
-78.82
-78.82
-78.82
-78.82
-78.81
-78.81
-78.82
-78.82
-78.82
-78.81
-78.81
-78.82
-78.82
-78.82
-78.82
-78.82
-78.82
-78.82
-78.82
-78.82
-78.82
-78.82
-78.83
-78.83
-78.82
-78.82
-78.82
-78.82
-78.82
-78.82
-78.82
-78.82
-78.82
-78.83
-78.83
-78.83
-78.82
-78.83
-78.82
-78.83
-78.83
-78.83
-78.83
-78.83
-78.82
-78.82
-78.82
-78.82
-78.82
-78.83
-78.83
-78.83
-78.83
-78.84
-78.84
-78.84
-78.84
-78.84
-78.85
-78.85
-78.84
-78.84
-78.84
-78.85
-78.84
-78.84
-78.84
-78.84
-78.84
-78.83
-78.83
-78.84
-78.84
-78.84
-78.84
-78.84
-78.84
-78.84
-78.84
-78.84
-78.83
-78.83
-78.83
-78.83
-78.83
-78.83
-78.83
-78.83
-78.84
-78.83
-78.84
-78.84
-78.85
-78.85
-78.85
-78.85
-78.85
-78.84
-78.85
-78.84
-78.84
-78.84
-78.84
-78.84
-78.84
-78.84
-78.85
-78.84
-78.84
-78.84
-78.83
-78.84
-78.84
-78.83
-78.83
-78.83
-78.84
-78.84
-78.84
-78.84
-78.84
-78.83
-78.83
-78.83
-78.84
-78.84
-78.84
-78.83
-78.83
-78.83
-78.83
-78.83
-78.83
-78.83
-78.83
-78.83
-78.82
-78.82
-78.82
-78.82
-78.82
-78.82
-78.82
-78.82
-78.82
-78.81
-78.82
-78.82
-78.82
-78.82
-78.82
-78.82
-78.82
-78.82
-78.82
-78.81
