Frequency: 1.000000
Sample Rate: 2000000.000000
Vector Length: 1
Notes: 
-379.30
-95.56
-91.36
-89.80
-88.85
-88.06
-87.37
-86.77
-86.25
-85.79
-85.38
-85.00
-84.67
-84.35
-84.04
-83.75
-83.49
-83.24
-82.99
-82.77
-82.57
-82.37
-82.18
-82.00
-81.83
-81.66
-81.49
-81.33
-81.17
-81.04
-80.90
-80.76
-80.63
-80.51
-80.38
-80.26
-80.14
-80.02
-79.90
-79.79
-79.68
-79.58
-79.47
-79.37
-79.27
-79.18
-79.08
-78.99
-78.93
-78.91
-78.90
-78.90
-78.89
-78.89
-78.89
-78.89
-78.90
-78.90
-78.90
-78.90
-78.89
-78.89
-78.90
-78.90
-78.90
-78.90
-78.90
-78.90
-78.90
-78.90
-78.89
-78.89
-78.88
-78.88
-78.88
-78.88
-78.88
-78.88
-78.87
-78.87
-78.87
-78.87
-78.86
-78.86
-78.86
-78.86
-78.87
-78.86
-78.87
-78.87
-78.87
-78.87
-78.87
-78.87
-78.87
-78.87
-78.87
-78.87
-78.87
-78.88
-78.89
-78.88
-78.88
-78.88
-78.88
-78.88
-78.88
-78.88
-78.87
-78.88
-78.88
-78.87
-78.88
-78.88
-78.88
-78.88
-78.88
-78.88
-78.88
-78.89
-78.89
-78.89
-78.89
-78.89
-78.89
-78.89
-78.89
-78.90
-78.90
-78.89
-78.90
-78.90
-78.90
-78.90
-78.90
-78.90
-78.90
-78.90
-78.90
-78.90
-78.89
-78.89
-78.89
-78.89
-78.89
-78.89
-78.89
-78.89
-78.89
-78.89
-78.89
-78.89
-78.89
-78.89
-78.89
-78.89
-78.89
-78.89
-78.89
-78.89
-78.89
-78.89
-78.89
-78.89
-78.89
-78.89
-78.89
-78.89
-78.89
-78.90
-78.90
-78.90
-78.90
-78.90
-78.90
-78.89
-78.90
-78.90
-78.90
-78.89
-78.89
-78.89
-78.89
-78.88
-78.88
-78.88
-78.89
-78.89
-78.90
-78.90
-78.90
-78.90
-78.90
-78.90
-78.90
-78.89
-78.89
-78.89
-78.89
-78.89
-78.89
-78.89
-78.89
-78.89
-78.89
-78.88
-78.88
-78.88
-78.89
-78.89
-78.89
-78.89
-78.89
-78.89
-78.89
-78.89
-78.89
-78.90
-78.90
-78.89
-78.89
-78.89
-78.89
-78.89
-78.88
-78.88
-78.87
-78.87
-78.88
-78.88
-78.89
-78.89
-78.89
-78.89
-78.89
-78.89
-78.89
-78.89
-78.89
-78.89
-78.89
-78.89
-78.89
-78.89
-78.89
-78.89
-78.89
-78.89
-78.89
-78.90
-78.90
-78.90
-78.90
-78.90
-78.90
-78.90
-78.90
-78.89
-78.89
-78.89
-78.89
-78.89
-78.89
-78.89
-78.89
-78.89
-78.88
-78.88
-78.88
-78.88
-78.88
-78.88
-78.88
-78.88
-78.89
-78.89
-78.90
-78.90
-78.90
-78.89
-78.89
-78.89
-78.89
-78.88
-78.89
-78.88
-78.88
-78.88
-78.88
-78.88
-78.88
-78.88
-78.88
-78.88
-78.88
-78.88
-78.88
-78.87
-78.87
-78.87
-78.87
-78.87
-78.87
-78.87
-78.87
-78.87
-78.88
-78.88
-78.88
-78.88
-78.89
-78.88
-78.89
-78.89
-78.89
-78.89
-78.89
-78.89
-78.88
-78.89
-78.88
-78.88
-78.88
-78.87
-78.87
-78.87
-78.87
-78.87
-78.87
-78.87
-78.87
-78.87
-78.87
-78.88
-78.88
-78.87
-78.87
-78.87
-78.87
-78.87
-78.87
-78.87
-78.87
-78.87
-78.87
-78.87
-78.88
-78.88
-78.87
-78.87
-78.87
-78.87
-78.88
-78.88
-78.87
-78.87
-78.87
-78.87
-78.87
-78.86
-78.86
-78.86
-78.86
-78.86
-78.86
-78.86
-78.86
-78.87
-78.86
-78.87
-78.88
-78.88
-78.88
-78.88
-78.87
-78.87
-78.88
-78.87
-78.87
-78.87
-78.87
-78.87
-78.87
-78.87
-78.87
-78.87
-78.87
-78.88
-78.88
-78.88
-78.88
-78.88
-78.87
-78.87
-78.87
-78.87
-78.86
-78.87
-78.86
-78.86
-78.87
-78.87
-78.87
-78.87
-78.87
-78.86
-78.86
-78.86
-78.87
-78.86
-78.87
-78.87
-78.87
-78.87
-78.86
-78.86
-78.86
-78.86
-78.86
-78.86
-78.86
-78.86
-78.86
-78.87
-78.87
-78.87
-78.87
-78.86
-78.86
-78.86
-78.86
-78.87
-78.87
-78.87
-78.87
-78.87
-78.87
-78.87
-78.87
-78.87
-78.87
-78.88
-78.88
-78.88
-78.89
-78.89
-78.89
-78.89
-78.89
-78.89
-78.89
-78.89
-78.89
-78.89
-78.89
-78.89
-78.89
-78.89
-78.89
-78.89
-78.89
-78.89
-78.89
-78.89
-78.89
-78.89
-78.90
-78.90
-78.90
-78.90
-78.90
-78.90
-78.90
-78.89
-78.89
-78.89
-78.90
-78.90
-78.90
-78.90
-78.89
-78.89
-78.90
-78.90
-78.89
-78.89
