Frequency: 1.000000
Sample Rate: 2000000.000000
Vector Length: 1
Notes: 
-379.30
-95.01
-90.82
-89.42
-88.52
-87.77
-87.14
-86.58
-86.08
-85.64
-85.23
-84.87
-84.53
-84.23
-83.93
-83.65
-83.39
-83.14
-82.91
-82.70
-82.47
-82.28
-82.08
-81.90
-81.72
-81.55
-81.38
-81.22
-81.07
-80.92
-80.78
-80.64
-80.51
-80.38
-80.26
-80.14
-80.02
-79.91
-79.79
-79.68
-79.58
-79.48
-79.38
-79.28
-79.18
-79.08
-78.99
-78.90
-78.85
-78.85
-78.85
-78.84
-78.84
-78.84
-78.84
-78.84
-78.84
-78.84
-78.83
-78.83
-78.83
-78.83
-78.83
-78.84
-78.83
-78.84
-78.84
-78.83
-78.84
-78.84
-78.84
-78.84
-78.84
-78.85
-78.85
-78.85
-78.85
-78.85
-78.86
-78.85
-78.86
-78.86
-78.85
-78.85
-78.85
-78.85
-78.86
-78.86
-78.85
-78.85
-78.85
-78.86
-78.86
-78.86
-78.86
-78.86
-78.86
-78.85
-78.85
-78.85
-78.85
-78.85
-78.84
-78.84
-78.84
-78.84
-78.84
-78.84
-78.84
-78.83
-78.83
-78.83
-78.83
-78.83
-78.83
-78.83
-78.82
-78.82
-78.82
-78.82
-78.82
-78.82
-78.82
-78.82
-78.82
-78.82
-78.82
-78.81
-78.81
-78.81
-78.82
-78.82
-78.81
-78.82
-78.81
-78.81
-78.82
-78.82
-78.81
-78.81
-78.81
-78.81
-78.81
-78.81
-78.81
-78.81
-78.81
-78.81
-78.81
-78.81
-78.81
-78.81
-78.81
-78.82
-78.82
-78.82
-78.82
-78.83
-78.83
-78.83
-78.82
-78.83
-78.83
-78.82
-78.82
-78.82
-78.82
-78.83
-78.82
-78.82
-78.82
-78.83
-78.83
-78.83
-78.83
-78.83
-78.83
-78.82
-78.82
-78.82
-78.82
-78.81
-78.81
-78.81
-78.81
-78.82
-78.81
-78.81
-78.81
-78.81
-78.81
-78.81
-78.81
-78.81
-78.81
-78.81
-78.82
-78.82
-78.82
-78.82
-78.82
-78.82
-78.82
-78.82
-78.82
-78.81
-78.81
-78.81
-78.82
-78.82
-78.81
-78.82
-78.82
-78.82
-78.82
-78.82
-78.82
-78.83
-78.83
-78.83
-78.83
-78.82
-78.82
-78.83
-78.82
-78.82
-78.83
-78.83
-78.83
-78.83
-78.83
-78.83
-78.83
-78.83
-78.83
-78.83
-78.83
-78.83
-78.83
-78.84
-78.84
-78.84
-78.84
-78.85
-78.85
-78.84
-78.84
-78.84
-78.84
-78.85
-78.85
-78.85
-78.85
-78.85
-78.86
-78.86
-78.86
-78.86
-78.85
-78.85
-78.85
-78.85
-78.85
-78.85
-78.85
-78.85
-78.85
-78.84
-78.84
-78.84
-78.84
-78.85
-78.85
-78.85
-78.85
-78.85
-78.85
-78.85
-78.85
-78.85
-78.84
-78.84
-78.84
-78.84
-78.84
-78.85
-78.84
-78.84
-78.84
-78.84
-78.85
-78.85
-78.85
-78.84
-78.85
-78.85
-78.84
-78.84
-78.84
-78.84
-78.84
-78.84
-78.84
-78.83
-78.83
-78.83
-78.83
-78.83
-78.84
-78.84
-78.84
-78.84
-78.84
-78.84
-78.83
-78.83
-78.83
-78.83
-78.83
-78.83
-78.83
-78.83
-78.83
-78.84
-78.84
-78.83
-78.84
-78.83
-78.83
-78.84
-78.84
-78.84
-78.84
-78.84
-78.84
-78.84
-78.83
-78.83
-78.83
-78.82
-78.82
-78.82
-78.82
-78.82
-78.81
-78.81
-78.81
-78.81
-78.81
-78.81
-78.81
-78.81
-78.81
-78.81
-78.80
-78.80
-78.80
-78.80
-78.80
-78.80
-78.80
-78.80
-78.80
-78.80
-78.80
-78.81
-78.80
-78.80
-78.80
-78.79
-78.79
-78.79
-78.79
-78.79
-78.79
-78.79
-78.79
-78.79
-78.79
-78.78
-78.78
-78.79
-78.79
-78.78
-78.78
-78.78
-78.78
-78.78
-78.79
-78.79
-78.79
-78.79
-78.79
-78.79
-78.79
-78.79
-78.79
-78.79
-78.80
-78.80
-78.79
-78.80
-78.80
-78.80
-78.79
-78.80
-78.80
-78.80
-78.79
-78.80
-78.79
-78.79
-78.79
-78.79
-78.79
-78.79
-78.80
-78.80
-78.81
-78.81
-78.81
-78.81
-78.81
-78.81
-78.80
-78.81
-78.82
-78.81
-78.82
-78.81
-78.81
-78.82
-78.82
-78.82
-78.82
-78.82
-78.82
-78.82
-78.82
-78.82
-78.82
-78.82
-78.82
-78.82
-78.83
-78.83
-78.83
-78.82
-78.82
-78.83
-78.82
-78.82
-78.83
-78.83
-78.83
-78.83
-78.83
-78.84
-78.84
-78.85
-78.85
-78.85
-78.85
-78.85
-78.85
-78.85
-78.84
-78.84
-78.84
-78.84
-78.83
-78.83
-78.83
-78.83
-78.83
-78.83
-78.83
-78.82
-78.82
-78.82
-78.82
-78.82
-78.82
-78.81
-78.81
