Frequency: 1.000000
Sample Rate: 2000000.000000
Vector Length: 1
Notes: 
-379.30
-80.35
-76.90
-75.61
-74.78
-74.08
-73.44
-72.88
-72.39
-71.93
-71.55
-71.18
-70.84
-70.53
-70.24
-69.97
-69.69
-69.45
-69.23
-69.02
-68.82
-68.62
-68.43
-68.24
-68.06
-67.90
-67.74
-67.58
-67.43
-67.29
-67.14
-67.00
-66.84
-66.71
-66.59
-66.47
-66.36
-66.24
-66.13
-66.02
-65.91
-65.81
-65.70
-65.61
-65.51
-65.42
-65.33
-65.24
-65.22
-65.23
-65.23
-65.22
-65.21
-65.21
-65.21
-65.21
-65.21
-65.21
-65.21
-65.20
-65.21
-65.20
-65.21
-65.21
-65.22
-65.21
-65.21
-65.21
-65.21
-65.20
-65.20
-65.20
-65.20
-65.20
-65.20
-65.20
-65.20
-65.20
-65.21
-65.21
-65.21
-65.22
-65.22
-65.22
-65.22
-65.21
-65.21
-65.21
-65.21
-65.22
-65.21
-65.21
-65.22
-65.22
-65.21
-65.20
-65.20
-65.20
-65.20
-65.19
-65.20
-65.21
-65.21
-65.21
-65.21
-65.21
-65.21
-65.21
-65.21
-65.21
-65.21
-65.20
-65.20
-65.21
-65.21
-65.20
-65.20
-65.21
-65.21
-65.21
-65.20
-65.21
-65.21
-65.21
-65.21
-65.21
-65.20
-65.20
-65.20
-65.20
-65.20
-65.20
-65.19
-65.20
-65.20
-65.20
-65.20
-65.20
-65.20
-65.20
-65.21
-65.20
-65.21
-65.21
-65.22
-65.21
-65.21
-65.21
-65.21
-65.21
-65.20
-65.19
-65.20
-65.21
-65.21
-65.21
-65.21
-65.21
-65.21
-65.21
-65.21
-65.20
-65.19
-65.20
-65.20
-65.20
-65.20
-65.20
-65.20
-65.20
-65.19
-65.19
-65.20
-65.20
-65.20
-65.20
-65.19
-65.20
-65.20
-65.19
-65.20
-65.20
-65.20
-65.20
-65.20
-65.20
-65.20
-65.20
-65.20
-65.20
-65.19
-65.19
-65.19
-65.20
-65.20
-65.20
-65.20
-65.20
-65.20
-65.21
-65.20
-65.20
-65.19
-65.19
-65.20
-65.20
-65.19
-65.19
-65.20
-65.20
-65.20
-65.20
-65.20
-65.20
-65.19
-65.19
-65.19
-65.19
-65.20
-65.20
-65.20
-65.20
-65.19
-65.19
-65.20
-65.20
-65.20
-65.19
-65.19
-65.19
-65.18
-65.18
-65.19
-65.19
-65.19
-65.19
-65.19
-65.19
-65.19
-65.19
-65.20
-65.19
-65.19
-65.20
-65.21
-65.20
-65.20
-65.20
-65.20
-65.20
-65.20
-65.19
-65.19
-65.20
-65.20
-65.20
-65.20
-65.19
-65.19
-65.20
-65.20
-65.20
-65.20
-65.20
-65.21
-65.21
-65.20
-65.20
-65.20
-65.20
-65.20
-65.22
-65.22
-65.21
-65.21
-65.22
-65.21
-65.22
-65.22
-65.21
-65.21
-65.20
-65.21
-65.22
-65.22
-65.22
-65.21
-65.21
-65.21
-65.21
-65.21
-65.21
-65.20
-65.20
-65.20
-65.20
-65.21
-65.21
-65.21
-65.21
-65.21
-65.21
-65.21
-65.21
-65.20
-65.20
-65.21
-65.21
-65.21
-65.21
-65.21
-65.21
-65.21
-65.21
-65.21
-65.21
-65.21
-65.21
-65.21
-65.21
-65.21
-65.21
-65.21
-65.21
-65.21
-65.22
-65.21
-65.21
-65.21
-65.21
-65.22
-65.22
-65.20
-65.21
-65.21
-65.20
-65.20
-65.20
-65.20
-65.20
-65.21
-65.20
-65.20
-65.21
-65.21
-65.20
-65.21
-65.21
-65.21
-65.21
-65.22
-65.22
-65.22
-65.22
-65.21
-65.21
-65.21
-65.20
-65.20
-65.21
-65.21
-65.20
-65.21
-65.22
-65.21
-65.22
-65.21
-65.21
-65.20
-65.20
-65.20
-65.20
-65.21
-65.20
-65.20
-65.21
-65.22
-65.22
-65.21
-65.21
-65.21
-65.21
-65.22
-65.22
-65.23
-65.23
-65.21
-65.21
-65.21
-65.22
-65.22
-65.21
-65.21
-65.21
-65.22
-65.21
-65.21
-65.21
-65.21
-65.21
-65.21
-65.21
-65.22
-65.22
-65.22
-65.23
-65.22
-65.22
-65.21
-65.21
-65.20
-65.19
-65.20
-65.20
-65.21
-65.21
-65.21
-65.20
-65.20
-65.20
-65.20
-65.20
-65.21
-65.21
-65.21
-65.21
-65.20
-65.20
-65.20
-65.21
-65.20
-65.20
-65.20
-65.20
-65.20
-65.21
-65.22
-65.22
-65.21
-65.21
-65.22
-65.22
-65.21
-65.20
-65.21
-65.20
-65.21
-65.20
-65.20
-65.20
-65.20
-65.20
-65.20
-65.20
-65.20
-65.20
-65.20
-65.20
-65.21
-65.21
-65.21
-65.21
-65.21
-65.21
-65.21
-65.22
-65.22
-65.21
-65.21
-65.21
-65.21
-65.20
-65.20
-65.20
-65.20
-65.20
-65.20
-65.20
-65.20
-65.20
-65.20
-65.19
-65.19
-65.20
-65.19
