Frequency: 1.000000
Sample Rate: 2000000.000000
Vector Length: 1
Notes: 
-379.30
-84.61
-78.62
-75.63
-74.56
-73.71
-73.15
-72.64
-72.17
-71.73
-71.35
-71.00
-70.68
-70.38
-70.08
-69.81
-69.57
-69.33
-69.10
-68.89
-68.69
-68.49
-68.31
-68.13
-67.95
-67.78
-67.63
-67.47
-67.32
-67.18
-67.04
-66.90
-66.77
-66.64
-66.52
-66.40
-66.29
-66.18
-66.07
-65.96
-65.86
-65.75
-65.65
-65.54
-65.45
-65.36
-65.27
-65.18
-65.17
-65.17
-65.17
-65.16
-65.17
-65.17
-65.17
-65.17
-65.16
-65.16
-65.16
-65.16
-65.16
-65.16
-65.17
-65.17
-65.17
-65.17
-65.17
-65.16
-65.16
-65.16
-65.15
-65.16
-65.16
-65.16
-65.16
-65.16
-65.16
-65.16
-65.15
-65.16
-65.16
-65.16
-65.16
-65.16
-65.16
-65.16
-65.16
-65.15
-65.15
-65.15
-65.15
-65.15
-65.15
-65.15
-65.15
-65.15
-65.15
-65.15
-65.15
-65.16
-65.16
-65.16
-65.16
-65.16
-65.16
-65.16
-65.16
-65.16
-65.17
-65.16
-65.16
-65.15
-65.15
-65.14
-65.15
-65.16
-65.16
-65.16
-65.17
-65.16
-65.15
-65.15
-65.16
-65.15
-65.15
-65.16
-65.16
-65.17
-65.16
-65.16
-65.16
-65.16
-65.16
-65.16
-65.16
-65.17
-65.17
-65.17
-65.17
-65.17
-65.17
-65.16
-65.16
-65.16
-65.16
-65.17
-65.17
-65.17
-65.17
-65.16
-65.16
-65.17
-65.16
-65.16
-65.16
-65.16
-65.16
-65.16
-65.17
-65.17
-65.17
-65.16
-65.15
-65.16
-65.16
-65.16
-65.16
-65.16
-65.17
-65.17
-65.17
-65.18
-65.18
-65.17
-65.17
-65.17
-65.17
-65.17
-65.17
-65.17
-65.17
-65.16
-65.16
-65.16
-65.17
-65.17
-65.17
-65.18
-65.18
-65.18
-65.17
-65.17
-65.16
-65.16
-65.16
-65.17
-65.17
-65.17
-65.17
-65.16
-65.16
-65.16
-65.16
-65.17
-65.17
-65.17
-65.17
-65.17
-65.16
-65.16
-65.16
-65.16
-65.16
-65.16
-65.16
-65.16
-65.15
-65.15
-65.15
-65.15
-65.14
-65.14
-65.15
-65.15
-65.15
-65.15
-65.16
-65.16
-65.16
-65.17
-65.16
-65.16
-65.16
-65.16
-65.16
-65.16
-65.17
-65.17
-65.17
-65.17
-65.17
-65.17
-65.16
-65.16
-65.16
-65.16
-65.16
-65.16
-65.16
-65.16
-65.16
-65.17
-65.17
-65.17
-65.17
-65.16
-65.16
-65.17
-65.17
-65.18
-65.18
-65.17
-65.17
-65.17
-65.17
-65.17
-65.17
-65.17
-65.18
-65.18
-65.19
-65.19
-65.18
-65.17
-65.18
-65.18
-65.17
-65.18
-65.18
-65.17
-65.16
-65.16
-65.16
-65.16
-65.15
-65.15
-65.15
-65.16
-65.17
-65.17
-65.17
-65.17
-65.17
-65.17
-65.17
-65.17
-65.17
-65.17
-65.17
-65.16
-65.16
-65.16
-65.16
-65.16
-65.16
-65.16
-65.16
-65.16
-65.16
-65.16
-65.16
-65.17
-65.17
-65.18
-65.18
-65.18
-65.18
-65.17
-65.17
-65.16
-65.16
-65.16
-65.16
-65.16
-65.15
-65.16
-65.16
-65.16
-65.16
-65.16
-65.17
-65.17
-65.17
-65.17
-65.17
-65.16
-65.16
-65.16
-65.16
-65.16
-65.16
-65.15
-65.15
-65.16
-65.16
-65.15
-65.15
-65.16
-65.16
-65.16
-65.16
-65.17
-65.17
-65.17
-65.17
-65.16
-65.16
-65.17
-65.16
-65.16
-65.16
-65.16
-65.15
-65.15
-65.15
-65.15
-65.16
-65.16
-65.17
-65.16
-65.16
-65.16
-65.17
-65.16
-65.16
-65.16
-65.16
-65.17
-65.17
-65.16
-65.16
-65.15
-65.16
-65.16
-65.16
-65.16
-65.16
-65.15
-65.15
-65.16
-65.17
-65.16
-65.16
-65.17
-65.17
-65.17
-65.17
-65.17
-65.18
-65.18
-65.18
-65.18
-65.17
-65.17
-65.17
-65.16
-65.16
-65.16
-65.16
-65.16
-65.16
-65.16
-65.16
-65.17
-65.17
-65.16
-65.16
-65.15
-65.16
-65.16
-65.15
-65.15
-65.16
-65.17
-65.17
-65.17
-65.16
-65.16
-65.16
-65.17
-65.17
-65.18
-65.17
-65.17
-65.17
-65.17
-65.17
-65.17
-65.18
-65.18
-65.18
-65.18
-65.17
-65.16
-65.17
-65.18
-65.17
-65.16
-65.16
-65.16
-65.16
-65.17
-65.16
-65.16
-65.17
-65.17
-65.17
-65.16
-65.17
-65.17
-65.17
-65.17
-65.17
-65.16
-65.16
-65.17
-65.17
-65.17
-65.17
-65.17
-65.17
-65.15
-65.15
-65.14
-65.15
-65.16
-65.16
-65.16
-65.16
-65.16
