Frequency: 1.000000
Sample Rate: 2000000.000000
Vector Length: 1
Notes: 
-379.30
-80.58
-76.70
-75.67
-74.76
-74.01
-73.38
-72.83
-72.34
-71.91
-71.52
-71.16
-70.81
-70.50
-70.22
-69.95
-69.69
-69.44
-69.21
-68.99
-68.78
-68.58
-68.39
-68.21
-68.03
-67.86
-67.70
-67.55
-67.40
-67.26
-67.12
-66.98
-66.85
-66.72
-66.60
-66.47
-66.35
-66.23
-66.12
-66.02
-65.91
-65.80
-65.70
-65.60
-65.51
-65.41
-65.32
-65.23
-65.19
-65.20
-65.20
-65.19
-65.19
-65.19
-65.19
-65.19
-65.19
-65.19
-65.19
-65.19
-65.19
-65.19
-65.19
-65.18
-65.19
-65.19
-65.20
-65.20
-65.20
-65.20
-65.20
-65.20
-65.20
-65.20
-65.20
-65.20
-65.20
-65.19
-65.19
-65.19
-65.20
-65.19
-65.19
-65.20
-65.20
-65.20
-65.20
-65.21
-65.21
-65.21
-65.21
-65.21
-65.21
-65.21
-65.21
-65.21
-65.20
-65.20
-65.20
-65.21
-65.21
-65.21
-65.22
-65.21
-65.20
-65.20
-65.20
-65.21
-65.22
-65.21
-65.21
-65.21
-65.21
-65.21
-65.20
-65.20
-65.20
-65.20
-65.21
-65.21
-65.21
-65.21
-65.21
-65.21
-65.21
-65.21
-65.21
-65.21
-65.20
-65.21
-65.21
-65.21
-65.21
-65.20
-65.20
-65.20
-65.21
-65.21
-65.21
-65.20
-65.20
-65.19
-65.19
-65.19
-65.19
-65.19
-65.19
-65.19
-65.19
-65.18
-65.19
-65.20
-65.20
-65.20
-65.19
-65.19
-65.18
-65.19
-65.20
-65.20
-65.20
-65.20
-65.20
-65.20
-65.20
-65.20
-65.19
-65.19
-65.20
-65.19
-65.19
-65.20
-65.20
-65.20
-65.21
-65.21
-65.21
-65.21
-65.21
-65.20
-65.20
-65.20
-65.20
-65.21
-65.20
-65.20
-65.20
-65.21
-65.21
-65.21
-65.22
-65.22
-65.22
-65.22
-65.21
-65.21
-65.21
-65.20
-65.20
-65.21
-65.20
-65.20
-65.20
-65.20
-65.21
-65.21
-65.20
-65.20
-65.20
-65.20
-65.19
-65.19
-65.20
-65.19
-65.20
-65.20
-65.20
-65.21
-65.21
-65.20
-65.20
-65.20
-65.20
-65.20
-65.20
-65.20
-65.20
-65.19
-65.20
-65.20
-65.20
-65.19
-65.20
-65.20
-65.20
-65.20
-65.20
-65.19
-65.20
-65.19
-65.20
-65.19
-65.19
-65.19
-65.20
-65.20
-65.20
-65.20
-65.19
-65.19
-65.19
-65.20
-65.20
-65.20
-65.20
-65.20
-65.19
-65.20
-65.20
-65.20
-65.20
-65.20
-65.20
-65.20
-65.20
-65.19
-65.19
-65.19
-65.19
-65.19
-65.18
-65.18
-65.18
-65.18
-65.18
-65.19
-65.19
-65.19
-65.19
-65.19
-65.19
-65.19
-65.19
-65.19
-65.18
-65.18
-65.18
-65.19
-65.19
-65.19
-65.20
-65.20
-65.19
-65.20
-65.20
-65.20
-65.20
-65.20
-65.20
-65.20
-65.20
-65.20
-65.19
-65.19
-65.20
-65.20
-65.20
-65.20
-65.20
-65.19
-65.20
-65.20
-65.20
-65.20
-65.20
-65.21
-65.20
-65.21
-65.21
-65.21
-65.21
-65.21
-65.21
-65.20
-65.20
-65.20
-65.20
-65.19
-65.20
-65.19
-65.20
-65.20
-65.20
-65.19
-65.20
-65.20
-65.19
-65.19
-65.19
-65.20
-65.18
-65.18
-65.19
-65.20
-65.21
-65.20
-65.19
-65.19
-65.21
-65.20
-65.20
-65.19
-65.19
-65.19
-65.19
-65.19
-65.20
-65.21
-65.20
-65.19
-65.20
-65.20
-65.19
-65.19
-65.20
-65.20
-65.20
-65.20
-65.20
-65.19
-65.20
-65.20
-65.20
-65.20
-65.20
-65.20
-65.21
-65.20
-65.20
-65.20
-65.20
-65.19
-65.19
-65.19
-65.19
-65.19
-65.19
-65.20
-65.20
-65.18
-65.18
-65.18
-65.18
-65.19
-65.18
-65.17
-65.18
-65.18
-65.19
-65.19
-65.18
-65.18
-65.19
-65.19
-65.18
-65.17
-65.17
-65.17
-65.17
-65.17
-65.17
-65.18
-65.18
-65.18
-65.18
-65.17
-65.16
-65.17
-65.18
-65.17
-65.17
-65.17
-65.17
-65.16
-65.16
-65.16
-65.16
-65.17
-65.17
-65.17
-65.17
-65.18
-65.18
-65.18
-65.18
-65.18
-65.18
-65.19
-65.19
-65.20
-65.19
-65.18
-65.18
-65.18
-65.18
-65.18
-65.18
-65.18
-65.18
-65.18
-65.18
-65.18
-65.18
-65.19
-65.19
-65.19
-65.19
-65.19
-65.19
-65.19
-65.18
-65.19
-65.18
-65.19
-65.19
-65.20
-65.19
-65.19
-65.19
-65.20
-65.20
-65.19
-65.20
-65.20
-65.21
-65.21
-65.20
-65.20
-65.20
