Frequency: 1.000000
Sample Rate: 2000000.000000
Vector Length: 1
Notes: 
-379.30
-81.91
-77.64
-76.04
-75.07
-74.25
-73.63
-73.10
-72.58
-72.13
-71.72
-71.34
-70.97
-70.63
-70.34
-70.07
-69.80
-69.54
-69.30
-69.10
-68.89
-68.70
-68.51
-68.32
-68.14
-67.97
-67.80
-67.64
-67.49
-67.35
-67.20
-67.06
-66.92
-66.80
-66.67
-66.53
-66.42
-66.30
-66.18
-66.07
-65.96
-65.86
-65.76
-65.65
-65.55
-65.46
-65.37
-65.28
-65.25
-65.23
-65.22
-65.22
-65.22
-65.22
-65.22
-65.21
-65.21
-65.21
-65.22
-65.22
-65.22
-65.22
-65.22
-65.22
-65.22
-65.23
-65.23
-65.22
-65.22
-65.22
-65.21
-65.21
-65.21
-65.21
-65.21
-65.21
-65.22
-65.21
-65.21
-65.21
-65.21
-65.20
-65.20
-65.20
-65.19
-65.19
-65.20
-65.20
-65.20
-65.20
-65.20
-65.21
-65.21
-65.21
-65.21
-65.20
-65.19
-65.19
-65.20
-65.20
-65.20
-65.20
-65.21
-65.21
-65.21
-65.20
-65.20
-65.19
-65.20
-65.20
-65.20
-65.20
-65.20
-65.20
-65.20
-65.20
-65.21
-65.21
-65.21
-65.22
-65.22
-65.22
-65.21
-65.21
-65.21
-65.21
-65.22
-65.22
-65.22
-65.22
-65.23
-65.23
-65.23
-65.24
-65.23
-65.23
-65.23
-65.23
-65.22
-65.22
-65.23
-65.23
-65.23
-65.23
-65.23
-65.23
-65.23
-65.23
-65.23
-65.23
-65.23
-65.24
-65.24
-65.24
-65.24
-65.24
-65.24
-65.24
-65.24
-65.25
-65.24
-65.24
-65.24
-65.22
-65.22
-65.21
-65.20
-65.20
-65.21
-65.21
-65.21
-65.21
-65.21
-65.20
-65.20
-65.21
-65.21
-65.20
-65.21
-65.20
-65.20
-65.20
-65.20
-65.20
-65.20
-65.20
-65.21
-65.20
-65.20
-65.20
-65.21
-65.21
-65.22
-65.22
-65.22
-65.22
-65.22
-65.21
-65.20
-65.20
-65.20
-65.20
-65.20
-65.20
-65.21
-65.20
-65.20
-65.20
-65.21
-65.21
-65.21
-65.21
-65.22
-65.22
-65.22
-65.23
-65.24
-65.23
-65.23
-65.23
-65.24
-65.24
-65.24
-65.24
-65.25
-65.24
-65.24
-65.25
-65.24
-65.24
-65.24
-65.24
-65.24
-65.25
-65.24
-65.24
-65.24
-65.24
-65.24
-65.24
-65.23
-65.22
-65.22
-65.23
-65.23
-65.23
-65.23
-65.23
-65.23
-65.23
-65.22
-65.22
-65.22
-65.23
-65.23
-65.22
-65.21
-65.21
-65.21
-65.22
-65.23
-65.23
-65.22
-65.21
-65.21
-65.22
-65.22
-65.21
-65.21
-65.21
-65.20
-65.20
-65.20
-65.20
-65.20
-65.20
-65.21
-65.21
-65.21
-65.21
-65.20
-65.21
-65.22
-65.22
-65.22
-65.21
-65.22
-65.22
-65.22
-65.22
-65.22
-65.22
-65.22
-65.22
-65.22
-65.22
-65.22
-65.23
-65.23
-65.23
-65.22
-65.21
-65.21
-65.22
-65.22
-65.21
-65.21
-65.21
-65.21
-65.21
-65.22
-65.22
-65.22
-65.22
-65.22
-65.22
-65.22
-65.22
-65.22
-65.22
-65.22
-65.22
-65.22
-65.22
-65.22
-65.21
-65.21
-65.22
-65.21
-65.20
-65.20
-65.20
-65.20
-65.19
-65.20
-65.20
-65.20
-65.19
-65.21
-65.21
-65.21
-65.21
-65.21
-65.21
-65.20
-65.20
-65.20
-65.21
-65.21
-65.22
-65.23
-65.23
-65.22
-65.22
-65.22
-65.21
-65.21
-65.21
-65.20
-65.20
-65.20
-65.20
-65.20
-65.20
-65.20
-65.20
-65.20
-65.20
-65.20
-65.20
-65.20
-65.21
-65.22
-65.22
-65.22
-65.22
-65.22
-65.22
-65.22
-65.22
-65.21
-65.21
-65.21
-65.21
-65.21
-65.21
-65.21
-65.21
-65.21
-65.22
-65.22
-65.22
-65.21
-65.21
-65.21
-65.20
-65.20
-65.20
-65.20
-65.20
-65.20
-65.21
-65.21
-65.21
-65.21
-65.21
-65.21
-65.21
-65.21
-65.21
-65.21
-65.21
-65.21
-65.21
-65.22
-65.22
-65.21
-65.20
-65.19
-65.19
-65.19
-65.19
-65.19
-65.20
-65.19
-65.20
-65.21
-65.21
-65.21
-65.21
-65.20
-65.20
-65.20
-65.21
-65.21
-65.20
-65.21
-65.21
-65.21
-65.21
-65.21
-65.21
-65.21
-65.21
-65.20
-65.21
-65.21
-65.21
-65.20
-65.20
-65.21
-65.21
-65.22
-65.22
-65.21
-65.21
-65.21
-65.21
-65.22
-65.21
-65.21
-65.21
-65.20
-65.21
-65.22
-65.21
-65.21
-65.21
-65.21
-65.21
-65.22
