Frequency: 1.000000
Sample Rate: 2000000.000000
Vector Length: 1
Notes: 
-379.30
-84.24
-78.37
-75.45
-74.41
-73.71
-73.15
-72.64
-72.16
-71.74
-71.27
-70.91
-70.58
-70.22
-69.94
-69.68
-69.38
-69.17
-68.95
-68.70
-68.49
-68.31
-68.10
-67.94
-67.76
-67.57
-67.43
-67.28
-67.14
-67.00
-66.83
-66.72
-66.59
-66.44
-66.32
-66.21
-66.08
-65.97
-65.86
-65.73
-65.64
-65.53
-65.41
-65.32
-65.24
-65.13
-65.14
-65.15
-65.15
-65.15
-65.16
-65.16
-65.15
-65.14
-65.15
-65.15
-65.15
-65.14
-65.15
-65.15
-65.16
-65.16
-65.17
-65.16
-65.15
-65.15
-65.16
-65.17
-65.17
-65.17
-65.17
-65.17
-65.17
-65.17
-65.16
-65.17
-65.17
-65.17
-65.16
-65.15
-65.16
-65.16
-65.17
-65.17
-65.16
-65.16
-65.17
-65.17
-65.17
-65.18
-65.17
-65.17
-65.17
-65.17
-65.17
-65.17
-65.18
-65.17
-65.17
-65.17
-65.17
-65.18
-65.17
-65.18
-65.18
-65.18
-65.17
-65.18
-65.17
-65.17
-65.16
-65.17
-65.17
-65.16
-65.15
-65.16
-65.16
-65.16
-65.16
-65.16
-65.15
-65.15
-65.15
-65.16
-65.16
-65.17
-65.17
-65.17
-65.17
-65.16
-65.16
-65.16
-65.15
-65.16
-65.16
-65.17
-65.16
-65.17
-65.17
-65.17
-65.17
-65.17
-65.16
-65.16
-65.15
-65.16
-65.16
-65.16
-65.15
-65.16
-65.15
-65.16
-65.16
-65.16
-65.15
-65.16
-65.16
-65.17
-65.16
-65.16
-65.16
-65.16
-65.16
-65.16
-65.17
-65.17
-65.17
-65.17
-65.18
-65.17
-65.17
-65.17
-65.17
-65.16
-65.16
-65.17
-65.17
-65.18
-65.18
-65.19
-65.19
-65.18
-65.17
-65.18
-65.17
-65.17
-65.16
-65.16
-65.17
-65.18
-65.18
-65.17
-65.17
-65.17
-65.17
-65.17
-65.17
-65.17
-65.17
-65.17
-65.18
-65.18
-65.18
-65.18
-65.18
-65.17
-65.18
-65.18
-65.18
-65.18
-65.17
-65.17
-65.17
-65.17
-65.17
-65.16
-65.16
-65.16
-65.16
-65.16
-65.15
-65.16
-65.16
-65.16
-65.16
-65.16
-65.15
-65.16
-65.16
-65.16
-65.15
-65.15
-65.15
-65.16
-65.16
-65.17
-65.17
-65.16
-65.17
-65.17
-65.17
-65.17
-65.18
-65.18
-65.17
-65.17
-65.16
-65.16
-65.15
-65.15
-65.15
-65.15
-65.16
-65.16
-65.15
-65.15
-65.16
-65.16
-65.16
-65.16
-65.15
-65.15
-65.15
-65.16
-65.16
-65.16
-65.16
-65.17
-65.17
-65.17
-65.16
-65.16
-65.16
-65.17
-65.17
-65.16
-65.15
-65.16
-65.16
-65.16
-65.16
-65.16
-65.16
-65.16
-65.15
-65.15
-65.15
-65.16
-65.16
-65.16
-65.15
-65.15
-65.15
-65.16
-65.16
-65.16
-65.17
-65.17
-65.17
-65.17
-65.16
-65.16
-65.16
-65.16
-65.16
-65.16
-65.15
-65.15
-65.16
-65.16
-65.16
-65.16
-65.16
-65.16
-65.16
-65.16
-65.16
-65.16
-65.16
-65.17
-65.16
-65.16
-65.16
-65.15
-65.16
-65.16
-65.16
-65.16
-65.17
-65.17
-65.16
-65.17
-65.17
-65.18
-65.17
-65.16
-65.16
-65.16
-65.16
-65.16
-65.16
-65.16
-65.16
-65.16
-65.16
-65.16
-65.15
-65.15
-65.16
-65.16
-65.16
-65.17
-65.17
-65.18
-65.18
-65.18
-65.17
-65.17
-65.17
-65.18
-65.17
-65.17
-65.17
-65.16
-65.16
-65.16
-65.16
-65.16
-65.16
-65.17
-65.16
-65.15
-65.15
-65.16
-65.16
-65.16
-65.16
-65.15
-65.16
-65.16
-65.15
-65.15
-65.16
-65.16
-65.16
-65.16
-65.16
-65.16
-65.15
-65.15
-65.16
-65.16
-65.17
-65.17
-65.16
-65.17
-65.17
-65.16
-65.16
-65.15
-65.15
-65.15
-65.15
-65.15
-65.15
-65.16
-65.16
-65.16
-65.16
-65.16
-65.16
-65.17
-65.17
-65.17
-65.17
-65.17
-65.16
-65.16
-65.17
-65.17
-65.18
-65.18
-65.18
-65.17
-65.18
-65.18
-65.17
-65.17
-65.18
-65.18
-65.17
-65.18
-65.19
-65.19
-65.18
-65.18
-65.19
-65.19
-65.19
-65.18
-65.17
-65.18
-65.18
-65.17
-65.17
-65.17
-65.17
-65.18
-65.18
-65.18
-65.17
-65.17
-65.17
-65.17
-65.16
-65.17
-65.17
-65.16
-65.17
-65.16
-65.16
-65.15
-65.16
-65.16
-65.17
-65.17
-65.17
-65.16
-65.16
-65.16
-65.16
-65.16
-65.16
-65.15
-65.15
-65.15
-65.15
-65.14
