Frequency: 1.000000
Sample Rate: 2000000.000000
Vector Length: 1
Notes: 
-379.30
-81.36
-76.87
-75.59
-74.64
-73.93
-73.32
-72.79
-72.28
-71.86
-71.46
-71.10
-70.76
-70.45
-70.15
-69.87
-69.63
-69.39
-69.16
-68.94
-68.73
-68.52
-68.35
-68.17
-68.00
-67.82
-67.66
-67.51
-67.36
-67.22
-67.07
-66.94
-66.81
-66.68
-66.56
-66.44
-66.32
-66.20
-66.08
-65.97
-65.87
-65.76
-65.66
-65.56
-65.48
-65.39
-65.29
-65.20
-65.17
-65.16
-65.16
-65.16
-65.16
-65.16
-65.15
-65.15
-65.15
-65.15
-65.15
-65.15
-65.15
-65.14
-65.15
-65.16
-65.15
-65.15
-65.15
-65.15
-65.16
-65.16
-65.15
-65.15
-65.15
-65.15
-65.14
-65.14
-65.14
-65.14
-65.14
-65.14
-65.14
-65.13
-65.14
-65.14
-65.14
-65.14
-65.15
-65.15
-65.15
-65.15
-65.15
-65.15
-65.14
-65.13
-65.13
-65.13
-65.13
-65.13
-65.14
-65.14
-65.14
-65.15
-65.14
-65.14
-65.14
-65.15
-65.15
-65.14
-65.15
-65.15
-65.15
-65.15
-65.14
-65.14
-65.14
-65.14
-65.15
-65.14
-65.14
-65.15
-65.16
-65.16
-65.17
-65.18
-65.17
-65.16
-65.16
-65.17
-65.16
-65.16
-65.15
-65.15
-65.16
-65.16
-65.15
-65.15
-65.14
-65.14
-65.15
-65.14
-65.14
-65.15
-65.16
-65.16
-65.16
-65.15
-65.14
-65.14
-65.14
-65.15
-65.15
-65.15
-65.14
-65.14
-65.14
-65.14
-65.15
-65.15
-65.15
-65.15
-65.15
-65.16
-65.16
-65.16
-65.15
-65.15
-65.15
-65.16
-65.15
-65.15
-65.14
-65.13
-65.14
-65.15
-65.14
-65.14
-65.15
-65.15
-65.15
-65.16
-65.16
-65.16
-65.16
-65.16
-65.16
-65.16
-65.15
-65.16
-65.17
-65.16
-65.16
-65.16
-65.16
-65.17
-65.16
-65.17
-65.17
-65.17
-65.17
-65.17
-65.17
-65.17
-65.18
-65.18
-65.16
-65.16
-65.17
-65.16
-65.16
-65.16
-65.16
-65.15
-65.16
-65.16
-65.16
-65.15
-65.15
-65.15
-65.16
-65.16
-65.16
-65.15
-65.15
-65.15
-65.15
-65.16
-65.16
-65.16
-65.15
-65.15
-65.15
-65.15
-65.16
-65.15
-65.15
-65.16
-65.16
-65.15
-65.16
-65.15
-65.14
-65.15
-65.16
-65.15
-65.14
-65.14
-65.14
-65.14
-65.14
-65.14
-65.15
-65.15
-65.15
-65.14
-65.14
-65.13
-65.13
-65.13
-65.13
-65.13
-65.13
-65.13
-65.13
-65.14
-65.15
-65.15
-65.15
-65.15
-65.15
-65.15
-65.14
-65.15
-65.15
-65.15
-65.15
-65.14
-65.15
-65.14
-65.14
-65.14
-65.15
-65.14
-65.15
-65.16
-65.15
-65.15
-65.15
-65.15
-65.15
-65.15
-65.14
-65.15
-65.16
-65.16
-65.15
-65.16
-65.16
-65.16
-65.15
-65.15
-65.15
-65.15
-65.15
-65.16
-65.16
-65.16
-65.16
-65.16
-65.16
-65.17
-65.16
-65.16
-65.16
-65.15
-65.15
-65.14
-65.14
-65.14
-65.14
-65.15
-65.15
-65.15
-65.15
-65.15
-65.15
-65.15
-65.15
-65.15
-65.15
-65.15
-65.16
-65.15
-65.14
-65.14
-65.14
-65.14
-65.14
-65.14
-65.14
-65.14
-65.14
-65.14
-65.14
-65.14
-65.14
-65.14
-65.15
-65.15
-65.15
-65.15
-65.14
-65.14
-65.14
-65.14
-65.15
-65.15
-65.14
-65.13
-65.14
-65.14
-65.15
-65.15
-65.15
-65.15
-65.16
-65.16
-65.16
-65.16
-65.15
-65.14
-65.14
-65.14
-65.15
-65.15
-65.15
-65.15
-65.15
-65.15
-65.14
-65.15
-65.15
-65.16
-65.16
-65.16
-65.16
-65.16
-65.17
-65.17
-65.17
-65.16
-65.16
-65.16
-65.16
-65.16
-65.17
-65.16
-65.15
-65.15
-65.15
-65.16
-65.16
-65.16
-65.16
-65.16
-65.16
-65.17
-65.18
-65.17
-65.17
-65.16
-65.15
-65.15
-65.15
-65.16
-65.15
-65.15
-65.15
-65.15
-65.15
-65.15
-65.15
-65.14
-65.15
-65.15
-65.15
-65.15
-65.15
-65.15
-65.15
-65.15
-65.15
-65.15
-65.16
-65.16
-65.15
-65.15
-65.14
-65.14
-65.14
-65.15
-65.15
-65.14
-65.15
-65.15
-65.15
-65.16
-65.15
-65.15
-65.15
-65.16
-65.16
-65.16
-65.17
-65.17
-65.15
-65.15
-65.15
-65.16
-65.16
-65.16
-65.16
-65.16
-65.16
-65.16
-65.16
-65.16
-65.16
-65.16
-65.17
-65.17
-65.17
-65.17
-65.17
-65.17
-65.17
-65.17
-65.16
-65.17
-65.17
-65.16
-65.16
-65.16
-65.16
-65.16
-65.16
