Frequency: 1.000000
Sample Rate: 2000000.000000
Vector Length: 1
Notes: 
-379.30
-81.13
-78.15
-76.67
-75.60
-74.71
-73.97
-73.33
-72.77
-72.27
-71.83
-71.44
-71.06
-70.65
-70.37
-70.09
-69.81
-69.55
-69.31
-69.08
-68.87
-68.67
-68.47
-68.29
-68.11
-67.94
-67.77
-67.61
-67.46
-67.30
-67.14
-67.00
-66.87
-66.74
-66.61
-66.49
-66.37
-66.26
-66.15
-66.03
-65.93
-65.82
-65.73
-65.63
-65.52
-65.42
-65.33
-65.24
-65.15
-65.14
-65.14
-65.14
-65.13
-65.12
-65.13
-65.14
-65.13
-65.14
-65.13
-65.13
-65.14
-65.14
-65.14
-65.13
-65.13
-65.14
-65.13
-65.13
-65.13
-65.13
-65.13
-65.13
-65.13
-65.13
-65.13
-65.13
-65.13
-65.14
-65.14
-65.13
-65.12
-65.12
-65.12
-65.12
-65.12
-65.12
-65.12
-65.12
-65.12
-65.12
-65.11
-65.10
-65.11
-65.11
-65.11
-65.11
-65.12
-65.13
-65.13
-65.12
-65.12
-65.13
-65.12
-65.12
-65.12
-65.12
-65.12
-65.13
-65.12
-65.12
-65.12
-65.12
-65.12
-65.12
-65.12
-65.13
-65.12
-65.12
-65.12
-65.12
-65.12
-65.12
-65.12
-65.11
-65.12
-65.12
-65.11
-65.12
-65.12
-65.13
-65.12
-65.12
-65.12
-65.13
-65.12
-65.12
-65.12
-65.13
-65.13
-65.13
-65.13
-65.12
-65.13
-65.12
-65.12
-65.11
-65.11
-65.11
-65.12
-65.12
-65.13
-65.13
-65.13
-65.12
-65.12
-65.12
-65.12
-65.12
-65.12
-65.12
-65.12
-65.12
-65.12
-65.12
-65.12
-65.13
-65.13
-65.13
-65.13
-65.13
-65.12
-65.14
-65.14
-65.14
-65.14
-65.13
-65.13
-65.13
-65.13
-65.13
-65.13
-65.13
-65.13
-65.13
-65.12
-65.12
-65.11
-65.11
-65.11
-65.12
-65.13
-65.13
-65.13
-65.13
-65.13
-65.13
-65.13
-65.13
-65.12
-65.13
-65.13
-65.13
-65.12
-65.12
-65.13
-65.12
-65.13
-65.13
-65.13
-65.13
-65.13
-65.12
-65.12
-65.12
-65.11
-65.11
-65.12
-65.12
-65.11
-65.10
-65.10
-65.11
-65.12
-65.12
-65.11
-65.11
-65.11
-65.11
-65.11
-65.11
-65.11
-65.11
-65.11
-65.12
-65.12
-65.13
-65.13
-65.12
-65.13
-65.13
-65.13
-65.12
-65.12
-65.12
-65.12
-65.12
-65.12
-65.11
-65.11
-65.12
-65.12
-65.12
-65.12
-65.13
-65.12
-65.11
-65.12
-65.12
-65.12
-65.12
-65.12
-65.13
-65.13
-65.14
-65.14
-65.14
-65.14
-65.14
-65.14
-65.14
-65.13
-65.12
-65.13
-65.14
-65.14
-65.13
-65.13
-65.13
-65.13
-65.13
-65.14
-65.14
-65.13
-65.13
-65.13
-65.13
-65.13
-65.12
-65.12
-65.12
-65.12
-65.12
-65.13
-65.13
-65.13
-65.12
-65.13
-65.12
-65.12
-65.12
-65.11
-65.11
-65.11
-65.11
-65.10
-65.10
-65.11
-65.12
-65.12
-65.12
-65.12
-65.11
-65.11
-65.11
-65.12
-65.12
-65.12
-65.12
-65.12
-65.12
-65.12
-65.12
-65.13
-65.13
-65.13
-65.12
-65.12
-65.13
-65.13
-65.13
-65.12
-65.12
-65.13
-65.12
-65.12
-65.12
-65.12
-65.12
-65.12
-65.13
-65.13
-65.11
-65.10
-65.11
-65.11
-65.11
-65.12
-65.12
-65.12
-65.13
-65.14
-65.13
-65.13
-65.13
-65.13
-65.13
-65.13
-65.12
-65.12
-65.12
-65.12
-65.12
-65.11
-65.11
-65.11
-65.11
-65.12
-65.12
-65.11
-65.10
-65.11
-65.12
-65.12
-65.12
-65.13
-65.12
-65.11
-65.11
-65.11
-65.10
-65.11
-65.11
-65.11
-65.11
-65.12
-65.13
-65.12
-65.12
-65.12
-65.12
-65.13
-65.13
-65.13
-65.13
-65.12
-65.12
-65.12
-65.13
-65.13
-65.13
-65.13
-65.13
-65.13
-65.13
-65.13
-65.13
-65.13
-65.13
-65.13
-65.14
-65.14
-65.14
-65.13
-65.13
-65.13
-65.12
-65.13
-65.13
-65.13
-65.12
-65.12
-65.12
-65.13
-65.12
-65.12
-65.13
-65.13
-65.13
-65.13
-65.12
-65.12
-65.12
-65.12
-65.12
-65.12
-65.12
-65.13
-65.12
-65.13
-65.13
-65.13
-65.12
-65.13
-65.13
-65.13
-65.14
-65.13
-65.14
-65.14
-65.14
-65.14
-65.13
-65.12
-65.12
-65.11
-65.12
-65.11
-65.12
-65.12
-65.12
-65.12
-65.12
-65.12
-65.13
-65.13
-65.13
-65.13
-65.13
-65.13
-65.13
-65.14
-65.15
-65.14
-65.14
-65.14
-65.15
-65.14
-65.15
-65.15
-65.14
-65.15
-65.15
