Frequency: 1.000000
Sample Rate: 2000000.000000
Vector Length: 1
Notes: 
-379.30
-82.77
-77.40
-75.94
-74.86
-74.11
-73.44
-72.77
-72.29
-71.87
-71.49
-71.14
-70.76
-70.45
-70.16
-69.89
-69.63
-69.40
-69.15
-68.93
-68.73
-68.54
-68.35
-68.16
-67.94
-67.78
-67.62
-67.47
-67.30
-67.15
-67.01
-66.87
-66.73
-66.61
-66.49
-66.38
-66.24
-66.12
-66.00
-65.89
-65.79
-65.69
-65.59
-65.50
-65.40
-65.31
-65.22
-65.21
-65.21
-65.21
-65.20
-65.19
-65.19
-65.19
-65.19
-65.20
-65.20
-65.19
-65.19
-65.18
-65.19
-65.19
-65.19
-65.19
-65.18
-65.19
-65.20
-65.20
-65.20
-65.20
-65.21
-65.22
-65.22
-65.21
-65.21
-65.21
-65.22
-65.22
-65.21
-65.21
-65.21
-65.21
-65.21
-65.21
-65.20
-65.20
-65.20
-65.21
-65.21
-65.21
-65.21
-65.21
-65.21
-65.21
-65.22
-65.22
-65.21
-65.21
-65.22
-65.22
-65.22
-65.22
-65.22
-65.22
-65.22
-65.22
-65.22
-65.22
-65.21
-65.21
-65.21
-65.21
-65.21
-65.22
-65.22
-65.22
-65.22
-65.22
-65.22
-65.21
-65.21
-65.21
-65.21
-65.21
-65.21
-65.21
-65.21
-65.21
-65.21
-65.20
-65.20
-65.19
-65.20
-65.22
-65.21
-65.20
-65.20
-65.20
-65.21
-65.21
-65.21
-65.21
-65.20
-65.20
-65.21
-65.20
-65.20
-65.20
-65.20
-65.20
-65.20
-65.20
-65.20
-65.19
-65.20
-65.21
-65.22
-65.22
-65.22
-65.22
-65.21
-65.20
-65.20
-65.20
-65.20
-65.20
-65.20
-65.19
-65.19
-65.19
-65.20
-65.20
-65.20
-65.20
-65.20
-65.20
-65.20
-65.21
-65.21
-65.21
-65.22
-65.21
-65.21
-65.21
-65.21
-65.21
-65.20
-65.20
-65.20
-65.19
-65.20
-65.19
-65.19
-65.20
-65.20
-65.20
-65.20
-65.21
-65.21
-65.20
-65.20
-65.21
-65.21
-65.20
-65.20
-65.19
-65.19
-65.20
-65.21
-65.21
-65.21
-65.21
-65.20
-65.20
-65.21
-65.21
-65.21
-65.21
-65.22
-65.21
-65.21
-65.20
-65.20
-65.20
-65.20
-65.20
-65.21
-65.21
-65.20
-65.20
-65.20
-65.21
-65.21
-65.21
-65.21
-65.21
-65.21
-65.22
-65.22
-65.22
-65.22
-65.22
-65.22
-65.22
-65.22
-65.21
-65.21
-65.22
-65.21
-65.21
-65.21
-65.21
-65.21
-65.21
-65.21
-65.20
-65.20
-65.19
-65.20
-65.20
-65.21
-65.21
-65.21
-65.21
-65.20
-65.20
-65.19
-65.19
-65.20
-65.21
-65.22
-65.21
-65.21
-65.21
-65.21
-65.21
-65.21
-65.20
-65.20
-65.19
-65.20
-65.20
-65.20
-65.20
-65.19
-65.20
-65.19
-65.20
-65.20
-65.19
-65.19
-65.19
-65.20
-65.20
-65.21
-65.20
-65.20
-65.20
-65.20
-65.20
-65.20
-65.20
-65.20
-65.21
-65.22
-65.22
-65.22
-65.21
-65.21
-65.20
-65.20
-65.21
-65.21
-65.21
-65.21
-65.22
-65.21
-65.21
-65.20
-65.20
-65.20
-65.19
-65.20
-65.20
-65.20
-65.21
-65.21
-65.21
-65.20
-65.20
-65.21
-65.20
-65.20
-65.20
-65.20
-65.20
-65.20
-65.20
-65.20
-65.20
-65.20
-65.19
-65.20
-65.21
-65.21
-65.21
-65.21
-65.21
-65.21
-65.21
-65.21
-65.20
-65.20
-65.20
-65.20
-65.20
-65.20
-65.20
-65.21
-65.20
-65.20
-65.20
-65.20
-65.19
-65.19
-65.19
-65.20
-65.21
-65.21
-65.21
-65.21
-65.21
-65.21
-65.21
-65.20
-65.20
-65.20
-65.20
-65.20
-65.20
-65.20
-65.21
-65.21
-65.21
-65.22
-65.21
-65.21
-65.22
-65.21
-65.20
-65.20
-65.20
-65.20
-65.21
-65.20
-65.21
-65.20
-65.21
-65.21
-65.22
-65.22
-65.22
-65.21
-65.21
-65.21
-65.21
-65.21
-65.21
-65.21
-65.21
-65.22
-65.23
-65.23
-65.22
-65.23
-65.22
-65.22
-65.21
-65.22
-65.22
-65.21
-65.21
-65.21
-65.21
-65.21
-65.21
-65.22
-65.21
-65.21
-65.21
-65.20
-65.19
-65.19
-65.19
-65.20
-65.20
-65.20
-65.20
-65.20
-65.21
-65.20
-65.20
-65.21
-65.20
-65.20
-65.21
-65.21
-65.20
-65.20
-65.20
-65.21
-65.21
-65.20
-65.20
-65.20
-65.20
-65.20
-65.19
-65.19
-65.19
-65.19
-65.19
-65.19
-65.20
-65.20
-65.20
-65.20
-65.20
-65.20
-65.21
-65.21
-65.21
-65.21
-65.21
-65.21
-65.20
-65.20
-65.20
-65.21
-65.22
