Frequency: 1.000000
Sample Rate: 2000000.000000
Vector Length: 1
Notes: 
-379.30
-81.00
-76.81
-75.59
-74.54
-73.81
-73.20
-72.66
-72.19
-71.78
-71.42
-71.05
-70.71
-70.40
-70.09
-69.82
-69.56
-69.32
-69.11
-68.90
-68.68
-68.48
-68.29
-68.10
-67.94
-67.79
-67.63
-67.46
-67.32
-67.17
-67.04
-66.90
-66.77
-66.64
-66.52
-66.40
-66.28
-66.17
-66.05
-65.93
-65.82
-65.72
-65.62
-65.53
-65.43
-65.33
-65.24
-65.17
-65.16
-65.16
-65.16
-65.15
-65.15
-65.16
-65.16
-65.16
-65.17
-65.17
-65.16
-65.16
-65.16
-65.16
-65.17
-65.16
-65.16
-65.16
-65.17
-65.16
-65.16
-65.16
-65.17
-65.17
-65.17
-65.16
-65.16
-65.17
-65.16
-65.16
-65.16
-65.16
-65.17
-65.16
-65.16
-65.17
-65.17
-65.17
-65.17
-65.16
-65.16
-65.16
-65.16
-65.16
-65.16
-65.16
-65.16
-65.16
-65.16
-65.16
-65.15
-65.15
-65.14
-65.14
-65.14
-65.14
-65.14
-65.13
-65.14
-65.14
-65.14
-65.14
-65.15
-65.15
-65.16
-65.15
-65.14
-65.15
-65.15
-65.15
-65.15
-65.14
-65.14
-65.15
-65.15
-65.16
-65.16
-65.16
-65.16
-65.16
-65.15
-65.15
-65.16
-65.15
-65.15
-65.16
-65.16
-65.16
-65.17
-65.16
-65.16
-65.16
-65.16
-65.16
-65.15
-65.15
-65.15
-65.16
-65.16
-65.17
-65.17
-65.17
-65.16
-65.16
-65.17
-65.17
-65.16
-65.17
-65.16
-65.15
-65.15
-65.15
-65.15
-65.16
-65.16
-65.16
-65.16
-65.16
-65.17
-65.16
-65.15
-65.15
-65.15
-65.15
-65.15
-65.15
-65.15
-65.15
-65.15
-65.15
-65.14
-65.15
-65.14
-65.14
-65.14
-65.14
-65.14
-65.14
-65.15
-65.15
-65.14
-65.15
-65.16
-65.15
-65.15
-65.16
-65.16
-65.16
-65.16
-65.15
-65.15
-65.14
-65.14
-65.14
-65.15
-65.15
-65.16
-65.16
-65.17
-65.17
-65.16
-65.15
-65.16
-65.16
-65.16
-65.15
-65.15
-65.15
-65.15
-65.16
-65.16
-65.15
-65.15
-65.15
-65.15
-65.15
-65.16
-65.16
-65.16
-65.16
-65.16
-65.16
-65.16
-65.16
-65.16
-65.16
-65.15
-65.15
-65.15
-65.14
-65.14
-65.15
-65.15
-65.14
-65.14
-65.14
-65.15
-65.15
-65.15
-65.16
-65.15
-65.15
-65.15
-65.14
-65.14
-65.13
-65.13
-65.13
-65.13
-65.14
-65.15
-65.14
-65.15
-65.15
-65.15
-65.15
-65.15
-65.15
-65.14
-65.14
-65.14
-65.14
-65.14
-65.15
-65.15
-65.14
-65.15
-65.15
-65.14
-65.13
-65.13
-65.13
-65.13
-65.14
-65.14
-65.15
-65.15
-65.15
-65.15
-65.15
-65.15
-65.14
-65.14
-65.15
-65.14
-65.14
-65.14
-65.15
-65.15
-65.15
-65.14
-65.15
-65.16
-65.16
-65.16
-65.16
-65.16
-65.17
-65.16
-65.15
-65.16
-65.15
-65.15
-65.15
-65.15
-65.15
-65.15
-65.15
-65.16
-65.16
-65.16
-65.16
-65.15
-65.15
-65.15
-65.14
-65.14
-65.15
-65.16
-65.16
-65.15
-65.15
-65.16
-65.15
-65.14
-65.15
-65.16
-65.15
-65.15
-65.16
-65.16
-65.16
-65.15
-65.15
-65.16
-65.15
-65.14
-65.15
-65.15
-65.16
-65.14
-65.14
-65.14
-65.13
-65.13
-65.13
-65.13
-65.13
-65.13
-65.13
-65.13
-65.13
-65.13
-65.13
-65.13
-65.13
-65.13
-65.13
-65.12
-65.12
-65.12
-65.13
-65.13
-65.14
-65.15
-65.15
-65.14
-65.14
-65.15
-65.15
-65.15
-65.16
-65.16
-65.16
-65.15
-65.15
-65.15
-65.14
-65.15
-65.15
-65.15
-65.16
-65.16
-65.16
-65.16
-65.16
-65.16
-65.15
-65.16
-65.16
-65.16
-65.17
-65.16
-65.16
-65.16
-65.17
-65.17
-65.16
-65.17
-65.17
-65.17
-65.17
-65.17
-65.17
-65.17
-65.16
-65.17
-65.17
-65.17
-65.17
-65.16
-65.16
-65.16
-65.16
-65.16
-65.16
-65.15
-65.15
-65.15
-65.14
-65.14
-65.14
-65.14
-65.14
-65.14
-65.15
-65.15
-65.15
-65.14
-65.13
-65.13
-65.13
-65.13
-65.13
-65.13
-65.14
-65.14
-65.14
-65.14
-65.14
-65.14
-65.14
-65.14
-65.14
-65.14
-65.15
-65.14
-65.14
-65.14
-65.14
-65.14
-65.14
-65.13
-65.14
-65.14
-65.14
-65.13
-65.14
-65.14
-65.14
-65.13
-65.13
-65.13
-65.13
-65.13
-65.14
-65.14
-65.14
-65.14
-65.14
-65.13
-65.13
-65.12
-65.12
-65.12
