Frequency: 1.000000
Sample Rate: 2000000.000000
Vector Length: 1
Notes: 
-379.30
-81.87
-77.03
-75.46
-74.60
-73.88
-73.25
-72.62
-72.14
-71.73
-71.27
-70.90
-70.56
-70.21
-69.93
-69.68
-69.40
-69.17
-68.96
-68.71
-68.51
-68.32
-68.14
-67.97
-67.81
-67.64
-67.49
-67.34
-67.18
-67.04
-66.90
-66.78
-66.63
-66.50
-66.38
-66.27
-66.16
-66.05
-65.94
-65.83
-65.72
-65.62
-65.52
-65.44
-65.34
-65.24
-65.15
-65.16
-65.17
-65.16
-65.16
-65.16
-65.15
-65.15
-65.15
-65.15
-65.15
-65.15
-65.15
-65.15
-65.15
-65.15
-65.15
-65.14
-65.14
-65.14
-65.13
-65.14
-65.14
-65.14
-65.14
-65.13
-65.13
-65.13
-65.12
-65.12
-65.12
-65.11
-65.11
-65.11
-65.11
-65.11
-65.12
-65.11
-65.11
-65.11
-65.11
-65.11
-65.11
-65.11
-65.11
-65.11
-65.10
-65.11
-65.11
-65.10
-65.10
-65.11
-65.10
-65.10
-65.11
-65.12
-65.12
-65.12
-65.12
-65.12
-65.12
-65.13
-65.14
-65.14
-65.13
-65.14
-65.14
-65.14
-65.14
-65.14
-65.14
-65.14
-65.14
-65.15
-65.15
-65.15
-65.15
-65.15
-65.15
-65.16
-65.16
-65.16
-65.16
-65.16
-65.15
-65.15
-65.14
-65.15
-65.16
-65.16
-65.16
-65.15
-65.15
-65.15
-65.15
-65.15
-65.16
-65.16
-65.17
-65.17
-65.17
-65.17
-65.17
-65.17
-65.16
-65.17
-65.17
-65.17
-65.18
-65.17
-65.16
-65.16
-65.16
-65.16
-65.16
-65.16
-65.16
-65.16
-65.16
-65.15
-65.15
-65.15
-65.15
-65.15
-65.15
-65.16
-65.16
-65.16
-65.15
-65.16
-65.15
-65.15
-65.16
-65.16
-65.16
-65.16
-65.16
-65.16
-65.16
-65.16
-65.16
-65.16
-65.16
-65.17
-65.15
-65.15
-65.15
-65.14
-65.15
-65.15
-65.15
-65.15
-65.15
-65.15
-65.15
-65.15
-65.14
-65.14
-65.15
-65.15
-65.15
-65.15
-65.15
-65.15
-65.15
-65.15
-65.15
-65.15
-65.15
-65.15
-65.15
-65.15
-65.15
-65.15
-65.15
-65.14
-65.14
-65.14
-65.14
-65.14
-65.13
-65.14
-65.14
-65.14
-65.14
-65.14
-65.14
-65.15
-65.15
-65.15
-65.15
-65.14
-65.14
-65.14
-65.14
-65.14
-65.15
-65.14
-65.14
-65.14
-65.14
-65.13
-65.14
-65.13
-65.13
-65.14
-65.14
-65.14
-65.14
-65.14
-65.14
-65.14
-65.14
-65.15
-65.15
-65.15
-65.15
-65.15
-65.15
-65.15
-65.14
-65.15
-65.14
-65.14
-65.14
-65.15
-65.15
-65.15
-65.15
-65.15
-65.15
-65.14
-65.15
-65.16
-65.15
-65.15
-65.15
-65.15
-65.15
-65.15
-65.16
-65.16
-65.16
-65.16
-65.15
-65.15
-65.15
-65.16
-65.16
-65.16
-65.15
-65.15
-65.15
-65.15
-65.15
-65.14
-65.15
-65.15
-65.15
-65.15
-65.15
-65.15
-65.15
-65.15
-65.15
-65.15
-65.15
-65.15
-65.15
-65.16
-65.15
-65.15
-65.16
-65.16
-65.16
-65.15
-65.16
-65.16
-65.15
-65.15
-65.15
-65.14
-65.14
-65.15
-65.15
-65.15
-65.15
-65.15
-65.14
-65.14
-65.14
-65.15
-65.16
-65.16
-65.16
-65.15
-65.14
-65.15
-65.15
-65.16
-65.16
-65.16
-65.16
-65.17
-65.17
-65.17
-65.17
-65.16
-65.17
-65.17
-65.17
-65.16
-65.16
-65.15
-65.16
-65.17
-65.17
-65.17
-65.16
-65.16
-65.15
-65.15
-65.14
-65.14
-65.15
-65.15
-65.15
-65.16
-65.16
-65.16
-65.16
-65.16
-65.15
-65.15
-65.15
-65.15
-65.15
-65.16
-65.16
-65.15
-65.15
-65.15
-65.15
-65.16
-65.16
-65.17
-65.17
-65.17
-65.17
-65.17
-65.16
-65.16
-65.16
-65.16
-65.16
-65.16
-65.16
-65.16
-65.16
-65.16
-65.16
-65.16
-65.16
-65.16
-65.16
-65.15
-65.15
-65.15
-65.16
-65.17
-65.17
-65.17
-65.17
-65.17
-65.17
-65.17
-65.16
-65.16
-65.16
-65.16
-65.16
-65.16
-65.16
-65.17
-65.16
-65.16
-65.15
-65.16
-65.17
-65.16
-65.17
-65.16
-65.16
-65.16
-65.15
-65.15
-65.15
-65.15
-65.14
-65.14
-65.14
-65.14
-65.15
-65.15
-65.15
-65.15
-65.15
-65.15
-65.15
-65.15
-65.15
-65.15
-65.15
-65.15
-65.16
-65.16
-65.16
-65.16
-65.16
-65.16
-65.16
-65.16
-65.15
-65.15
-65.16
-65.16
-65.16
-65.16
-65.16
-65.16
-65.16
-65.16
-65.16
-65.16
-65.16
-65.17
-65.16
