Frequency: 1.000000
Sample Rate: 2000000.000000
Vector Length: 1
Notes: 
-379.30
-85.37
-79.47
-76.11
-75.09
-74.24
-73.58
-73.02
-72.52
-72.06
-71.62
-71.26
-70.92
-70.59
-70.29
-70.00
-69.74
-69.50
-69.26
-69.02
-68.80
-68.61
-68.42
-68.22
-68.04
-67.87
-67.70
-67.54
-67.39
-67.24
-67.09
-66.96
-66.82
-66.69
-66.57
-66.46
-66.34
-66.23
-66.11
-66.00
-65.89
-65.78
-65.68
-65.58
-65.48
-65.39
-65.30
-65.21
-65.16
-65.14
-65.13
-65.12
-65.11
-65.12
-65.12
-65.12
-65.12
-65.12
-65.13
-65.13
-65.12
-65.12
-65.12
-65.12
-65.12
-65.12
-65.12
-65.13
-65.14
-65.14
-65.13
-65.13
-65.14
-65.14
-65.14
-65.15
-65.14
-65.13
-65.14
-65.14
-65.14
-65.14
-65.14
-65.13
-65.13
-65.12
-65.12
-65.12
-65.13
-65.14
-65.14
-65.14
-65.14
-65.14
-65.13
-65.13
-65.13
-65.13
-65.13
-65.13
-65.14
-65.14
-65.15
-65.15
-65.14
-65.14
-65.15
-65.14
-65.14
-65.14
-65.13
-65.14
-65.14
-65.14
-65.14
-65.14
-65.14
-65.13
-65.14
-65.14
-65.14
-65.14
-65.13
-65.13
-65.14
-65.16
-65.15
-65.15
-65.15
-65.16
-65.16
-65.16
-65.16
-65.17
-65.17
-65.16
-65.16
-65.17
-65.17
-65.16
-65.16
-65.16
-65.16
-65.16
-65.17
-65.17
-65.16
-65.16
-65.15
-65.15
-65.14
-65.15
-65.15
-65.13
-65.13
-65.14
-65.15
-65.15
-65.13
-65.14
-65.15
-65.14
-65.15
-65.15
-65.15
-65.15
-65.15
-65.14
-65.15
-65.15
-65.15
-65.13
-65.13
-65.13
-65.14
-65.13
-65.12
-65.13
-65.12
-65.12
-65.12
-65.12
-65.13
-65.13
-65.12
-65.12
-65.12
-65.12
-65.13
-65.13
-65.14
-65.13
-65.13
-65.13
-65.13
-65.13
-65.14
-65.13
-65.13
-65.13
-65.13
-65.13
-65.13
-65.12
-65.12
-65.12
-65.14
-65.14
-65.14
-65.13
-65.12
-65.12
-65.12
-65.11
-65.11
-65.12
-65.12
-65.12
-65.13
-65.13
-65.13
-65.12
-65.12
-65.12
-65.13
-65.12
-65.12
-65.13
-65.13
-65.12
-65.12
-65.12
-65.12
-65.12
-65.12
-65.11
-65.11
-65.11
-65.11
-65.11
-65.11
-65.11
-65.10
-65.11
-65.12
-65.11
-65.12
-65.12
-65.12
-65.12
-65.12
-65.13
-65.13
-65.13
-65.14
-65.13
-65.13
-65.12
-65.12
-65.12
-65.12
-65.11
-65.12
-65.12
-65.12
-65.12
-65.12
-65.11
-65.11
-65.12
-65.12
-65.12
-65.11
-65.12
-65.13
-65.12
-65.12
-65.12
-65.12
-65.11
-65.12
-65.12
-65.13
-65.13
-65.13
-65.14
-65.13
-65.12
-65.11
-65.11
-65.12
-65.12
-65.11
-65.12
-65.12
-65.12
-65.12
-65.11
-65.11
-65.11
-65.10
-65.10
-65.10
-65.10
-65.10
-65.11
-65.10
-65.11
-65.10
-65.11
-65.12
-65.12
-65.12
-65.12
-65.12
-65.12
-65.12
-65.12
-65.12
-65.12
-65.12
-65.12
-65.11
-65.12
-65.13
-65.13
-65.13
-65.13
-65.13
-65.13
-65.13
-65.13
-65.13
-65.12
-65.12
-65.13
-65.14
-65.14
-65.14
-65.13
-65.13
-65.13
-65.13
-65.13
-65.14
-65.14
-65.14
-65.14
-65.15
-65.15
-65.15
-65.14
-65.14
-65.15
-65.15
-65.15
-65.15
-65.14
-65.14
-65.14
-65.14
-65.14
-65.14
-65.14
-65.14
-65.14
-65.15
-65.14
-65.15
-65.14
-65.14
-65.13
-65.13
-65.12
-65.12
-65.13
-65.14
-65.13
-65.12
-65.12
-65.12
-65.12
-65.12
-65.12
-65.13
-65.12
-65.12
-65.12
-65.13
-65.12
-65.12
-65.12
-65.13
-65.12
-65.11
-65.12
-65.10
-65.10
-65.11
-65.11
-65.11
-65.10
-65.10
-65.11
-65.11
-65.12
-65.11
-65.11
-65.11
-65.10
-65.10
-65.10
-65.10
-65.10
-65.10
-65.10
-65.10
-65.10
-65.11
-65.11
-65.12
-65.11
-65.11
-65.11
-65.10
-65.10
-65.11
-65.12
-65.11
-65.11
-65.11
-65.11
-65.11
-65.10
-65.12
-65.12
-65.12
-65.11
-65.11
-65.12
-65.12
-65.12
-65.13
-65.14
-65.14
-65.15
-65.15
-65.14
-65.14
-65.14
-65.14
-65.14
-65.13
-65.13
-65.14
-65.13
-65.13
-65.13
-65.14
-65.15
-65.14
-65.14
-65.14
-65.14
-65.14
-65.13
-65.13
-65.13
-65.14
-65.14
-65.14
-65.15
-65.15
-65.15
-65.14
-65.14
-65.15
-65.14
-65.14
-65.14
-65.14
-65.14
-65.13
