Frequency: 1.000000
Sample Rate: 2000000.000000
Vector Length: 1
Notes: 
-379.30
-69.43
-67.93
-67.77
-67.62
-67.46
-67.32
-67.18
-67.05
-66.89
-66.76
-66.63
-66.50
-66.38
-66.27
-66.16
-66.05
-65.95
-65.85
-65.75
-65.65
-65.55
-65.46
-65.37
-65.27
-65.19
-65.10
-65.01
-64.93
-64.84
-64.76
-64.68
-64.60
-64.53
-64.46
-64.38
-64.31
-64.24
-64.17
-64.10
-64.04
-63.97
-63.91
-63.85
-63.78
-63.72
-63.66
-63.60
-64.03
-65.11
-65.25
-65.24
-65.24
-65.24
-65.24
-65.24
-65.24
-65.24
-65.24
-65.24
-65.24
-65.25
-65.24
-65.24
-65.24
-65.24
-65.24
-65.23
-65.24
-65.24
-65.23
-65.23
-65.23
-65.23
-65.22
-65.22
-65.23
-65.24
-65.23
-65.24
-65.24
-65.24
-65.23
-65.24
-65.23
-65.24
-65.24
-65.24
-65.24
-65.24
-65.23
-65.22
-65.22
-65.21
-65.22
-65.22
-65.22
-65.23
-65.23
-65.24
-65.24
-65.24
-65.24
-65.24
-65.23
-65.24
-65.24
-65.23
-65.24
-65.24
-65.23
-65.24
-65.24
-65.24
-65.24
-65.24
-65.24
-65.24
-65.25
-65.25
-65.25
-65.26
-65.26
-65.25
-65.24
-65.24
-65.25
-65.26
-65.26
-65.26
-65.25
-65.25
-65.26
-65.25
-65.24
-65.24
-65.25
-65.25
-65.25
-65.26
-65.26
-65.26
-65.26
-65.26
-65.26
-65.25
-65.24
-65.24
-65.24
-65.24
-65.24
-65.25
-65.24
-65.24
-65.24
-65.24
-65.24
-65.23
-65.24
-65.24
-65.24
-65.23
-65.23
-65.23
-65.24
-65.24
-65.24
-65.23
-65.23
-65.23
-65.23
-65.24
-65.25
-65.25
-65.24
-65.24
-65.24
-65.24
-65.25
-65.24
-65.24
-65.24
-65.24
-65.23
-65.24
-65.23
-65.23
-65.23
-65.23
-65.23
-65.23
-65.23
-65.23
-65.23
-65.23
-65.24
-65.24
-65.24
-65.25
-65.24
-65.24
-65.24
-65.24
-65.24
-65.24
-65.24
-65.25
-65.24
-65.24
-65.25
-65.25
-65.25
-65.25
-65.23
-65.24
-65.25
-65.25
-65.25
-65.25
-65.25
-65.24
-65.23
-65.23
-65.24
-65.23
-65.24
-65.23
-65.24
-65.24
-65.24
-65.24
-65.25
-65.25
-65.24
-65.24
-65.24
-65.24
-65.25
-65.24
-65.24
-65.24
-65.24
-65.25
-65.24
-65.24
-65.24
-65.23
-65.23
-65.23
-65.24
-65.25
-65.25
-65.25
-65.26
-65.25
-65.25
-65.25
-65.26
-65.26
-65.25
-65.25
-65.25
-65.25
-65.24
-65.23
-65.25
-65.25
-65.26
-65.26
-65.25
-65.26
-65.26
-65.26
-65.26
-65.26
-65.25
-65.25
-65.25
-65.25
-65.25
-65.26
-65.25
-65.26
-65.26
-65.26
-65.25
-65.25
-65.26
-65.25
-65.27
-65.26
-65.26
-65.26
-65.25
-65.25
-65.25
-65.26
-65.26
-65.25
-65.24
-65.24
-65.25
-65.26
-65.26
-65.26
-65.26
-65.25
-65.26
-65.26
-65.25
-65.25
-65.25
-65.26
-65.26
-65.25
-65.25
-65.25
-65.25
-65.25
-65.25
-65.25
-65.25
-65.26
-65.25
-65.26
-65.25
-65.25
-65.24
-65.24
-65.24
-65.24
-65.24
-65.25
-65.26
-65.25
-65.25
-65.25
-65.23
-65.24
-65.24
-65.24
-65.25
-65.25
-65.25
-65.24
-65.23
-65.24
-65.24
-65.24
-65.23
-65.23
-65.23
-65.23
-65.24
-65.23
-65.23
-65.23
-65.24
-65.24
-65.24
-65.24
-65.24
-65.24
-65.24
-65.24
-65.24
-65.24
-65.24
-65.24
-65.25
-65.24
-65.24
-65.24
-65.24
-65.23
-65.24
-65.25
-65.24
-65.24
-65.25
-65.25
-65.24
-65.24
-65.25
-65.25
-65.25
-65.25
-65.24
-65.24
-65.25
-65.24
-65.24
-65.25
-65.26
-65.26
-65.26
-65.27
-65.27
-65.27
-65.27
-65.27
-65.26
-65.27
-65.27
-65.28
-65.27
-65.28
-65.27
-65.27
-65.26
-65.26
-65.26
-65.27
-65.27
-65.27
-65.28
-65.28
-65.27
-65.27
-65.27
-65.27
-65.27
-65.27
-65.27
-65.27
-65.27
-65.26
-65.27
-65.26
-65.26
-65.26
-65.27
-65.27
-65.27
-65.28
-65.27
-65.27
-65.27
-65.26
-65.26
-65.26
-65.26
-65.26
-65.26
-65.26
-65.25
-65.25
-65.25
-65.25
-65.25
-65.24
-65.24
-65.24
-65.24
-65.24
-65.24
-65.25
-65.24
-65.24
-65.24
-65.24
-65.24
-65.23
-65.23
-65.23
-65.24
-65.24
-65.24
-65.24
-65.25
-65.24
-65.24
-65.24
-65.24
-65.24
-65.23
-65.24
-65.25
-65.24
-65.24
-65.24
-65.24
