Frequency: 1.000000
Sample Rate: 2000000.000000
Vector Length: 1
Notes: 
-379.30
-81.28
-77.06
-75.66
-74.81
-74.06
-73.39
-72.86
-72.37
-71.92
-71.45
-71.09
-70.75
-70.36
-70.07
-69.80
-69.57
-69.34
-69.11
-68.90
-68.68
-68.48
-68.28
-68.10
-67.92
-67.75
-67.59
-67.44
-67.29
-67.16
-67.03
-66.89
-66.73
-66.61
-66.48
-66.36
-66.24
-66.13
-66.02
-65.91
-65.81
-65.72
-65.60
-65.51
-65.40
-65.30
-65.21
-65.15
-65.14
-65.14
-65.13
-65.13
-65.13
-65.13
-65.13
-65.13
-65.13
-65.12
-65.12
-65.12
-65.12
-65.12
-65.13
-65.13
-65.12
-65.12
-65.11
-65.10
-65.10
-65.10
-65.11
-65.11
-65.12
-65.12
-65.12
-65.12
-65.11
-65.11
-65.10
-65.10
-65.10
-65.10
-65.09
-65.10
-65.10
-65.10
-65.09
-65.09
-65.10
-65.10
-65.10
-65.10
-65.11
-65.12
-65.11
-65.11
-65.11
-65.11
-65.11
-65.12
-65.12
-65.11
-65.11
-65.10
-65.10
-65.11
-65.12
-65.12
-65.12
-65.12
-65.12
-65.12
-65.12
-65.12
-65.13
-65.14
-65.14
-65.15
-65.15
-65.15
-65.14
-65.14
-65.14
-65.13
-65.15
-65.14
-65.14
-65.14
-65.14
-65.15
-65.15
-65.15
-65.15
-65.14
-65.15
-65.15
-65.15
-65.14
-65.14
-65.13
-65.12
-65.12
-65.13
-65.14
-65.15
-65.14
-65.13
-65.13
-65.13
-65.14
-65.15
-65.15
-65.15
-65.15
-65.14
-65.13
-65.13
-65.13
-65.13
-65.13
-65.13
-65.12
-65.12
-65.13
-65.12
-65.12
-65.12
-65.13
-65.13
-65.13
-65.14
-65.13
-65.13
-65.13
-65.12
-65.13
-65.12
-65.12
-65.12
-65.13
-65.13
-65.12
-65.12
-65.12
-65.12
-65.12
-65.13
-65.14
-65.14
-65.13
-65.13
-65.12
-65.13
-65.13
-65.14
-65.14
-65.15
-65.14
-65.14
-65.13
-65.13
-65.12
-65.13
-65.13
-65.14
-65.14
-65.13
-65.14
-65.14
-65.14
-65.14
-65.14
-65.15
-65.15
-65.15
-65.16
-65.15
-65.14
-65.14
-65.14
-65.14
-65.16
-65.16
-65.16
-65.16
-65.16
-65.16
-65.15
-65.15
-65.15
-65.15
-65.16
-65.16
-65.16
-65.15
-65.15
-65.15
-65.15
-65.16
-65.16
-65.16
-65.16
-65.15
-65.15
-65.13
-65.13
-65.13
-65.13
-65.14
-65.15
-65.14
-65.14
-65.14
-65.14
-65.13
-65.13
-65.13
-65.14
-65.14
-65.14
-65.14
-65.14
-65.12
-65.11
-65.11
-65.12
-65.12
-65.13
-65.13
-65.11
-65.12
-65.12
-65.12
-65.12
-65.11
-65.12
-65.12
-65.13
-65.13
-65.12
-65.12
-65.12
-65.12
-65.12
-65.12
-65.12
-65.12
-65.12
-65.12
-65.12
-65.12
-65.12
-65.12
-65.13
-65.14
-65.14
-65.13
-65.13
-65.13
-65.13
-65.14
-65.14
-65.14
-65.15
-65.15
-65.15
-65.14
-65.14
-65.13
-65.13
-65.14
-65.14
-65.14
-65.14
-65.14
-65.14
-65.14
-65.14
-65.14
-65.14
-65.14
-65.14
-65.15
-65.15
-65.14
-65.14
-65.14
-65.13
-65.13
-65.14
-65.15
-65.15
-65.15
-65.15
-65.15
-65.15
-65.14
-65.14
-65.15
-65.15
-65.16
-65.16
-65.15
-65.15
-65.15
-65.15
-65.15
-65.15
-65.15
-65.16
-65.15
-65.14
-65.15
-65.14
-65.14
-65.14
-65.14
-65.15
-65.15
-65.15
-65.15
-65.15
-65.15
-65.15
-65.15
-65.15
-65.15
-65.15
-65.15
-65.15
-65.15
-65.15
-65.14
-65.14
-65.14
-65.14
-65.15
-65.15
-65.14
-65.14
-65.15
-65.15
-65.14
-65.14
-65.14
-65.14
-65.15
-65.14
-65.13
-65.13
-65.13
-65.13
-65.12
-65.12
-65.13
-65.13
-65.13
-65.13
-65.12
-65.12
-65.13
-65.13
-65.13
-65.13
-65.14
-65.13
-65.13
-65.13
-65.13
-65.12
-65.12
-65.13
-65.13
-65.13
-65.13
-65.12
-65.13
-65.13
-65.12
-65.12
-65.13
-65.13
-65.14
-65.14
-65.14
-65.13
-65.13
-65.14
-65.14
-65.14
-65.14
-65.13
-65.13
-65.13
-65.13
-65.13
-65.14
-65.14
-65.15
-65.14
-65.15
-65.16
-65.15
-65.14
-65.14
-65.14
-65.14
-65.14
-65.15
-65.14
-65.14
-65.14
-65.13
-65.14
-65.14
-65.14
-65.14
-65.15
-65.15
-65.14
-65.14
-65.14
-65.14
-65.14
-65.14
-65.15
-65.16
-65.15
-65.15
-65.14
-65.13
-65.13
-65.13
-65.13
-65.14
-65.13
-65.12
-65.12
-65.13
-65.14
-65.14
