Frequency: 1.000000
Sample Rate: 2000000.000000
Vector Length: 1
Notes: 
-379.30
-68.75
-68.03
-67.85
-67.66
-67.51
-67.36
-67.24
-67.10
-66.96
-66.83
-66.70
-66.57
-66.46
-66.36
-66.25
-66.13
-66.02
-65.91
-65.81
-65.71
-65.61
-65.52
-65.43
-65.34
-65.25
-65.17
-65.08
-64.99
-64.91
-64.83
-64.75
-64.68
-64.60
-64.52
-64.45
-64.39
-64.31
-64.24
-64.17
-64.08
-64.02
-63.95
-63.88
-63.82
-63.76
-63.69
-63.63
-63.68
-64.67
-65.26
-65.26
-65.27
-65.28
-65.28
-65.27
-65.26
-65.27
-65.28
-65.28
-65.28
-65.28
-65.27
-65.27
-65.28
-65.28
-65.28
-65.28
-65.28
-65.28
-65.28
-65.27
-65.28
-65.28
-65.27
-65.27
-65.27
-65.28
-65.28
-65.28
-65.27
-65.27
-65.27
-65.27
-65.26
-65.26
-65.27
-65.26
-65.26
-65.27
-65.27
-65.28
-65.28
-65.28
-65.28
-65.28
-65.27
-65.27
-65.28
-65.27
-65.27
-65.27
-65.27
-65.27
-65.27
-65.27
-65.27
-65.27
-65.26
-65.26
-65.26
-65.26
-65.27
-65.27
-65.27
-65.27
-65.26
-65.27
-65.27
-65.27
-65.27
-65.27
-65.26
-65.26
-65.27
-65.26
-65.26
-65.26
-65.25
-65.25
-65.25
-65.25
-65.25
-65.25
-65.24
-65.25
-65.24
-65.24
-65.23
-65.23
-65.24
-65.24
-65.25
-65.25
-65.24
-65.24
-65.25
-65.25
-65.25
-65.26
-65.26
-65.25
-65.25
-65.25
-65.24
-65.24
-65.24
-65.25
-65.25
-65.25
-65.24
-65.25
-65.24
-65.24
-65.24
-65.25
-65.25
-65.25
-65.24
-65.24
-65.24
-65.25
-65.25
-65.25
-65.26
-65.26
-65.26
-65.26
-65.26
-65.26
-65.26
-65.26
-65.27
-65.27
-65.28
-65.28
-65.28
-65.27
-65.27
-65.26
-65.26
-65.26
-65.26
-65.27
-65.26
-65.26
-65.25
-65.24
-65.24
-65.25
-65.26
-65.26
-65.27
-65.26
-65.26
-65.26
-65.26
-65.26
-65.26
-65.25
-65.24
-65.26
-65.26
-65.26
-65.26
-65.26
-65.27
-65.27
-65.27
-65.27
-65.26
-65.26
-65.26
-65.26
-65.26
-65.27
-65.27
-65.28
-65.28
-65.28
-65.28
-65.28
-65.27
-65.25
-65.26
-65.27
-65.27
-65.28
-65.28
-65.27
-65.26
-65.27
-65.27
-65.27
-65.28
-65.28
-65.28
-65.28
-65.28
-65.27
-65.27
-65.27
-65.28
-65.28
-65.28
-65.27
-65.27
-65.28
-65.29
-65.29
-65.28
-65.27
-65.27
-65.27
-65.27
-65.26
-65.26
-65.27
-65.27
-65.28
-65.27
-65.26
-65.26
-65.27
-65.28
-65.27
-65.26
-65.26
-65.26
-65.26
-65.26
-65.26
-65.28
-65.27
-65.27
-65.26
-65.26
-65.26
-65.27
-65.28
-65.27
-65.26
-65.26
-65.26
-65.26
-65.26
-65.26
-65.27
-65.28
-65.28
-65.27
-65.27
-65.26
-65.27
-65.27
-65.26
-65.26
-65.27
-65.28
-65.28
-65.28
-65.27
-65.27
-65.27
-65.27
-65.27
-65.26
-65.26
-65.27
-65.27
-65.28
-65.29
-65.27
-65.27
-65.27
-65.27
-65.27
-65.27
-65.28
-65.27
-65.26
-65.27
-65.26
-65.27
-65.27
-65.27
-65.25
-65.26
-65.26
-65.27
-65.28
-65.28
-65.28
-65.27
-65.27
-65.26
-65.26
-65.26
-65.26
-65.26
-65.26
-65.26
-65.27
-65.26
-65.26
-65.25
-65.25
-65.25
-65.25
-65.25
-65.25
-65.25
-65.26
-65.26
-65.26
-65.26
-65.26
-65.25
-65.25
-65.25
-65.25
-65.25
-65.24
-65.24
-65.24
-65.25
-65.25
-65.25
-65.25
-65.24
-65.25
-65.25
-65.25
-65.26
-65.26
-65.26
-65.26
-65.26
-65.26
-65.25
-65.25
-65.25
-65.25
-65.26
-65.26
-65.25
-65.25
-65.25
-65.25
-65.25
-65.26
-65.26
-65.26
-65.26
-65.26
-65.26
-65.26
-65.26
-65.26
-65.26
-65.27
-65.27
-65.26
-65.25
-65.25
-65.25
-65.25
-65.25
-65.25
-65.25
-65.26
-65.26
-65.26
-65.27
-65.27
-65.27
-65.28
-65.27
-65.28
-65.28
-65.27
-65.28
-65.27
-65.27
-65.28
-65.27
-65.26
-65.26
-65.26
-65.27
-65.27
-65.26
-65.26
-65.26
-65.27
-65.27
-65.27
-65.27
-65.28
-65.28
-65.27
-65.26
-65.26
-65.27
-65.27
-65.27
-65.27
-65.27
-65.27
-65.26
-65.26
-65.26
-65.27
-65.27
-65.27
-65.27
-65.28
-65.28
-65.27
-65.27
-65.28
-65.28
-65.27
-65.26
-65.26
-65.26
-65.25
-65.26
-65.26
-65.26
-65.26
-65.25
-65.26
-65.26
-65.26
-65.27
