Frequency: 1.000000
Sample Rate: 2000000.000000
Vector Length: 1
Notes: 
-379.30
-80.65
-76.71
-75.65
-74.61
-73.90
-73.31
-72.78
-72.32
-71.88
-71.47
-71.11
-70.78
-70.48
-70.20
-69.93
-69.67
-69.36
-69.14
-68.92
-68.71
-68.53
-68.35
-68.17
-67.97
-67.81
-67.65
-67.50
-67.35
-67.21
-67.06
-66.93
-66.78
-66.65
-66.53
-66.41
-66.29
-66.17
-66.06
-65.96
-65.85
-65.75
-65.66
-65.57
-65.47
-65.37
-65.29
-65.20
-65.21
-65.21
-65.21
-65.20
-65.20
-65.20
-65.20
-65.19
-65.19
-65.19
-65.19
-65.19
-65.19
-65.18
-65.18
-65.19
-65.19
-65.19
-65.19
-65.19
-65.19
-65.18
-65.18
-65.19
-65.20
-65.20
-65.20
-65.20
-65.20
-65.20
-65.20
-65.20
-65.21
-65.21
-65.20
-65.20
-65.21
-65.21
-65.21
-65.21
-65.21
-65.21
-65.21
-65.20
-65.20
-65.20
-65.20
-65.20
-65.20
-65.20
-65.21
-65.21
-65.20
-65.20
-65.20
-65.20
-65.22
-65.22
-65.21
-65.21
-65.22
-65.22
-65.22
-65.21
-65.21
-65.22
-65.22
-65.22
-65.21
-65.21
-65.21
-65.21
-65.21
-65.21
-65.22
-65.21
-65.21
-65.22
-65.22
-65.22
-65.22
-65.21
-65.21
-65.22
-65.22
-65.21
-65.21
-65.22
-65.22
-65.21
-65.20
-65.20
-65.21
-65.21
-65.21
-65.21
-65.21
-65.20
-65.21
-65.21
-65.21
-65.21
-65.21
-65.21
-65.20
-65.19
-65.20
-65.20
-65.20
-65.21
-65.21
-65.21
-65.21
-65.22
-65.21
-65.22
-65.22
-65.22
-65.21
-65.21
-65.21
-65.21
-65.20
-65.20
-65.20
-65.20
-65.20
-65.19
-65.19
-65.20
-65.19
-65.19
-65.19
-65.20
-65.20
-65.19
-65.20
-65.20
-65.20
-65.20
-65.20
-65.19
-65.19
-65.20
-65.20
-65.20
-65.20
-65.19
-65.19
-65.20
-65.20
-65.20
-65.20
-65.21
-65.20
-65.20
-65.19
-65.19
-65.19
-65.19
-65.20
-65.20
-65.20
-65.19
-65.19
-65.19
-65.20
-65.20
-65.20
-65.19
-65.19
-65.20
-65.20
-65.19
-65.19
-65.20
-65.20
-65.19
-65.20
-65.19
-65.20
-65.20
-65.19
-65.19
-65.18
-65.18
-65.19
-65.19
-65.19
-65.20
-65.21
-65.20
-65.19
-65.19
-65.19
-65.19
-65.19
-65.20
-65.19
-65.19
-65.19
-65.20
-65.20
-65.20
-65.20
-65.20
-65.20
-65.20
-65.19
-65.19
-65.18
-65.19
-65.19
-65.19
-65.19
-65.19
-65.19
-65.19
-65.20
-65.19
-65.19
-65.19
-65.19
-65.19
-65.19
-65.20
-65.20
-65.19
-65.20
-65.20
-65.20
-65.20
-65.20
-65.20
-65.19
-65.20
-65.20
-65.19
-65.19
-65.19
-65.19
-65.19
-65.19
-65.19
-65.20
-65.19
-65.20
-65.20
-65.20
-65.20
-65.20
-65.19
-65.20
-65.20
-65.20
-65.20
-65.20
-65.20
-65.20
-65.20
-65.20
-65.20
-65.20
-65.21
-65.21
-65.22
-65.22
-65.21
-65.21
-65.22
-65.22
-65.21
-65.21
-65.21
-65.21
-65.21
-65.21
-65.22
-65.21
-65.21
-65.21
-65.21
-65.21
-65.22
-65.22
-65.22
-65.22
-65.22
-65.23
-65.23
-65.23
-65.23
-65.22
-65.22
-65.22
-65.21
-65.20
-65.20
-65.19
-65.19
-65.19
-65.20
-65.21
-65.20
-65.21
-65.21
-65.21
-65.20
-65.21
-65.21
-65.21
-65.20
-65.19
-65.20
-65.20
-65.20
-65.20
-65.20
-65.20
-65.20
-65.20
-65.19
-65.19
-65.19
-65.19
-65.20
-65.19
-65.19
-65.19
-65.20
-65.19
-65.20
-65.19
-65.20
-65.20
-65.20
-65.20
-65.19
-65.18
-65.18
-65.19
-65.20
-65.20
-65.20
-65.20
-65.21
-65.21
-65.21
-65.21
-65.22
-65.21
-65.20
-65.20
-65.20
-65.19
-65.20
-65.21
-65.20
-65.20
-65.20
-65.20
-65.20
-65.20
-65.20
-65.20
-65.20
-65.20
-65.20
-65.21
-65.21
-65.21
-65.21
-65.21
-65.21
-65.20
-65.21
-65.20
-65.20
-65.20
-65.20
-65.20
-65.20
-65.19
-65.19
-65.19
-65.19
-65.20
-65.20
-65.20
-65.19
-65.19
-65.20
-65.20
-65.20
-65.20
-65.20
-65.20
-65.21
-65.20
-65.21
-65.21
-65.21
-65.21
-65.21
-65.20
-65.20
-65.20
-65.20
-65.20
-65.20
-65.20
-65.20
-65.20
-65.20
-65.20
-65.20
-65.19
-65.19
-65.19
-65.20
-65.20
-65.20
-65.20
-65.20
-65.20
-65.21
-65.21
-65.21
-65.21
-65.20
-65.20
-65.21
-65.20
-65.20
-65.20
-65.19
-65.19
