Frequency: 1.000000
Sample Rate: 2000000.000000
Vector Length: 1
Notes: 
-379.30
-80.51
-77.21
-76.05
-75.07
-74.30
-73.66
-72.95
-72.43
-72.00
-71.54
-71.16
-70.82
-70.51
-70.22
-69.90
-69.60
-69.37
-69.13
-68.90
-68.70
-68.48
-68.29
-68.11
-67.90
-67.74
-67.58
-67.40
-67.26
-67.11
-66.95
-66.80
-66.67
-66.55
-66.42
-66.31
-66.20
-66.09
-65.98
-65.88
-65.79
-65.68
-65.58
-65.48
-65.38
-65.30
-65.23
-65.21
-65.21
-65.21
-65.21
-65.21
-65.21
-65.21
-65.21
-65.21
-65.22
-65.21
-65.21
-65.21
-65.22
-65.21
-65.20
-65.20
-65.20
-65.20
-65.21
-65.22
-65.21
-65.21
-65.21
-65.21
-65.21
-65.22
-65.22
-65.22
-65.22
-65.22
-65.22
-65.22
-65.21
-65.21
-65.22
-65.22
-65.21
-65.21
-65.21
-65.22
-65.21
-65.21
-65.21
-65.21
-65.22
-65.22
-65.21
-65.21
-65.21
-65.21
-65.20
-65.21
-65.20
-65.20
-65.21
-65.21
-65.20
-65.21
-65.21
-65.21
-65.20
-65.21
-65.22
-65.22
-65.22
-65.21
-65.21
-65.21
-65.22
-65.22
-65.22
-65.22
-65.21
-65.22
-65.22
-65.22
-65.22
-65.22
-65.22
-65.22
-65.22
-65.21
-65.21
-65.22
-65.22
-65.21
-65.21
-65.21
-65.21
-65.21
-65.21
-65.21
-65.21
-65.21
-65.22
-65.22
-65.22
-65.21
-65.21
-65.21
-65.21
-65.21
-65.21
-65.22
-65.22
-65.22
-65.23
-65.23
-65.23
-65.22
-65.21
-65.21
-65.21
-65.22
-65.22
-65.22
-65.21
-65.21
-65.21
-65.23
-65.23
-65.23
-65.22
-65.22
-65.22
-65.23
-65.23
-65.23
-65.23
-65.23
-65.23
-65.23
-65.23
-65.24
-65.24
-65.23
-65.24
-65.23
-65.23
-65.24
-65.24
-65.24
-65.23
-65.22
-65.23
-65.24
-65.24
-65.23
-65.23
-65.23
-65.23
-65.22
-65.21
-65.21
-65.21
-65.21
-65.22
-65.22
-65.22
-65.23
-65.23
-65.22
-65.22
-65.23
-65.23
-65.23
-65.22
-65.21
-65.21
-65.21
-65.20
-65.20
-65.21
-65.21
-65.20
-65.21
-65.21
-65.21
-65.21
-65.21
-65.20
-65.19
-65.20
-65.21
-65.22
-65.22
-65.22
-65.21
-65.20
-65.20
-65.21
-65.22
-65.23
-65.22
-65.22
-65.22
-65.22
-65.22
-65.22
-65.22
-65.23
-65.23
-65.22
-65.22
-65.21
-65.21
-65.21
-65.22
-65.21
-65.21
-65.21
-65.21
-65.20
-65.20
-65.20
-65.21
-65.21
-65.22
-65.22
-65.22
-65.22
-65.20
-65.21
-65.22
-65.21
-65.22
-65.22
-65.22
-65.22
-65.22
-65.22
-65.22
-65.21
-65.21
-65.21
-65.21
-65.21
-65.22
-65.21
-65.21
-65.21
-65.20
-65.20
-65.21
-65.21
-65.21
-65.21
-65.21
-65.22
-65.22
-65.21
-65.21
-65.21
-65.21
-65.21
-65.20
-65.21
-65.21
-65.22
-65.22
-65.22
-65.22
-65.22
-65.22
-65.22
-65.22
-65.20
-65.20
-65.21
-65.21
-65.21
-65.20
-65.20
-65.21
-65.20
-65.20
-65.20
-65.20
-65.21
-65.21
-65.21
-65.20
-65.20
-65.20
-65.20
-65.21
-65.20
-65.21
-65.21
-65.20
-65.20
-65.21
-65.20
-65.20
-65.20
-65.20
-65.19
-65.19
-65.19
-65.19
-65.20
-65.20
-65.20
-65.21
-65.21
-65.21
-65.21
-65.20
-65.20
-65.20
-65.20
-65.20
-65.20
-65.20
-65.20
-65.20
-65.21
-65.21
-65.21
-65.21
-65.22
-65.21
-65.21
-65.21
-65.21
-65.21
-65.21
-65.21
-65.21
-65.21
-65.21
-65.21
-65.22
-65.22
-65.21
-65.22
-65.22
-65.22
-65.22
-65.22
-65.22
-65.22
-65.22
-65.23
-65.23
-65.23
-65.23
-65.22
-65.23
-65.23
-65.22
-65.22
-65.22
-65.22
-65.22
-65.22
-65.22
-65.22
-65.23
-65.23
-65.22
-65.22
-65.21
-65.21
-65.22
-65.22
-65.22
-65.22
-65.22
-65.22
-65.22
-65.22
-65.22
-65.21
-65.21
-65.21
-65.22
-65.22
-65.23
-65.23
-65.22
-65.22
-65.22
-65.22
-65.22
-65.21
-65.21
-65.21
-65.21
-65.21
-65.21
-65.20
-65.19
-65.20
-65.20
-65.21
-65.21
-65.21
-65.21
-65.21
-65.21
-65.21
-65.21
-65.21
-65.21
-65.21
-65.20
-65.18
-65.19
-65.20
-65.21
-65.21
-65.21
-65.21
-65.21
-65.21
-65.22
-65.21
-65.21
-65.20
-65.20
-65.21
-65.22
-65.21
-65.22
-65.21
-65.21
-65.21
-65.21
-65.21
-65.21
-65.21
-65.21
-65.21
-65.22
