Frequency: 1.000000
Sample Rate: 2000000.000000
Vector Length: 1
Notes: 
-379.30
-78.90
-76.99
-75.65
-74.71
-73.99
-73.28
-72.72
-72.23
-71.75
-71.30
-70.94
-70.61
-70.25
-69.98
-69.71
-69.40
-69.16
-68.96
-68.71
-68.52
-68.33
-68.14
-67.96
-67.81
-67.65
-67.50
-67.35
-67.19
-67.06
-66.94
-66.80
-66.67
-66.54
-66.42
-66.30
-66.19
-66.08
-65.97
-65.86
-65.74
-65.64
-65.54
-65.45
-65.36
-65.27
-65.18
-65.15
-65.17
-65.17
-65.16
-65.17
-65.17
-65.17
-65.17
-65.17
-65.17
-65.16
-65.16
-65.16
-65.16
-65.16
-65.17
-65.17
-65.17
-65.18
-65.17
-65.17
-65.17
-65.17
-65.17
-65.18
-65.17
-65.16
-65.16
-65.16
-65.17
-65.17
-65.16
-65.17
-65.17
-65.18
-65.18
-65.17
-65.17
-65.16
-65.16
-65.16
-65.17
-65.17
-65.17
-65.17
-65.16
-65.16
-65.16
-65.16
-65.16
-65.16
-65.16
-65.16
-65.17
-65.16
-65.15
-65.16
-65.16
-65.15
-65.16
-65.16
-65.16
-65.16
-65.17
-65.17
-65.17
-65.17
-65.17
-65.17
-65.16
-65.16
-65.16
-65.15
-65.16
-65.16
-65.16
-65.16
-65.16
-65.16
-65.16
-65.16
-65.16
-65.15
-65.16
-65.16
-65.16
-65.17
-65.17
-65.17
-65.17
-65.17
-65.16
-65.16
-65.16
-65.17
-65.16
-65.16
-65.16
-65.16
-65.15
-65.15
-65.16
-65.16
-65.17
-65.17
-65.17
-65.17
-65.17
-65.16
-65.16
-65.15
-65.15
-65.15
-65.15
-65.15
-65.15
-65.15
-65.15
-65.15
-65.16
-65.16
-65.16
-65.17
-65.17
-65.16
-65.16
-65.15
-65.15
-65.15
-65.15
-65.15
-65.15
-65.15
-65.15
-65.15
-65.14
-65.14
-65.14
-65.14
-65.15
-65.16
-65.14
-65.14
-65.14
-65.15
-65.14
-65.15
-65.16
-65.16
-65.15
-65.15
-65.14
-65.14
-65.14
-65.14
-65.14
-65.14
-65.14
-65.15
-65.14
-65.15
-65.14
-65.15
-65.14
-65.14
-65.14
-65.14
-65.14
-65.14
-65.13
-65.13
-65.13
-65.14
-65.14
-65.14
-65.15
-65.14
-65.14
-65.15
-65.16
-65.16
-65.16
-65.16
-65.15
-65.16
-65.16
-65.16
-65.17
-65.16
-65.15
-65.16
-65.17
-65.17
-65.18
-65.17
-65.16
-65.16
-65.17
-65.18
-65.18
-65.17
-65.18
-65.17
-65.17
-65.17
-65.16
-65.17
-65.17
-65.18
-65.17
-65.17
-65.17
-65.17
-65.18
-65.18
-65.18
-65.19
-65.19
-65.19
-65.19
-65.18
-65.18
-65.18
-65.17
-65.17
-65.18
-65.18
-65.16
-65.16
-65.16
-65.16
-65.16
-65.16
-65.16
-65.17
-65.16
-65.16
-65.17
-65.17
-65.16
-65.16
-65.16
-65.16
-65.16
-65.16
-65.15
-65.15
-65.14
-65.15
-65.15
-65.16
-65.16
-65.15
-65.15
-65.16
-65.15
-65.15
-65.15
-65.14
-65.14
-65.13
-65.15
-65.15
-65.15
-65.15
-65.14
-65.14
-65.13
-65.14
-65.14
-65.15
-65.15
-65.15
-65.15
-65.14
-65.14
-65.15
-65.15
-65.15
-65.15
-65.15
-65.15
-65.15
-65.15
-65.15
-65.15
-65.15
-65.15
-65.16
-65.15
-65.16
-65.15
-65.15
-65.15
-65.15
-65.16
-65.15
-65.15
-65.15
-65.14
-65.15
-65.15
-65.16
-65.15
-65.16
-65.16
-65.16
-65.16
-65.16
-65.15
-65.14
-65.15
-65.14
-65.14
-65.15
-65.16
-65.16
-65.15
-65.15
-65.15
-65.14
-65.15
-65.15
-65.15
-65.15
-65.15
-65.15
-65.14
-65.14
-65.15
-65.15
-65.15
-65.15
-65.15
-65.14
-65.14
-65.14
-65.14
-65.14
-65.13
-65.14
-65.15
-65.15
-65.14
-65.14
-65.14
-65.13
-65.14
-65.14
-65.15
-65.14
-65.14
-65.14
-65.14
-65.14
-65.14
-65.14
-65.15
-65.16
-65.16
-65.16
-65.16
-65.16
-65.16
-65.15
-65.15
-65.16
-65.16
-65.15
-65.15
-65.15
-65.15
-65.15
-65.15
-65.15
-65.16
-65.16
-65.16
-65.16
-65.15
-65.15
-65.15
-65.15
-65.15
-65.15
-65.15
-65.16
-65.15
-65.15
-65.15
-65.14
-65.14
-65.14
-65.15
-65.15
-65.15
-65.15
-65.16
-65.15
-65.14
-65.15
-65.15
-65.16
-65.15
-65.16
-65.16
-65.15
-65.16
-65.16
-65.15
-65.14
-65.15
-65.15
-65.16
-65.16
-65.16
-65.15
-65.16
-65.16
-65.16
-65.16
-65.15
-65.15
-65.15
-65.15
-65.16
-65.16
-65.16
-65.16
-65.15
-65.15
-65.15
-65.16
-65.15
-65.15
-65.15
-65.15
