Frequency: 1.000000
Sample Rate: 1000000.000000
Vector Length: 1
Notes: 
-379.30
-93.87
-93.59
-93.34
-99.49
-99.22
-88.34
-87.78
-87.79
-86.97
-91.81
-93.42
-93.40
-100.03
-99.81
-99.77
-95.01
-95.00
-91.54
-91.54
-92.49
-93.10
-99.61
-99.49
-99.46
-94.85
-94.89
-91.54
-91.56
-87.40
-87.40
-88.43
-88.42
-99.89
-95.16
-95.24
-91.57
-91.57
-93.06
-93.04
-99.54
-99.59
-99.63
-94.92
-95.09
-91.81
-91.79
-93.48
-93.42
-99.83
-99.73
-94.94
-87.67
-87.68
-86.82
-86.82
-93.23
-93.17
-99.79
-99.79
-94.94
-95.02
-91.81
-91.82
-93.55
-93.55
-99.75
-99.72
-94.85
-94.81
-94.88
-91.65
-91.65
-93.36
-87.34
-87.32
-88.26
-87.68
-87.68
-95.07
-93.36
-91.74
-93.41
-93.43
-93.37
-99.59
-95.14
-95.12
-95.30
-95.27
-91.93
-93.44
-93.39
-98.83
-99.26
-95.23
-95.32
-87.90
-87.07
-87.49
-87.49
-93.54
-99.97
-100.04
-95.02
-94.97
-92.44
-91.81
-93.50
-93.50
-93.49
-88.43
-88.43
-87.87
-87.87
-92.02
-92.01
-93.65
-93.67
-99.72
-99.80
-99.76
-94.97
-91.69
-91.69
-91.71
-93.35
-100.11
-99.86
-99.68
-95.30
-95.28
-91.78
-87.67
-88.17
-88.16
-89.39
-99.28
-99.39
-95.22
-95.21
-91.62
-91.61
-93.02
-93.01
-99.68
-99.79
-99.66
-95.24
-91.72
-91.78
-91.80
-93.28
-100.02
-100.02
-89.14
-89.14
-88.41
-87.43
-87.44
-91.60
-92.87
-99.38
-99.65
-99.41
-99.68
-95.42
-91.71
-91.74
-91.71
-91.72
-99.81
-99.80
-99.83
-99.77
-91.86
-91.90
-91.89
-87.24
-88.08
-88.69
-88.69
-88.70
-99.47
-91.71
-91.68
-91.64
-91.67
-94.10
-99.38
-99.41
-99.65
-99.60
-93.25
-91.66
-91.66
-91.64
-95.10
-99.76
-99.84
-99.93
-86.26
-85.28
-85.27
-85.27
-91.51
-99.95
-99.55
-99.55
-99.60
-95.07
-91.66
-91.66
-91.63
-91.64
-99.67
-99.62
-99.83
-99.88
-95.22
-95.23
-95.19
-95.17
-99.27
-88.13
-88.14
-88.14
-88.13
-91.50
-91.49
-91.51
-91.50
-99.46
-99.56
-99.52
-99.60
-95.20
-91.48
-91.48
-91.47
-91.48
-99.75
-99.87
-99.98
-100.06
-95.30
-87.04
-87.04
-87.04
-87.49
-88.52
-99.67
-99.74
-99.81
-91.67
-91.66
-91.64
-91.65
-99.99
-99.81
-99.71
-99.85
-95.37
-91.83
-91.87
-91.84
-93.28
-93.19
-99.32
-88.22
-87.71
-87.74
-86.86
-91.76
-91.76
-93.22
-99.65
-99.52
-99.54
-95.08
-91.75
-91.76
-91.77
-91.75
-93.35
-99.64
-99.53
-99.42
-95.00
-91.86
-91.88
-91.87
-87.18
-88.04
-88.03
-88.02
-99.57
-94.99
-91.89
-91.93
-91.91
-93.64
-99.73
-99.73
-99.72
-99.78
-94.97
-91.80
-91.79
-91.81
-93.54
-99.66
-99.75
-99.60
-87.24
-87.25
-86.49
-86.49
-86.89
-93.30
-99.56
-99.57
-99.52
-94.93
-91.60
-91.62
-91.61
-93.22
-93.12
-99.47
-99.45
-99.53
-94.97
-91.45
-91.44
-91.43
-92.93
-87.55
-88.70
-88.71
-88.71
-94.86
-91.42
-91.33
-91.32
-92.89
-92.84
-99.78
-99.77
-94.84
-94.92
-93.72
-91.46
-91.45
-93.07
-93.03
-99.71
-99.62
-94.70
-94.76
-88.00
-88.01
-88.69
-88.68
-92.70
-99.65
-99.63
-95.02
-95.18
-91.43
-91.40
-92.89
-92.87
-99.77
-99.87
-99.81
-94.70
-91.24
-91.25
-91.25
-92.85
-92.83
-96.98
-89.05
-89.05
-88.33
-87.22
-91.19
-91.22
-92.76
-99.71
-99.65
-99.61
-94.88
-94.83
-91.37
-91.38
-91.37
-92.93
-99.70
-99.84
-99.73
-94.55
-94.58
-91.09
-87.18
-87.77
-87.78
-89.05
-99.79
-99.89
-95.06
-91.43
-91.40
-91.34
-92.81
-99.52
-99.43
-99.66
-99.89
-94.95
