Frequency: 1.000000
Sample Rate: 1000000.000000
Vector Length: 1
Notes: 
-379.30
-106.61
-103.81
-102.31
-101.28
-101.23
-101.20
-101.07
-101.18
-101.06
-100.95
-101.11
-101.11
-101.18
-101.35
-101.38
-101.24
-101.34
-101.25
-101.29
-101.29
-101.02
-100.97
-101.06
-101.11
-101.39
-101.42
-101.17
-101.21
-101.09
-101.07
-101.07
-100.90
-100.84
-100.78
-100.78
-100.87
-100.92
-101.02
-101.21
-101.26
-101.25
-101.19
-101.06
-100.89
-101.02
-101.07
-101.14
-101.16
-101.20
-101.21
-101.09
-101.13
-100.76
-100.76
-100.65
-100.68
-100.88
-100.91
-101.10
-101.09
-101.31
-101.41
-101.35
-101.30
-101.22
-101.09
-101.15
-101.13
-101.20
-100.84
-100.71
-100.79
-100.87
-101.06
-101.32
-101.41
-101.37
-101.31
-101.33
-101.27
-101.29
-101.16
-101.16
-101.14
-101.03
-101.00
-101.05
-100.99
-101.13
-101.09
-100.84
-100.91
-100.91
-100.82
-101.29
-101.20
-101.18
-101.23
-101.13
-101.34
-101.31
-101.21
-101.11
-100.94
-100.86
-101.02
-101.14
-101.24
-101.35
-101.25
-101.15
-101.24
-101.23
-101.19
-101.27
-100.97
-100.92
-101.01
-101.01
-101.01
-101.10
-101.03
-101.16
-101.21
-101.16
-101.09
-101.07
-101.24
-101.19
-101.05
-101.14
-101.09
-101.21
-101.26
-101.16
-101.10
-101.12
-101.13
-101.07
-101.16
-101.02
-101.01
-101.11
-101.11
-101.01
-100.96
-100.98
-101.11
-101.10
-101.07
-100.90
-100.93
-100.90
-100.77
-100.84
-100.90
-100.95
-101.17
-101.40
-101.30
-101.30
-101.11
-101.09
-101.23
-101.14
-101.25
-101.20
-101.06
-101.23
-101.10
-100.97
-101.07
-101.03
-101.10
-101.25
-101.21
-101.24
-101.23
-101.18
-101.08
-101.03
-101.03
-101.14
-101.16
-101.15
-101.13
-101.23
-101.25
-101.30
-101.26
-101.02
-100.94
-100.79
-100.79
-100.80
-100.85
-100.74
-100.79
-100.89
-100.93
-101.09
-101.24
-101.18
-100.94
-101.01
-101.03
-101.02
-101.29
-101.25
-100.95
-100.97
-100.84
-100.83
-101.04
-100.99
-101.03
-101.22
-101.17
-101.29
-101.34
-100.89
-101.00
-101.09
-101.12
-101.17
-101.24
-101.23
-101.19
-101.17
-101.11
-101.07
-100.97
-100.97
-101.03
-101.14
-101.17
-101.33
-101.19
-101.02
-100.92
-100.86
-100.78
-100.94
-101.01
-101.06
-101.13
-101.28
-101.10
-101.24
-101.23
-101.26
-101.35
-101.32
-101.27
-101.22
-101.08
-100.89
-101.04
-100.94
-101.03
-101.15
-101.43
-101.45
-101.53
-101.51
-101.41
-101.27
-101.28
-101.14
-101.31
-101.27
-101.34
-101.34
-101.16
-101.18
-101.10
-101.03
-101.07
-100.91
-100.89
-100.96
-101.10
-101.23
-101.40
-101.38
-101.14
-101.13
-100.96
-100.93
-101.02
-101.11
-101.13
-101.14
-101.14
-101.08
-101.05
-101.06
-101.17
-101.09
-101.06
-101.04
-101.23
-101.43
-101.37
-101.35
-101.24
-101.33
-101.22
-101.30
-101.23
-101.09
-101.17
-101.19
-101.25
-101.31
-101.11
-101.18
-101.28
-101.33
-101.24
-101.24
-101.20
-101.16
-101.04
-100.93
-100.92
-100.92
-100.97
-100.99
-101.10
-100.95
-101.11
-101.25
-101.12
-101.18
-101.15
-101.15
-101.04
-101.03
-101.05
-100.93
-101.04
-101.06
-101.06
-101.09
-100.86
-100.81
-100.96
-100.95
-101.34
-101.26
-101.33
-101.32
-101.10
-101.19
-101.05
-101.06
-101.04
-100.89
-100.91
-100.94
-100.98
-100.99
-101.10
-101.01
-101.04
-101.15
-101.22
-101.04
-100.90
-100.95
-100.89
-101.06
-101.19
-101.27
-101.32
-101.21
-101.25
-101.41
-101.20
-101.25
-101.23
-101.10
-101.09
-101.04
-100.99
-100.84
-100.92
-100.87
-100.84
-100.88
-100.92
-101.08
-101.10
-101.18
-101.09
-101.12
-101.25
-101.23
-101.38
-101.47
-101.30
-101.31
-101.20
-101.31
-101.24
-101.21
-101.16
-101.11
-101.05
-101.05
-101.03
-100.92
-101.02
-100.99
-101.07
-101.06
-101.20
-101.22
-101.18
-101.25
