Frequency: 1.000000
Sample Rate: 1000000.000000
Vector Length: 1
Notes: 
-379.30
-105.42
-103.17
-101.05
-100.68
-100.82
-100.79
-101.02
-101.20
-101.16
-101.19
-101.29
-101.08
-100.96
-101.04
-101.12
-101.04
-101.07
-101.02
-101.17
-101.27
-101.53
-101.59
-101.58
-101.29
-101.32
-101.25
-101.38
-101.41
-101.29
-101.07
-100.97
-101.10
-101.21
-101.52
-101.55
-101.42
-101.15
-100.96
-101.00
-101.04
-101.21
-101.31
-101.35
-101.49
-101.35
-101.45
-101.63
-101.39
-101.53
-101.25
-101.01
-100.97
-100.87
-101.09
-101.29
-101.44
-101.23
-101.08
-101.03
-101.02
-101.14
-101.42
-101.41
-101.44
-101.33
-101.23
-101.33
-101.29
-101.47
-101.40
-101.28
-101.05
-100.99
-101.15
-101.13
-101.49
-101.45
-101.42
-101.41
-101.23
-101.37
-101.40
-101.25
-101.27
-101.05
-101.00
-100.88
-100.96
-100.99
-101.10
-101.15
-101.18
-101.12
-101.31
-101.27
-101.12
-100.97
-100.84
-100.88
-100.96
-101.16
-101.10
-100.91
-100.80
-100.70
-100.97
-101.03
-101.06
-101.17
-101.03
-101.22
-101.15
-101.23
-101.20
-101.26
-101.29
-101.34
-101.30
-101.23
-101.24
-101.22
-101.41
-101.30
-101.32
-101.27
-101.15
-101.14
-101.02
-101.19
-101.21
-101.10
-101.08
-101.13
-101.08
-101.12
-101.12
-101.20
-101.14
-101.24
-101.39
-101.16
-101.22
-101.13
-101.18
-101.23
-101.39
-101.31
-101.15
-101.17
-101.08
-101.10
-101.16
-101.04
-101.08
-101.30
-101.09
-101.27
-101.28
-101.14
-101.35
-101.23
-101.34
-101.12
-101.08
-101.17
-101.08
-101.22
-101.13
-101.14
-101.10
-101.02
-101.05
-100.93
-100.92
-101.01
-101.05
-100.98
-100.99
-101.15
-101.28
-101.32
-101.41
-101.32
-101.41
-101.36
-101.33
-101.18
-101.19
-101.20
-101.03
-101.15
-101.04
-101.02
-101.24
-101.21
-101.18
-101.14
-101.09
-101.26
-101.24
-101.22
-101.29
-101.12
-101.03
-101.19
-101.16
-101.03
-101.11
-101.00
-100.94
-101.01
-101.06
-100.94
-101.07
-101.07
-101.10
-101.32
-101.06
-101.11
-101.09
-101.09
-101.09
-101.26
-101.26
-101.16
-101.01
-101.07
-101.02
-101.16
-101.53
-101.44
-101.63
-101.50
-101.24
-101.24
-101.05
-101.00
-101.16
-101.25
-101.20
-101.25
-101.38
-101.18
-101.20
-101.24
-101.26
-101.30
-101.30
-101.20
-101.23
-101.11
-101.06
-101.14
-101.02
-100.89
-101.04
-101.24
-101.19
-101.30
-101.30
-101.30
-101.44
-101.46
-101.43
-101.21
-101.09
-100.98
-101.13
-101.20
-101.05
-101.11
-101.13
-101.20
-101.49
-101.46
-101.41
-101.48
-101.29
-101.31
-101.44
-101.22
-101.22
-101.20
-101.11
-101.19
-101.14
-101.08
-100.94
-100.96
-101.09
-101.34
-101.45
-101.32
-101.38
-101.06
-100.98
-101.05
-101.17
-101.24
-101.27
-101.26
-101.21
-101.19
-101.04
-101.11
-100.96
-101.04
-101.19
-101.27
-101.25
-101.13
-101.04
-101.13
-100.94
-101.01
-101.22
-101.19
-101.19
-101.15
-101.09
-100.82
-100.90
-100.90
-101.09
-101.21
-101.31
-101.47
-101.26
-101.11
-100.95
-100.83
-100.87
-100.95
-101.20
-100.99
-101.01
-101.06
-100.86
-101.03
-101.15
-101.06
-101.17
-101.26
-101.17
-101.22
-101.21
-101.09
-101.15
-101.16
-101.22
-101.23
-101.07
-101.13
-101.10
-100.94
-101.02
-101.17
-100.96
-100.87
-100.88
-101.07
-101.15
-101.33
-101.35
-101.24
-101.32
-101.20
-101.15
-101.19
-100.99
-101.06
-100.98
-100.65
-100.72
-100.60
-100.68
-100.91
-100.78
-101.03
-101.02
-101.16
-101.30
-101.31
-101.37
-101.33
-101.43
-101.44
-101.33
-101.30
-101.28
-101.20
-101.22
-101.01
-100.95
-101.08
-101.30
-101.32
-101.29
-101.27
-101.25
-101.19
-101.44
-101.28
-101.27
-101.24
-101.19
-101.31
-101.50
-101.38
-101.36
-101.26
-101.16
-101.12
-101.08
-101.24
-101.26
-101.09
-101.22
-101.01
