Frequency: 1.000000
Sample Rate: 1000000.000000
Vector Length: 1
Notes: 
-379.30
-106.48
-103.73
-102.09
-101.03
-100.98
-101.02
-100.99
-101.10
-101.15
-101.02
-101.33
-101.31
-101.05
-101.18
-101.12
-100.87
-100.90
-100.83
-100.84
-101.08
-101.23
-101.14
-101.14
-100.98
-100.86
-101.10
-101.15
-101.25
-100.96
-100.93
-100.70
-100.82
-100.75
-100.88
-100.80
-100.76
-101.00
-101.00
-101.17
-101.00
-100.88
-100.84
-101.05
-101.13
-101.28
-101.33
-100.88
-100.84
-100.90
-100.73
-100.88
-100.96
-100.96
-101.13
-101.06
-101.10
-101.10
-100.97
-101.02
-101.06
-101.12
-101.23
-101.25
-101.10
-100.96
-100.88
-100.74
-101.00
-101.16
-101.14
-101.33
-101.16
-101.10
-101.17
-100.77
-100.73
-100.64
-100.77
-100.71
-100.90
-101.17
-101.23
-101.32
-101.13
-100.84
-100.83
-100.75
-101.17
-101.15
-101.01
-101.07
-100.81
-100.84
-100.84
-100.80
-100.97
-100.99
-100.98
-101.00
-101.08
-100.93
-100.86
-100.89
-101.04
-101.12
-101.23
-101.17
-100.93
-100.94
-100.82
-101.07
-101.04
-101.04
-101.12
-100.85
-100.77
-100.71
-100.78
-101.08
-101.05
-100.90
-100.92
-100.76
-100.85
-100.88
-100.98
-100.85
-100.87
-101.09
-100.96
-101.08
-100.84
-100.66
-100.65
-100.64
-100.69
-100.57
-100.63
-100.75
-100.89
-100.94
-101.07
-100.94
-100.85
-100.88
-100.78
-100.82
-101.05
-101.07
-101.27
-101.21
-100.95
-100.96
-100.96
-101.07
-100.94
-101.15
-101.12
-101.06
-101.23
-100.98
-100.99
-101.06
-101.08
-101.42
-101.23
-101.19
-101.24
-100.93
-100.84
-100.98
-100.74
-100.79
-100.84
-100.80
-100.86
-100.88
-100.63
-100.67
-100.63
-100.66
-101.08
-101.03
-101.19
-101.24
-101.27
-101.19
-101.23
-101.04
-100.86
-101.11
-100.98
-101.05
-101.06
-100.46
-100.55
-99.89
-99.42
-99.39
-99.33
-99.50
-99.54
-100.18
-100.16
-100.37
-100.52
-100.37
-100.50
-100.37
-100.50
-100.32
-99.99
-100.19
-100.39
-100.46
-100.72
-100.71
-100.85
-101.03
-100.95
-101.04
-100.89
-100.90
-101.05
-101.17
-100.96
-100.97
-100.88
-100.63
-100.64
-100.49
-100.50
-100.82
-100.89
-100.69
-100.80
-100.73
-100.85
-101.16
-101.13
-101.07
-101.16
-100.85
-100.80
-100.90
-100.84
-100.86
-100.92
-100.95
-101.01
-101.04
-100.95
-100.94
-100.93
-100.91
-101.03
-100.97
-100.97
-101.08
-101.12
-100.33
-100.25
-100.21
-99.85
-100.26
-100.51
-100.47
-100.66
-100.73
-100.76
-100.70
-100.63
-100.80
-100.76
-100.89
-100.94
-100.99
-101.14
-101.00
-100.88
-100.93
-100.87
-100.92
-101.13
-101.00
-100.94
-101.04
-100.86
-101.02
-100.82
-100.86
-100.98
-101.08
-101.27
-101.14
-101.09
-101.10
-100.79
-100.84
-100.85
-100.78
-101.07
-101.13
-101.12
-101.05
-101.10
-100.91
-100.91
-100.96
-100.89
-101.16
-101.10
-101.18
-101.22
-101.08
-101.08
-101.04
-101.01
-100.92
-101.06
-101.13
-101.21
-101.22
-100.92
-100.72
-100.70
-100.70
-101.00
-101.14
-101.22
-101.07
-101.03
-101.06
-101.01
-101.14
-101.11
-101.03
-100.75
-100.80
-100.88
-100.88
-101.05
-101.05
-100.91
-101.05
-100.96
-101.15
-101.09
-101.12
-100.93
-100.90
-101.06
-101.14
-101.31
-101.33
-101.34
-101.29
-100.91
-101.10
-101.12
-100.85
-101.18
-101.15
-100.99
-100.92
-100.84
-100.68
-100.82
-100.94
-101.05
-101.16
-101.24
-101.25
-101.16
-100.86
-100.66
-100.69
-100.62
-100.61
-100.80
-100.76
-100.80
-101.01
-100.85
-100.86
-101.01
-100.99
-101.08
-101.12
-101.07
-100.97
-100.94
-100.90
-100.91
-101.02
-100.91
-100.87
-100.90
-100.75
-100.82
-100.78
-100.95
-100.96
-100.83
-101.01
-101.07
-100.99
-101.00
-101.10
-101.01
-100.99
-101.06
-100.87
-100.97
-100.77
-100.80
-100.91
-100.87
-101.12
-101.16
