Frequency: 1.000000
Sample Rate: 1000000.000000
Vector Length: 1
Notes: 
-379.30
-106.89
-104.22
-102.39
-101.47
-101.08
-100.91
-100.32
-100.19
-100.17
-100.10
-100.79
-100.68
-100.79
-100.70
-100.08
-100.11
-100.11
-100.19
-101.04
-101.17
-101.03
-101.11
-101.04
-100.32
-100.54
-100.55
-100.53
-101.00
-100.87
-100.76
-100.88
-100.43
-100.66
-100.77
-100.89
-101.50
-101.24
-101.23
-101.07
-100.87
-100.46
-100.49
-100.25
-100.12
-100.90
-100.90
-101.05
-101.13
-100.50
-100.45
-100.42
-100.52
-100.98
-100.99
-101.07
-101.14
-101.17
-100.43
-100.48
-100.34
-100.33
-101.15
-101.08
-101.16
-101.04
-100.10
-100.02
-100.00
-100.09
-100.75
-101.26
-101.18
-101.15
-101.06
-100.45
-100.50
-100.61
-100.64
-101.22
-101.26
-101.18
-101.18
-100.37
-100.34
-100.32
-100.18
-100.09
-100.81
-100.78
-100.85
-100.96
-100.17
-100.18
-100.11
-100.16
-100.96
-101.07
-101.11
-101.20
-100.34
-100.44
-100.27
-100.27
-100.50
-100.60
-100.70
-100.81
-100.97
-100.56
-100.64
-100.49
-100.30
-100.67
-100.55
-100.75
-100.98
-100.58
-100.60
-100.42
-100.45
-100.54
-101.05
-101.01
-100.94
-100.75
-100.25
-100.28
-100.31
-100.55
-101.27
-101.24
-101.29
-101.26
-101.02
-100.47
-100.67
-100.47
-100.43
-101.01
-100.92
-100.87
-100.93
-100.17
-100.27
-100.21
-100.30
-101.21
-101.25
-101.56
-101.47
-101.39
-100.47
-100.33
-100.28
-100.11
-100.76
-100.85
-100.90
-101.04
-100.30
-100.30
-100.39
-99.81
-99.90
-100.35
-100.24
-100.66
-101.29
-100.54
-100.50
-100.40
-100.23
-100.74
-100.78
-100.89
-100.94
-100.34
-100.25
-100.25
-100.13
-100.14
-100.69
-100.71
-100.78
-100.84
-100.36
-100.35
-100.37
-100.37
-101.07
-101.05
-101.11
-101.21
-101.10
-100.50
-100.41
-100.41
-100.45
-101.05
-100.97
-101.03
-101.22
-100.47
-100.31
-100.21
-100.18
-100.80
-101.16
-101.23
-101.41
-101.38
-100.34
-100.29
-100.30
-100.28
-101.13
-101.01
-100.81
-100.78
-100.10
-100.21
-100.32
-100.36
-100.35
-101.05
-100.90
-100.84
-100.86
-100.11
-100.19
-100.35
-100.31
-101.25
-101.28
-101.07
-101.03
-100.80
-99.88
-100.00
-99.98
-100.18
-101.19
-101.18
-101.26
-101.17
-100.54
-100.66
-100.68
-100.55
-101.05
-101.16
-101.20
-101.19
-101.15
-100.10
-99.95
-99.90
-99.82
-100.76
-100.82
-101.16
-101.22
-100.46
-100.42
-100.28
-100.24
-100.36
-100.85
-100.92
-101.01
-101.09
-100.34
-100.32
-100.23
-100.27
-101.06
-101.08
-101.21
-101.05
-100.82
-99.99
-99.93
-99.90
-99.78
-100.86
-101.10
-101.05
-101.19
-100.53
-100.46
-100.68
-100.51
-101.09
-101.02
-100.82
-100.99
-100.95
-100.19
-100.28
-100.29
-100.31
-101.08
-100.95
-100.78
-100.66
-100.07
-100.21
-100.26
-100.41
-101.31
-101.25
-101.36
-101.39
-101.11
-100.11
-100.09
-100.18
-100.12
-101.22
-101.06
-100.91
-100.86
-99.96
-99.91
-100.05
-100.17
-100.50
-101.31
-101.23
-101.01
-101.08
-100.36
-100.24
-100.34
-100.25
-100.85
-100.81
-100.89
-100.84
-100.94
-100.26
-100.19
-100.17
-100.15
-100.73
-100.92
-100.92
-100.90
-100.37
-100.45
-100.39
-100.51
-101.14
-101.15
-101.01
-101.09
-101.14
-100.12
-100.10
-100.02
-100.05
-101.09
-101.29
-101.42
-101.44
-100.75
-100.79
-100.67
-100.60
-100.72
-101.18
-101.22
-101.24
-101.36
-100.69
-100.67
-100.56
-100.57
-101.16
-101.16
-101.11
-101.00
-100.64
-100.45
-100.45
-100.53
-100.51
-100.93
-100.92
-100.94
-100.93
-100.38
-100.33
-100.48
-100.57
-101.10
-101.30
-101.18
-100.98
-100.82
-100.14
-100.06
-100.12
-100.18
-101.02
-101.00
-101.11
-101.07
-100.35
-100.29
-100.39
-100.43
-101.09
-101.27
-101.16
-101.24
-101.32
-100.59
-100.60
