Frequency: 1.000000
Sample Rate: 1000000.000000
Vector Length: 1
Notes: 
-379.30
-106.55
-104.06
-102.46
-100.30
-100.25
-100.19
-98.90
-98.64
-98.03
-97.39
-97.83
-98.25
-99.07
-99.98
-99.98
-99.93
-100.97
-100.99
-100.93
-101.04
-100.54
-100.04
-100.06
-100.19
-100.09
-101.27
-101.30
-101.11
-101.05
-100.30
-100.21
-100.32
-100.29
-100.91
-101.00
-100.91
-101.00
-101.13
-100.42
-100.35
-100.44
-100.41
-101.12
-101.39
-101.30
-101.32
-100.98
-100.78
-100.71
-100.64
-100.96
-100.97
-101.11
-101.32
-100.63
-100.26
-100.12
-100.00
-100.07
-101.00
-101.04
-101.12
-101.13
-100.18
-100.22
-100.21
-100.15
-101.06
-101.11
-101.09
-101.06
-101.18
-99.94
-99.75
-99.67
-99.71
-100.97
-101.02
-101.20
-101.13
-100.31
-100.33
-100.29
-100.40
-101.12
-101.16
-101.16
-101.11
-101.22
-100.36
-100.18
-100.07
-99.85
-100.71
-100.58
-100.71
-100.93
-100.02
-100.11
-100.23
-99.98
-100.85
-100.98
-101.05
-101.19
-101.33
-100.08
-100.16
-100.02
-99.85
-100.89
-100.71
-100.74
-100.93
-99.98
-100.04
-100.13
-100.05
-101.25
-101.22
-101.37
-101.47
-101.23
-100.31
-100.34
-100.10
-100.16
-100.90
-100.81
-100.99
-101.09
-100.05
-100.00
-99.95
-99.79
-100.11
-101.08
-101.28
-101.30
-101.17
-100.14
-99.75
-99.77
-99.72
-100.63
-100.66
-100.68
-100.79
-100.60
-100.15
-100.21
-100.17
-100.06
-100.97
-101.09
-101.11
-101.12
-100.20
-100.19
-100.14
-100.09
-100.93
-100.93
-100.96
-101.07
-101.08
-100.01
-99.95
-100.00
-100.03
-100.93
-101.08
-101.08
-101.14
-100.11
-99.94
-99.84
-99.76
-100.25
-100.41
-100.51
-100.49
-100.64
-99.76
-99.88
-99.98
-100.04
-101.19
-101.02
-100.95
-100.94
-100.58
-100.57
-100.57
-100.45
-100.42
-100.89
-101.08
-101.27
-101.38
-100.43
-100.24
-100.15
-100.06
-101.01
-101.01
-100.94
-101.14
-101.03
-100.19
-100.13
-100.01
-100.07
-100.90
-100.95
-101.11
-101.20
-100.19
-100.34
-100.29
-100.18
-101.01
-100.95
-100.93
-101.00
-101.04
-100.29
-100.14
-100.10
-99.88
-100.74
-100.91
-101.01
-101.12
-100.26
-100.07
-100.15
-100.33
-100.64
-101.45
-101.45
-101.38
-101.48
-100.18
-100.15
-100.02
-99.93
-101.01
-101.02
-100.98
-100.92
-100.52
-100.17
-100.10
-100.28
-100.34
-101.22
-101.25
-101.21
-101.20
-100.03
-99.87
-99.89
-99.88
-100.77
-100.95
-100.88
-100.80
-100.67
-99.89
-99.98
-100.02
-100.16
-100.88
-100.89
-101.00
-101.05
-99.73
-99.77
-99.72
-99.57
-100.30
-100.88
-100.97
-101.03
-101.09
-100.27
-100.21
-100.23
-100.23
-101.06
-101.25
-101.16
-101.05
-100.04
-100.02
-100.05
-100.14
-100.00
-100.84
-100.81
-100.96
-101.03
-100.01
-99.95
-99.95
-99.98
-101.09
-101.22
-101.11
-101.10
-100.65
-100.07
-99.95
-99.98
-100.00
-100.94
-101.09
-101.02
-101.11
-100.27
-100.15
-100.10
-100.13
-101.02
-101.36
-101.34
-101.26
-101.22
-100.12
-100.10
-100.12
-100.18
-101.02
-100.87
-100.91
-100.86
-99.90
-100.13
-100.10
-100.03
-100.72
-101.04
-101.08
-101.21
-101.12
-99.90
-99.90
-99.91
-100.01
-101.44
-101.39
-101.35
-101.15
-100.36
-100.11
-100.01
-100.03
-99.93
-100.63
-100.72
-100.81
-100.89
-99.93
-100.03
-99.94
-99.75
-97.97
-97.94
-97.92
-97.86
-100.80
-99.99
-99.96
-99.95
-100.01
-100.78
-100.81
-100.87
-100.92
-99.93
-99.97
-99.93
-99.91
-100.70
-100.80
-100.81
-100.88
-101.06
-100.31
-100.21
-100.23
-100.23
-100.92
-101.00
-101.11
-101.21
-100.30
-100.20
-100.27
-100.10
-100.26
-101.05
-101.11
-101.33
-101.07
-100.22
-99.67
-99.32
-99.35
-100.05
-100.06
-101.13
-101.12
-100.78
-100.07
-99.99
-100.05
-100.00
-100.93
