Frequency: 1.000000
Sample Rate: 1000000.000000
Vector Length: 1
Notes: 
-379.30
-107.31
-104.53
-102.85
-101.70
-101.45
-101.34
-100.92
-100.87
-100.85
-100.66
-100.89
-100.94
-100.97
-101.20
-101.17
-100.97
-100.86
-100.73
-100.57
-100.84
-100.76
-100.96
-101.05
-100.80
-100.84
-100.63
-100.81
-100.83
-100.87
-100.86
-100.82
-100.84
-100.57
-100.63
-100.82
-100.76
-101.02
-101.22
-101.15
-101.05
-100.59
-100.41
-100.37
-100.31
-100.42
-100.68
-100.65
-100.85
-100.85
-100.65
-100.76
-100.71
-100.69
-101.16
-101.01
-101.02
-100.97
-100.83
-100.53
-100.55
-100.55
-100.62
-100.96
-101.16
-101.24
-101.13
-100.92
-100.65
-100.54
-100.71
-101.00
-101.28
-101.45
-101.51
-101.30
-100.96
-100.89
-100.74
-100.86
-101.21
-101.07
-101.09
-101.14
-100.69
-100.73
-100.76
-100.71
-100.63
-100.95
-100.96
-100.94
-100.85
-100.55
-100.29
-100.41
-100.51
-100.98
-101.23
-101.13
-101.15
-101.02
-100.59
-100.70
-100.74
-100.82
-101.32
-101.20
-101.08
-101.10
-100.73
-100.84
-100.74
-100.81
-101.20
-101.10
-99.83
-99.80
-99.01
-98.86
-99.59
-99.55
-100.06
-100.26
-100.38
-100.51
-100.99
-100.70
-101.08
-100.88
-101.07
-101.23
-101.28
-101.04
-101.09
-101.01
-100.82
-100.90
-100.83
-100.92
-101.10
-101.03
-100.95
-101.02
-100.79
-100.71
-100.89
-100.84
-100.91
-101.07
-100.86
-100.75
-100.71
-100.31
-100.57
-100.58
-100.61
-100.98
-100.98
-101.03
-101.27
-101.48
-101.04
-101.00
-100.82
-100.76
-100.83
-100.76
-100.67
-100.49
-100.56
-100.53
-100.85
-101.16
-101.32
-101.27
-101.18
-101.10
-101.21
-100.57
-100.47
-100.42
-100.45
-100.86
-100.98
-101.08
-101.09
-100.90
-100.85
-100.93
-100.94
-101.02
-101.24
-101.38
-101.26
-101.33
-100.97
-100.83
-100.80
-100.77
-100.84
-100.76
-100.90
-100.80
-100.93
-100.72
-100.62
-100.74
-100.74
-101.19
-101.21
-101.22
-101.30
-100.79
-100.88
-100.71
-100.58
-101.03
-100.83
-100.75
-100.83
-100.88
-100.57
-100.58
-100.64
-100.56
-100.94
-101.05
-101.23
-101.22
-100.88
-100.78
-100.82
-100.91
-101.13
-101.19
-100.91
-100.95
-100.76
-100.47
-100.69
-100.73
-100.82
-101.23
-100.76
-100.81
-100.95
-100.76
-100.95
-101.16
-101.02
-101.06
-101.26
-101.22
-101.29
-101.21
-100.83
-100.82
-100.81
-100.72
-101.05
-101.24
-101.39
-101.47
-101.53
-100.89
-100.74
-100.81
-100.76
-101.20
-101.12
-100.88
-100.62
-100.41
-100.56
-100.57
-100.66
-100.99
-100.97
-101.12
-101.24
-101.28
-100.90
-100.81
-100.73
-100.62
-101.23
-101.05
-101.07
-101.03
-100.60
-100.64
-100.67
-100.62
-100.77
-101.04
-100.99
-100.97
-101.07
-100.47
-100.56
-100.56
-100.62
-101.09
-101.22
-101.19
-101.04
-100.93
-100.71
-100.71
-100.81
-100.93
-101.07
-101.07
-100.98
-100.75
-100.57
-100.63
-100.56
-100.64
-100.94
-100.97
-100.91
-100.87
-100.95
-100.47
-100.60
-100.76
-100.63
-101.10
-101.17
-101.16
-101.21
-100.93
-100.82
-100.12
-99.77
-99.90
-99.88
-100.78
-100.98
-100.89
-100.76
-100.94
-100.93
-100.79
-101.13
-100.94
-100.85
-101.02
-101.00
-101.10
-101.17
-101.11
-101.20
-101.27
-101.05
-100.89
-100.99
-100.65
-100.77
-100.91
-100.71
-101.15
-101.02
-101.04
-101.18
-100.96
-100.94
-100.74
-100.79
-100.98
-101.11
-101.10
-101.33
-101.24
-100.98
-100.91
-100.85
-100.83
-101.04
-101.21
-101.26
-101.27
-100.83
-100.91
-100.99
-101.01
-101.14
-101.52
-101.29
-101.34
-101.19
-100.80
-100.93
-101.02
-101.17
-101.32
-101.31
-101.21
-101.05
-101.01
-100.52
-100.62
-100.73
-100.71
-101.40
-101.43
-101.52
-101.51
-100.78
-100.58
-100.46
-100.54
-100.89
-100.91
-100.97
-100.92
-101.22
-100.90
-100.88
