Frequency: 1.000000
Sample Rate: 1000000.000000
Vector Length: 1
Notes: 
-379.30
-108.25
-105.94
-103.91
-102.28
-101.85
-101.39
-101.12
-101.30
-101.15
-100.99
-100.99
-100.93
-100.91
-101.06
-100.97
-100.98
-101.04
-101.10
-101.10
-101.18
-101.25
-101.05
-101.05
-100.88
-100.89
-101.14
-101.01
-101.02
-100.84
-100.78
-100.74
-100.73
-100.95
-100.99
-101.05
-101.08
-101.09
-101.03
-101.08
-101.22
-101.09
-101.11
-101.35
-101.16
-101.29
-101.17
-101.10
-101.05
-100.88
-101.08
-101.05
-101.16
-101.28
-101.22
-101.23
-101.29
-101.19
-101.18
-101.18
-101.04
-101.35
-101.23
-101.16
-101.28
-101.02
-101.08
-100.94
-100.94
-101.04
-101.12
-101.32
-101.35
-101.04
-100.97
-100.85
-100.81
-100.79
-100.81
-100.84
-100.80
-100.92
-100.96
-100.88
-100.97
-101.13
-101.21
-101.32
-101.27
-101.32
-101.23
-101.10
-100.92
-101.01
-100.92
-100.84
-100.97
-101.05
-101.18
-101.31
-101.14
-100.98
-100.78
-100.69
-100.79
-100.73
-100.84
-100.95
-100.98
-101.02
-101.05
-101.16
-101.17
-101.15
-101.24
-101.10
-100.82
-100.93
-100.84
-100.84
-100.96
-100.93
-100.90
-100.88
-100.87
-100.80
-100.82
-100.88
-101.07
-101.19
-101.11
-101.25
-101.33
-101.22
-101.41
-101.34
-101.33
-101.28
-101.19
-101.03
-101.07
-100.98
-100.89
-100.81
-100.87
-101.00
-101.09
-101.15
-101.24
-101.30
-101.34
-101.24
-101.13
-100.99
-100.95
-100.97
-101.11
-101.11
-101.15
-101.16
-101.00
-101.07
-100.88
-100.85
-100.96
-101.07
-101.30
-101.20
-101.31
-101.08
-101.07
-101.02
-100.97
-100.94
-100.95
-100.89
-101.02
-101.10
-101.13
-101.17
-101.12
-101.08
-100.93
-100.90
-101.03
-101.13
-101.24
-101.39
-101.23
-100.99
-100.91
-100.89
-100.81
-100.90
-101.17
-100.99
-100.84
-100.98
-100.94
-100.93
-101.25
-101.14
-101.17
-101.15
-101.17
-101.32
-101.07
-101.02
-101.05
-101.19
-101.16
-101.22
-101.36
-101.42
-101.26
-101.18
-101.02
-100.95
-101.08
-101.01
-100.90
-100.91
-100.90
-101.03
-101.17
-101.27
-101.23
-101.34
-101.26
-101.10
-101.19
-101.11
-101.07
-101.13
-101.04
-101.11
-101.18
-101.14
-101.35
-101.30
-101.27
-101.08
-101.16
-101.08
-101.15
-101.24
-100.96
-101.00
-100.89
-100.84
-100.83
-100.92
-101.02
-100.99
-101.09
-101.12
-100.96
-101.06
-100.84
-100.88
-100.98
-101.01
-100.95
-101.17
-101.08
-101.04
-101.09
-101.14
-101.12
-101.24
-101.43
-101.40
-101.45
-101.56
-101.40
-101.25
-101.44
-101.25
-101.18
-101.11
-101.04
-101.05
-101.06
-101.12
-101.17
-101.25
-101.27
-101.13
-100.95
-100.95
-100.95
-101.03
-101.19
-101.21
-101.16
-101.14
-101.06
-101.17
-101.14
-101.20
-101.26
-101.21
-101.06
-101.11
-101.05
-100.93
-101.05
-101.12
-101.09
-101.26
-101.36
-101.21
-101.20
-101.17
-101.02
-100.87
-100.91
-100.81
-100.96
-101.09
-101.01
-100.84
-100.84
-100.79
-100.86
-100.98
-100.94
-100.90
-101.01
-100.99
-100.98
-101.06
-101.05
-101.03
-101.01
-100.95
-100.93
-100.92
-101.04
-100.92
-100.95
-101.11
-101.11
-101.13
-101.17
-101.04
-100.95
-100.92
-101.15
-101.21
-101.07
-101.23
-101.26
-101.34
-101.33
-101.21
-101.02
-101.01
-100.99
-101.10
-101.10
-101.12
-100.98
-100.92
-100.91
-100.95
-100.95
-101.04
-101.05
-101.05
-101.27
-101.13
-101.09
-101.17
-101.11
-101.11
-101.19
-101.16
-101.24
-101.24
-101.17
-101.12
-101.01
-101.09
-101.23
-101.19
-101.21
-101.12
-101.05
-100.92
-100.92
-100.97
-100.86
-101.10
-101.18
-101.00
-101.02
-100.92
-100.88
-100.93
-101.05
-101.06
-101.05
-101.14
-101.24
-101.26
-101.18
-101.04
-100.94
-100.88
-101.00
-100.99
-100.97
-100.96
-100.80
-100.85
-100.78
-100.90
-100.89
-100.93
-101.05
