Frequency: 1.000000
Sample Rate: 1000000.000000
Vector Length: 1
Notes: 
-379.30
-37.33
-34.96
-33.39
-32.37
-32.38
-32.37
-32.36
-32.38
-32.39
-32.36
-32.39
-32.38
-32.37
-32.39
-32.39
-32.36
-32.39
-32.38
-32.36
-32.38
-32.38
-32.34
-32.38
-32.37
-32.35
-32.37
-32.37
-32.34
-32.37
-32.37
-32.35
-32.37
-32.37
-32.34
-32.37
-32.36
-32.34
-32.36
-32.37
-32.33
-32.37
-32.36
-32.34
-32.36
-32.37
-32.33
-32.37
-32.36
-32.34
-32.36
-32.37
-32.38
-32.35
-32.37
-32.39
-32.34
-32.39
-32.38
-32.35
-32.38
-32.38
-32.34
-32.38
-32.38
-32.36
-32.38
-32.39
-32.35
-32.39
-32.38
-32.36
-32.37
-32.38
-32.34
-32.38
-32.38
-32.35
-32.37
-32.37
-32.34
-32.37
-32.38
-32.35
-32.37
-32.37
-32.34
-32.37
-32.37
-32.35
-32.37
-32.37
-32.34
-32.37
-32.37
-32.35
-32.37
-32.37
-32.34
-32.36
-32.37
-32.35
-32.37
-32.37
-32.34
-32.36
-32.37
-32.36
-32.38
-32.38
-32.37
-32.40
-32.42
-32.43
-32.47
-32.49
-32.49
-32.52
-32.54
-32.53
-32.53
-32.51
-32.46
-32.43
-32.40
-32.35
-32.35
-32.33
-32.31
-32.33
-32.34
-32.32
-32.33
-32.31
-32.26
-32.24
-32.21
-32.16
-32.16
-32.15
-32.14
-32.15
-32.16
-32.15
-32.18
-32.19
-32.19
-32.21
-32.21
-32.17
-32.19
-32.18
-32.16
-32.18
-32.17
-32.14
-32.16
-32.16
-32.14
-32.17
-32.16
-32.13
-32.14
-32.14
-32.11
-32.13
-32.12
-32.09
-32.11
-32.12
-32.09
-32.11
-32.10
-32.07
-32.10
-32.10
-32.06
-32.09
-32.08
-32.06
-32.09
-32.09
-32.06
-32.09
-32.08
-32.06
-32.09
-32.09
-32.10
-32.07
-32.10
-32.11
-32.07
-32.10
-32.11
-32.08
-32.11
-32.11
-32.08
-32.11
-32.11
-32.08
-32.10
-32.12
-32.08
-32.11
-32.11
-32.08
-32.11
-32.13
-32.08
-32.12
-32.12
-32.09
-32.12
-32.13
-32.09
-32.13
-32.13
-32.10
-32.13
-32.14
-32.10
-32.14
-32.13
-32.11
-32.13
-32.15
-32.10
-32.14
-32.14
-32.11
-32.13
-32.15
-32.10
-32.14
-32.14
-32.11
-32.13
-32.14
-32.10
-32.14
-32.14
-32.11
-32.14
-32.14
-32.11
-32.15
-32.15
-32.12
-32.14
-32.15
-32.12
-32.16
-32.16
-32.13
-32.15
-32.16
-32.13
-32.17
-32.18
-32.15
-32.18
-32.18
-32.15
-32.18
-32.19
-32.16
-32.19
-32.18
-32.16
-32.19
-32.19
-32.17
-32.19
-32.19
-32.17
-32.19
-32.20
-32.18
-32.20
-32.19
-32.17
-32.19
-32.20
-32.18
-32.20
-32.20
-32.17
-32.19
-32.20
-32.18
-32.21
-32.20
-32.18
-32.20
-32.20
-32.19
-32.21
-32.21
-32.19
-32.21
-32.22
-32.21
-32.24
-32.24
-32.23
-32.24
-32.25
-32.23
-32.25
-32.25
-32.23
-32.24
-32.24
-32.22
-32.23
-32.23
-32.21
-32.22
-32.22
-32.19
-32.21
-32.20
-32.19
-32.19
-32.18
-32.15
-32.18
-32.19
-32.15
-32.18
-32.17
-32.14
-32.18
-32.18
-32.15
-32.18
-32.17
-32.14
-32.17
-32.18
-32.15
-32.18
-32.17
-32.14
-32.17
-32.18
-32.15
-32.18
-32.17
-32.18
-32.15
-32.18
-32.19
-32.16
-32.18
-32.20
-32.16
-32.20
-32.21
-32.17
-32.20
-32.21
-32.17
-32.21
-32.22
-32.18
-32.22
-32.23
-32.19
-32.23
-32.23
-32.20
-32.23
-32.24
-32.20
-32.23
-32.23
-32.20
-32.23
-32.24
-32.20
-32.23
-32.23
-32.20
-32.23
-32.23
-32.19
-32.22
-32.22
-32.19
-32.22
-32.23
-32.19
-32.22
-32.22
-32.19
-32.21
-32.22
-32.18
-32.21
-32.21
-32.18
-32.20
-32.21
-32.17
-32.21
-32.20
-32.17
-32.19
-32.21
-32.16
-32.21
-32.20
-32.18
-32.20
-32.21
-32.16
-32.20
