Frequency: 1.000000
Sample Rate: 1000000.000000
Vector Length: 1
Notes: 
-379.30
-69.05
-68.32
-67.69
-68.12
-70.09
-70.15
-70.13
-70.13
-70.16
-70.14
-70.13
-70.19
-70.18
-70.16
-70.21
-70.21
-70.17
-70.26
-70.25
-70.25
-70.34
-70.28
-70.23
-70.26
-70.20
-70.16
-70.20
-70.26
-70.25
-70.29
-70.24
-70.22
-70.22
-70.17
-70.14
-70.20
-70.17
-70.20
-70.22
-70.23
-70.25
-70.28
-70.30
-70.26
-70.25
-70.20
-70.14
-70.15
-70.17
-70.16
-70.20
-70.22
-70.22
-70.17
-70.18
-70.24
-70.17
-70.22
-70.24
-70.15
-70.20
-70.19
-70.14
-70.16
-70.13
-70.11
-70.16
-70.22
-70.15
-70.23
-70.23
-70.20
-70.30
-70.37
-70.32
-70.31
-70.28
-70.19
-70.27
-70.34
-70.27
-70.33
-70.31
-70.23
-70.29
-70.24
-70.12
-70.21
-70.17
-70.11
-70.19
-70.16
-70.13
-70.23
-70.23
-70.16
-70.20
-70.22
-70.17
-70.27
-70.29
-70.21
-70.25
-70.24
-70.18
-70.27
-70.27
-70.18
-70.28
-70.25
-70.13
-70.22
-70.19
-70.10
-70.20
-70.16
-70.09
-70.11
-70.08
-70.09
-70.15
-70.18
-70.18
-70.24
-70.23
-70.16
-70.17
-70.16
-70.11
-70.17
-70.14
-70.10
-70.15
-70.14
-70.11
-70.21
-70.17
-70.17
-70.24
-70.25
-70.25
-70.32
-70.28
-70.22
-70.23
-70.22
-70.19
-70.31
-70.30
-70.23
-70.29
-70.23
-70.19
-70.30
-70.28
-70.27
-70.32
-70.29
-70.20
-70.24
-70.19
-70.16
-70.23
-70.21
-70.20
-70.25
-70.24
-70.19
-70.21
-70.16
-70.11
-70.18
-70.17
-70.22
-70.33
-70.33
-70.30
-70.31
-70.26
-70.19
-70.24
-70.19
-70.18
-70.25
-70.28
-70.27
-70.33
-70.29
-70.20
-70.24
-70.22
-70.18
-70.26
-70.24
-70.20
-70.20
-70.20
-70.16
-70.21
-70.23
-70.23
-70.28
-70.25
-70.23
-70.24
-70.27
-70.25
-70.33
-70.31
-70.26
-70.29
-70.22
-70.18
-70.26
-70.23
-70.20
-70.22
-70.18
-70.19
-70.24
-70.20
-70.15
-70.20
-70.18
-70.16
-70.18
-70.18
-70.14
-70.19
-70.22
-70.17
-70.28
-70.18
-70.17
-70.22
-70.19
-70.19
-70.27
-70.28
-70.24
-70.32
-70.27
-70.23
-70.31
-70.27
-70.31
-70.37
-70.32
-70.30
-70.34
-70.22
-70.25
-70.29
-70.27
-70.29
-70.29
-70.28
-70.23
-70.25
-70.23
-70.22
-70.21
-70.12
-70.14
-70.16
-70.17
-70.13
-70.19
-70.20
-70.19
-70.26
-70.31
-70.28
-70.27
-70.24
-70.11
-70.18
-70.21
-70.15
-70.22
-70.16
-70.16
-70.24
-70.32
-70.27
-70.31
-70.26
-70.23
-70.26
-70.32
-70.34
-70.25
-70.28
-70.17
-70.09
-70.16
-70.15
-70.13
-70.18
-70.23
-70.15
-70.19
-70.19
-70.11
-70.16
-70.16
-70.11
-70.21
-70.21
-70.21
-70.22
-70.18
-70.10
-70.13
-70.14
-70.12
-70.16
-70.17
-70.11
-70.17
-70.26
-70.26
-70.38
-70.33
-70.26
-70.26
-70.18
-70.15
-70.16
-70.10
-70.05
-70.12
-70.13
-70.10
-70.23
-70.18
-70.18
-70.31
-70.27
-70.25
-70.32
-70.19
-70.14
-70.22
-69.51
-47.01
-46.97
-46.97
-46.98
-66.90
-70.34
-70.31
-70.32
-70.38
-70.35
-70.39
-70.39
-70.30
-70.29
-70.32
-70.25
-70.26
-70.29
-70.24
-70.28
-70.33
-70.28
-70.30
-70.39
-70.37
-70.38
-70.49
-70.36
-70.34
-70.37
-70.27
-70.23
-70.31
-70.25
-70.31
-70.36
-70.25
-70.23
-70.22
-70.16
-70.24
-70.25
-70.22
-70.16
-70.16
-70.11
-70.16
-70.26
-70.25
-70.27
-70.27
-70.18
-70.19
-70.19
-70.13
-70.16
-70.19
-70.24
-70.23
-70.23
-70.24
-70.20
-70.26
-70.24
-70.14
-70.17
-70.16
-70.16
-70.31
-70.30
-70.24
-70.23
-70.22
-70.15
