Frequency: 1.000000
Sample Rate: 1000000.000000
Vector Length: 1
Notes: 
-379.30
-70.35
-70.02
-69.71
-70.16
-75.15
-75.23
-75.19
-75.22
-75.20
-75.10
-75.12
-75.11
-75.06
-75.12
-75.14
-75.09
-75.16
-75.17
-75.13
-75.14
-75.08
-75.08
-75.11
-75.14
-75.12
-75.15
-75.11
-75.09
-75.10
-75.10
-75.08
-75.16
-75.21
-75.16
-75.20
-75.16
-75.02
-75.07
-75.10
-75.03
-75.11
-75.17
-75.08
-75.19
-75.23
-75.25
-75.21
-75.24
-75.22
-75.19
-75.16
-75.16
-75.13
-75.12
-75.16
-75.16
-75.23
-75.18
-75.15
-75.11
-75.03
-75.02
-75.09
-75.09
-75.07
-75.09
-75.16
-75.17
-75.24
-75.27
-75.18
-75.11
-75.06
-75.03
-75.05
-75.12
-75.10
-75.19
-75.15
-75.07
-75.16
-75.15
-75.14
-75.18
-75.16
-75.13
-75.15
-75.12
-75.11
-75.08
-75.08
-75.08
-75.16
-75.18
-75.22
-75.22
-75.15
-75.08
-75.13
-75.12
-75.09
-75.18
-75.16
-75.10
-75.07
-75.10
-75.13
-75.07
-75.16
-75.15
-75.05
-75.10
-75.05
-75.00
-75.08
-75.11
-75.12
-75.18
-75.14
-75.03
-75.06
-75.10
-75.04
-75.09
-75.09
-75.00
-75.11
-75.10
-75.09
-75.17
-75.18
-75.13
-75.17
-75.14
-75.12
-75.19
-75.17
-75.07
-75.13
-75.14
-75.11
-75.20
-75.19
-75.10
-75.15
-75.16
-75.09
-74.80
-74.80
-74.68
-74.70
-75.05
-74.97
-75.07
-75.13
-75.03
-75.07
-75.08
-75.03
-75.10
-75.14
-75.08
-75.10
-75.13
-75.06
-75.21
-75.16
-75.14
-75.20
-75.15
-75.11
-75.13
-75.12
-75.06
-75.16
-75.18
-75.17
-75.21
-75.25
-75.18
-75.19
-75.20
-75.14
-75.18
-75.16
-75.15
-75.20
-75.18
-75.19
-75.23
-75.23
-75.14
-75.13
-75.14
-75.13
-75.22
-75.20
-75.18
-75.20
-75.20
-75.19
-75.23
-75.19
-75.17
-75.22
-75.21
-75.19
-75.20
-75.22
-75.18
-75.25
-75.27
-75.24
-75.28
-75.25
-75.23
-75.26
-75.29
-75.24
-75.24
-75.19
-75.15
-75.23
-75.27
-75.25
-75.24
-75.21
-75.15
-75.20
-75.28
-75.23
-75.22
-75.21
-75.15
-75.18
-75.25
-75.24
-75.25
-75.25
-75.21
-75.22
-75.22
-75.19
-75.21
-75.25
-75.14
-75.21
-75.20
-75.19
-75.25
-75.21
-75.16
-75.16
-75.19
-75.16
-75.15
-75.14
-75.09
-75.09
-75.13
-75.13
-75.14
-75.15
-75.16
-75.17
-75.14
-75.11
-75.14
-75.14
-75.12
-75.17
-75.19
-75.12
-75.17
-75.10
-75.08
-75.12
-75.08
-75.08
-75.08
-75.11
-75.11
-75.15
-75.11
-75.05
-75.12
-75.09
-75.03
-75.10
-75.08
-75.04
-75.10
-75.13
-75.03
-75.08
-75.10
-75.06
-75.09
-75.14
-75.16
-75.12
-75.18
-75.23
-75.12
-75.14
-75.12
-75.02
-75.05
-75.10
-75.01
-75.04
-75.02
-74.93
-75.04
-75.05
-75.00
-75.11
-75.11
-75.04
-75.06
-75.07
-75.01
-75.12
-75.17
-75.12
-75.19
-75.19
-75.07
-75.17
-75.16
-75.11
-75.17
-75.10
-75.05
-75.11
-75.12
-75.13
-75.14
-75.16
-75.04
-75.06
-75.06
-75.12
-75.10
-75.19
-75.19
-75.15
-75.15
-75.07
-75.04
-75.09
-75.07
-75.14
-75.18
-75.14
-75.11
-75.15
-75.08
-75.07
-75.12
-75.12
-75.12
-75.16
-75.15
-75.11
-75.15
-75.15
-75.09
-75.10
-75.02
-75.04
-75.09
-75.10
-75.11
-75.13
-75.04
-75.03
-75.06
-75.02
-75.08
-75.13
-75.14
-75.15
-75.18
-75.13
-75.15
-75.12
-75.05
-75.09
-75.10
-75.12
-75.12
-75.09
-75.04
-75.05
-75.07
-75.06
-75.07
-75.06
-74.98
-74.99
-75.04
-75.05
-75.08
-75.15
-75.06
-75.06
-75.06
-75.08
-75.11
-75.13
-75.03
-75.05
-75.06
-75.01
-75.09
-75.12
-75.07
