Frequency: 1.000000
Sample Rate: 1000000.000000
Vector Length: 1
Notes: 
-379.30
-91.20
-90.06
-89.01
-88.24
-89.80
-89.81
-89.81
-89.90
-89.92
-89.70
-89.69
-89.68
-89.54
-89.59
-89.53
-89.56
-89.77
-89.84
-89.75
-89.79
-89.67
-89.46
-89.63
-89.53
-89.47
-89.56
-89.49
-89.55
-89.57
-89.59
-89.44
-89.51
-89.57
-89.59
-89.54
-89.43
-89.55
-89.52
-89.51
-89.54
-89.36
-89.36
-89.54
-89.49
-89.72
-89.72
-89.78
-89.76
-89.62
-89.57
-89.48
-89.44
-89.59
-89.63
-89.66
-89.84
-89.80
-89.71
-89.72
-89.72
-89.63
-89.69
-89.70
-89.73
-89.84
-89.84
-89.69
-89.60
-89.68
-89.56
-89.64
-89.76
-89.62
-89.68
-89.72
-89.63
-89.59
-89.66
-89.58
-89.48
-89.58
-89.57
-89.81
-89.78
-89.74
-89.73
-89.63
-89.76
-89.74
-89.83
-89.73
-89.72
-89.73
-89.60
-89.57
-89.64
-89.69
-89.55
-89.71
-89.69
-89.65
-89.62
-89.52
-89.52
-89.56
-89.59
-89.60
-89.67
-89.59
-89.46
-89.55
-89.44
-89.42
-89.37
-89.29
-89.23
-89.47
-89.66
-89.66
-89.77
-89.72
-89.66
-89.75
-89.74
-89.89
-89.83
-89.85
-89.85
-89.80
-89.81
-89.73
-89.75
-89.75
-89.71
-89.85
-89.89
-89.91
-89.89
-89.78
-89.74
-89.68
-89.67
-89.58
-89.66
-89.68
-89.62
-89.46
-89.39
-89.35
-89.39
-89.65
-89.72
-89.76
-89.75
-89.72
-89.66
-89.56
-89.59
-89.60
-89.57
-89.60
-89.59
-89.54
-89.56
-89.61
-89.52
-89.59
-89.61
-89.60
-89.63
-89.47
-89.42
-89.65
-89.55
-89.66
-89.60
-89.46
-89.39
-89.44
-89.51
-89.61
-89.63
-89.67
-89.73
-89.78
-89.78
-89.71
-89.64
-89.63
-89.67
-89.74
-89.71
-89.57
-89.64
-89.65
-89.67
-89.79
-89.60
-89.46
-89.44
-89.45
-89.60
-89.74
-89.62
-89.61
-89.64
-89.54
-89.57
-89.51
-89.54
-89.58
-89.58
-89.58
-89.45
-89.55
-89.64
-89.57
-89.74
-89.70
-89.61
-89.59
-89.58
-89.61
-89.65
-89.69
-89.71
-89.67
-89.54
-89.48
-89.50
-89.53
-89.57
-89.49
-89.46
-89.39
-89.26
-89.28
-89.46
-89.39
-89.50
-89.68
-89.75
-89.74
-89.82
-89.62
-89.37
-89.47
-89.53
-89.53
-89.59
-89.42
-89.35
-89.49
-89.50
-89.63
-89.83
-89.96
-89.95
-89.91
-89.77
-89.66
-89.70
-89.76
-89.76
-89.84
-89.64
-89.68
-89.62
-89.61
-89.72
-89.69
-89.82
-89.64
-89.48
-89.43
-89.28
-89.31
-89.35
-89.28
-89.43
-89.36
-89.33
-89.37
-89.33
-89.27
-89.57
-89.50
-89.52
-89.48
-89.43
-89.48
-89.55
-89.67
-89.66
-89.64
-89.84
-89.61
-89.52
-89.42
-89.29
-89.43
-89.55
-89.55
-89.44
-89.47
-89.41
-89.42
-89.49
-89.37
-89.41
-89.35
-89.33
-89.50
-89.57
-89.53
-89.62
-89.68
-89.45
-89.47
-89.46
-89.47
-89.80
-89.87
-89.80
-89.81
-89.77
-89.59
-89.63
-89.61
-89.54
-89.70
-89.70
-89.72
-89.73
-89.58
-89.50
-89.52
-89.62
-89.62
-89.69
-89.80
-89.79
-89.73
-89.74
-89.72
-89.83
-89.74
-89.71
-89.78
-89.72
-89.82
-89.89
-89.61
-89.63
-89.60
-89.62
-89.61
-89.52
-89.58
-89.44
-89.50
-89.61
-89.66
-89.69
-89.69
-89.62
-89.59
-89.53
-89.59
-89.69
-89.69
-89.64
-89.64
-89.63
-89.44
-89.37
-89.51
-89.45
-89.46
-89.68
-89.59
-89.72
-89.82
-89.83
-89.91
-89.86
-89.70
-89.48
-89.49
-89.54
-89.58
-89.69
-89.70
-89.76
-89.80
-89.79
-89.71
-89.63
-89.68
-89.60
-89.46
-89.40
-89.25
-89.32
-89.47
-89.68
-89.76
-89.81
-89.87
-89.77
-89.84
-89.95
-89.88
-89.89
-89.73
-89.58
-89.46
-89.46
