Frequency: 1.000000
Sample Rate: 1000000.000000
Vector Length: 1
Notes: 
-379.30
-95.66
-94.03
-92.77
-91.87
-92.67
-92.57
-92.53
-92.59
-92.59
-92.58
-92.75
-92.74
-92.69
-92.81
-92.74
-92.76
-92.78
-92.66
-92.69
-92.64
-92.55
-92.52
-92.54
-92.74
-92.83
-92.93
-92.83
-92.76
-92.75
-92.69
-92.56
-92.41
-92.38
-92.49
-92.71
-92.79
-92.80
-92.85
-92.74
-92.90
-92.94
-92.82
-93.00
-93.06
-93.03
-92.98
-92.90
-92.86
-93.00
-92.91
-92.80
-92.89
-92.84
-92.83
-93.05
-92.82
-92.85
-92.96
-92.87
-93.03
-93.06
-92.94
-93.09
-92.93
-92.96
-92.97
-92.77
-92.79
-92.69
-92.62
-92.85
-92.77
-92.73
-92.80
-92.79
-92.86
-92.87
-92.86
-92.83
-92.72
-92.71
-92.55
-92.64
-92.79
-92.84
-92.92
-92.86
-92.92
-92.81
-92.75
-92.71
-92.62
-92.68
-92.84
-92.96
-93.07
-93.05
-92.93
-92.86
-92.64
-92.69
-92.85
-92.89
-92.99
-93.05
-92.92
-92.89
-92.71
-92.75
-92.69
-92.66
-92.74
-92.83
-92.95
-92.72
-92.77
-92.69
-92.59
-92.83
-92.79
-92.79
-92.83
-92.64
-92.52
-92.43
-92.46
-92.63
-92.58
-92.67
-92.57
-92.68
-92.84
-92.74
-92.91
-92.77
-92.94
-93.00
-92.89
-92.97
-92.72
-92.90
-92.99
-93.00
-93.10
-92.79
-92.86
-92.71
-92.60
-92.82
-92.90
-93.00
-92.99
-92.94
-92.89
-92.85
-92.88
-93.02
-93.02
-93.10
-93.19
-93.18
-93.14
-93.11
-92.98
-92.87
-93.04
-93.13
-93.11
-92.98
-93.01
-92.96
-93.06
-92.93
-92.94
-92.94
-92.90
-92.95
-92.74
-92.71
-92.61
-92.85
-92.98
-92.91
-93.09
-92.92
-92.94
-92.98
-92.79
-92.74
-92.62
-92.87
-92.57
-92.72
-92.77
-92.72
-92.85
-92.97
-92.96
-92.86
-92.88
-92.86
-92.84
-92.83
-92.80
-92.91
-92.88
-92.94
-92.88
-92.85
-92.88
-92.99
-92.96
-92.87
-92.93
-92.92
-92.94
-93.08
-93.10
-93.06
-93.04
-93.21
-93.23
-93.09
-93.00
-92.91
-92.73
-92.81
-92.82
-92.89
-92.81
-92.84
-92.75
-92.74
-92.84
-92.70
-92.95
-92.98
-92.94
-92.95
-92.87
-92.85
-92.67
-92.63
-92.54
-92.45
-92.60
-92.78
-92.71
-92.74
-92.69
-92.38
-92.50
-92.32
-92.30
-92.54
-92.45
-92.68
-92.67
-92.57
-92.66
-92.61
-92.65
-92.69
-92.72
-92.72
-92.63
-92.70
-92.60
-92.57
-92.79
-92.78
-92.74
-92.95
-92.83
-92.81
-92.85
-92.76
-92.88
-92.88
-92.91
-93.05
-92.95
-93.08
-93.07
-92.99
-93.02
-92.70
-92.69
-92.72
-92.63
-92.75
-92.89
-92.63
-92.70
-92.83
-92.73
-92.86
-92.72
-92.59
-92.56
-92.50
-92.79
-92.81
-92.80
-92.84
-92.85
-92.97
-92.88
-92.84
-92.74
-92.52
-92.55
-92.67
-92.77
-92.65
-92.73
-92.73
-92.88
-93.03
-93.17
-93.18
-92.97
-92.87
-92.78
-92.83
-92.84
-92.91
-92.90
-93.03
-92.97
-92.96
-92.96
-92.95
-92.87
-92.90
-92.90
-93.03
-93.02
-93.15
-93.12
-92.93
-92.83
-92.59
-92.77
-92.80
-93.01
-92.92
-92.83
-92.78
-92.81
-92.75
-92.90
-92.73
-92.83
-92.80
-92.78
-92.92
-93.02
-93.02
-93.01
-92.87
-92.84
-92.72
-92.69
-92.76
-92.70
-92.76
-92.87
-92.89
-92.87
-92.76
-92.81
-92.79
-92.90
-92.90
-93.06
-93.08
-93.13
-93.03
-93.02
-92.93
-92.83
-92.82
-92.81
-92.85
-92.77
-92.88
-92.91
-92.87
-93.00
-93.01
-92.88
-92.72
-92.76
-92.66
-92.66
-92.89
-92.82
-93.03
-93.02
-92.98
-93.06
-92.98
-93.02
-92.95
-92.86
-92.86
-92.76
-92.91
-92.94
-92.76
-92.85
-92.63
-92.70
-92.93
-92.91
-92.94
