Frequency: 1.000000
Sample Rate: 1000000.000000
Vector Length: 1
Notes: 
-379.30
-96.90
-95.16
-93.67
-92.69
-93.42
-93.35
-93.42
-93.41
-93.38
-93.29
-93.33
-93.50
-93.61
-93.45
-93.68
-93.92
-93.81
-94.00
-93.84
-93.66
-93.54
-93.47
-93.58
-93.54
-93.53
-93.50
-93.51
-93.42
-93.55
-93.62
-93.46
-93.45
-93.37
-93.48
-93.51
-93.35
-93.38
-93.24
-93.28
-93.53
-93.58
-93.57
-93.49
-93.45
-93.46
-93.46
-93.51
-93.48
-93.39
-93.34
-93.35
-93.19
-93.26
-93.45
-93.54
-93.62
-93.79
-93.82
-93.80
-93.68
-93.60
-93.77
-93.63
-93.49
-93.58
-93.47
-93.48
-93.51
-93.58
-93.50
-93.43
-93.66
-93.53
-93.59
-93.65
-93.67
-93.57
-93.68
-93.73
-93.73
-93.60
-93.63
-93.50
-93.47
-93.45
-93.35
-93.51
-93.57
-93.60
-93.74
-93.60
-93.58
-93.74
-93.67
-93.68
-93.72
-93.86
-93.77
-93.61
-93.75
-93.67
-93.51
-93.63
-93.50
-93.31
-93.45
-93.40
-93.40
-93.47
-93.53
-93.68
-93.83
-93.78
-93.73
-93.62
-89.03
-89.02
-89.01
-88.98
-93.53
-93.75
-93.72
-93.77
-93.68
-93.63
-93.59
-93.35
-93.46
-93.57
-93.50
-93.57
-93.52
-93.32
-93.36
-93.45
-93.63
-93.62
-93.67
-93.68
-93.54
-93.45
-93.48
-93.49
-93.42
-93.37
-93.45
-93.37
-93.31
-93.48
-93.49
-93.54
-93.57
-93.45
-93.62
-93.59
-93.41
-93.48
-93.40
-93.41
-93.62
-93.69
-93.77
-93.75
-93.92
-93.73
-93.58
-93.55
-93.50
-93.36
-93.32
-93.46
-93.46
-93.39
-93.61
-93.66
-93.64
-93.73
-93.62
-93.57
-93.33
-93.38
-93.40
-93.31
-93.47
-93.53
-93.45
-93.34
-93.45
-93.35
-93.36
-93.50
-93.66
-93.77
-93.67
-93.75
-93.68
-93.48
-93.44
-93.54
-93.61
-93.61
-93.63
-93.71
-93.59
-93.38
-93.51
-93.33
-93.11
-93.32
-93.31
-93.55
-93.55
-93.78
-93.80
-93.49
-93.50
-93.57
-93.38
-93.43
-93.59
-93.53
-93.49
-93.61
-93.56
-93.61
-93.75
-93.62
-93.67
-93.44
-93.27
-93.34
-93.34
-93.26
-93.40
-93.28
-93.15
-93.15
-93.35
-93.53
-93.51
-93.85
-93.78
-93.65
-93.76
-93.60
-93.71
-93.58
-93.38
-93.35
-93.29
-93.19
-93.39
-93.47
-93.40
-93.45
-93.31
-93.30
-93.17
-93.47
-93.62
-93.50
-93.61
-93.57
-93.43
-93.58
-93.72
-93.67
-93.69
-93.57
-93.58
-93.46
-93.46
-93.65
-93.59
-93.60
-93.58
-93.56
-93.59
-93.66
-93.55
-93.64
-93.51
-93.45
-93.57
-93.50
-93.54
-93.57
-93.69
-93.51
-93.52
-93.37
-93.20
-93.12
-93.29
-93.51
-93.58
-93.58
-93.61
-93.46
-93.33
-93.37
-93.41
-93.32
-93.42
-93.57
-93.50
-93.50
-93.66
-93.64
-93.50
-93.40
-93.54
-93.43
-93.48
-93.50
-93.44
-93.50
-93.48
-93.44
-93.54
-93.41
-93.24
-93.47
-93.27
-93.24
-93.42
-93.37
-93.43
-93.35
-93.41
-93.37
-93.20
-93.54
-93.76
-93.44
-93.43
-93.44
-93.24
-93.37
-93.61
-93.69
-93.63
-93.57
-93.47
-93.49
-93.47
-93.57
-93.63
-93.67
-93.43
-93.47
-93.44
-93.16
-93.27
-93.39
-93.24
-93.43
-93.43
-93.44
-93.44
-93.56
-93.69
-93.63
-93.54
-93.43
-93.51
-93.42
-93.54
-93.69
-93.68
-93.44
-93.29
-93.41
-93.20
-93.17
-93.53
-93.36
-93.22
-93.54
-93.44
-93.35
-93.54
-93.51
-93.44
-93.26
-93.32
-93.38
-93.48
-93.54
-93.71
-93.54
-93.59
-93.90
-93.85
-93.86
-93.58
-93.54
-93.54
-93.54
-93.84
-93.81
-93.89
-93.83
-93.85
-93.73
-93.62
-93.58
-93.55
-93.55
-93.58
-93.44
-93.66
-93.72
-93.43
-93.55
-93.33
-93.31
-93.51
