Frequency: 1.000000
Sample Rate: 1000000.000000
Vector Length: 1
Notes: 
-379.30
-99.27
-97.16
-95.69
-94.68
-94.95
-95.03
-95.08
-95.16
-95.25
-95.42
-95.31
-95.37
-95.32
-95.18
-95.27
-95.17
-95.18
-95.17
-94.98
-94.93
-94.91
-94.83
-94.98
-95.13
-95.35
-95.45
-95.44
-95.30
-95.25
-95.16
-95.08
-95.21
-95.12
-95.02
-95.03
-95.12
-95.28
-95.23
-95.06
-94.92
-94.79
-94.81
-94.99
-95.02
-95.03
-95.07
-95.04
-95.21
-95.44
-95.43
-95.35
-95.46
-95.28
-95.34
-95.70
-95.65
-95.56
-95.43
-95.14
-94.96
-94.70
-88.79
-78.37
-78.36
-78.36
-78.37
-94.26
-94.68
-95.09
-95.25
-95.33
-95.09
-94.96
-94.74
-94.76
-94.94
-94.96
-95.13
-95.10
-95.13
-95.08
-94.93
-94.95
-95.16
-95.21
-95.26
-95.27
-95.39
-95.28
-95.14
-95.08
-94.98
-95.15
-95.34
-95.40
-95.20
-95.18
-95.15
-95.16
-95.30
-95.43
-95.44
-95.47
-95.50
-95.44
-95.44
-95.46
-95.34
-95.31
-95.43
-95.18
-95.10
-95.08
-95.05
-95.18
-95.47
-95.49
-95.59
-95.48
-95.47
-95.58
-95.55
-95.48
-95.50
-95.51
-95.29
-95.08
-95.12
-94.92
-94.88
-95.04
-95.03
-95.05
-95.15
-95.13
-95.00
-95.19
-95.17
-95.25
-95.35
-95.21
-94.99
-94.97
-94.70
-94.67
-94.81
-94.74
-94.79
-94.69
-94.77
-94.76
-94.75
-94.72
-94.71
-94.75
-94.66
-94.62
-94.72
-94.59
-94.58
-94.63
-94.52
-94.62
-94.85
-94.92
-94.92
-94.78
-94.81
-94.81
-94.88
-94.82
-94.75
-94.85
-94.82
-94.96
-94.97
-94.84
-94.82
-94.95
-94.93
-95.01
-94.83
-94.86
-94.77
-94.68
-94.84
-94.82
-94.94
-95.15
-94.99
-95.10
-95.17
-95.16
-95.23
-95.07
-95.01
-95.10
-95.12
-95.10
-95.16
-95.05
-95.00
-95.01
-94.98
-95.00
-95.03
-94.99
-95.04
-95.00
-95.00
-95.09
-95.19
-95.11
-95.06
-95.04
-95.03
-95.09
-95.26
-95.24
-95.25
-95.29
-95.28
-95.18
-95.16
-95.13
-95.04
-94.96
-94.94
-94.93
-94.92
-94.87
-94.92
-94.84
-94.90
-94.98
-95.13
-95.10
-95.08
-95.13
-94.95
-94.89
-94.90
-94.93
-94.77
-93.99
-93.22
-91.84
-91.86
-92.17
-92.32
-93.72
-93.50
-93.07
-93.00
-93.08
-93.07
-93.20
-93.17
-92.87
-92.51
-92.35
-92.29
-92.44
-92.54
-92.45
-92.38
-92.29
-92.20
-92.02
-91.79
-91.72
-91.77
-91.67
-91.61
-91.53
-91.28
-91.39
-91.34
-91.22
-91.16
-91.21
-91.18
-91.43
-91.92
-92.58
-93.62
-94.66
-94.83
-94.87
-94.81
-94.68
-94.83
-94.73
-94.74
-94.88
-94.79
-94.79
-94.81
-94.80
-94.73
-94.70
-94.76
-94.79
-94.84
-94.86
-94.79
-94.73
-94.83
-94.77
-94.79
-94.77
-94.89
-94.88
-94.89
-94.91
-94.93
-94.92
-94.91
-94.75
-94.76
-94.69
-94.65
-94.65
-94.74
-95.02
-95.01
-95.18
-95.27
-95.07
-94.98
-95.18
-95.03
-95.07
-95.19
-94.89
-94.93
-94.90
-94.95
-94.99
-95.07
-95.02
-94.98
-95.08
-95.03
-94.87
-94.80
-94.69
-94.73
-94.82
-94.96
-95.04
-94.92
-94.80
-94.83
-94.85
-94.94
-94.84
-94.87
-94.96
-94.97
-94.98
-94.89
-94.93
-94.77
-95.03
-94.92
-95.01
-95.13
-95.00
-95.09
-95.10
-94.96
-94.91
-95.06
-94.91
-94.92
-94.98
-94.89
-94.84
-94.91
-94.91
-94.89
-94.89
-94.75
-94.70
-94.61
-94.53
-94.54
-94.47
-94.61
-94.69
-94.70
-94.90
-94.92
-94.96
-95.07
-95.03
-94.93
-94.93
-95.02
-94.87
-94.92
-94.82
-94.90
-94.87
-94.97
-95.25
-95.18
-95.29
-95.17
-95.05
-94.95
-95.06
-95.11
-95.06
-95.36
-95.24
-95.35
-95.21
