Frequency: 1.000000
Sample Rate: 1000000.000000
Vector Length: 1
Notes: 
-379.30
-100.32
-97.97
-96.43
-95.25
-95.31
-95.51
-95.67
-95.81
-95.76
-95.67
-95.39
-95.32
-95.27
-95.13
-95.24
-95.25
-95.37
-95.48
-95.61
-95.53
-95.46
-95.34
-95.31
-95.42
-95.44
-95.53
-95.63
-95.61
-95.64
-95.79
-95.79
-95.71
-95.60
-95.47
-95.45
-95.26
-95.28
-95.16
-94.85
-92.63
-83.95
-63.11
-63.10
-63.10
-63.12
-87.19
-93.06
-95.62
-95.81
-95.61
-95.44
-95.23
-95.31
-95.20
-95.37
-95.36
-95.51
-95.51
-95.64
-95.64
-95.62
-95.56
-95.57
-95.72
-95.50
-95.42
-95.32
-95.19
-95.25
-95.46
-95.61
-95.77
-95.72
-95.76
-95.68
-95.64
-95.63
-95.41
-95.41
-95.41
-95.41
-95.46
-95.40
-95.35
-95.52
-95.60
-95.58
-95.59
-95.42
-95.32
-95.34
-95.45
-95.46
-95.48
-95.47
-95.47
-95.49
-95.45
-95.55
-95.43
-95.49
-95.41
-95.52
-95.56
-95.51
-95.60
-95.73
-95.75
-95.71
-95.67
-95.39
-92.45
-69.81
-69.81
-69.81
-69.82
-93.90
-95.69
-95.69
-95.72
-95.65
-95.76
-95.72
-95.62
-95.69
-95.74
-95.74
-95.64
-95.58
-95.52
-95.50
-95.57
-95.67
-95.72
-95.85
-95.77
-95.70
-95.75
-95.62
-95.54
-95.59
-95.45
-95.45
-95.58
-95.54
-95.62
-95.82
-95.57
-95.72
-95.67
-95.54
-95.47
-95.46
-95.42
-95.45
-95.59
-95.43
-95.49
-95.49
-95.61
-95.74
-95.77
-95.55
-95.44
-95.41
-95.46
-95.55
-95.42
-95.56
-95.63
-95.64
-95.71
-95.65
-95.53
-95.55
-95.56
-95.45
-95.39
-95.21
-95.16
-95.31
-95.38
-95.40
-95.57
-95.55
-95.46
-95.42
-95.43
-95.50
-95.62
-95.74
-95.72
-95.69
-95.60
-95.58
-95.49
-95.47
-95.39
-95.42
-95.47
-95.49
-95.53
-95.39
-95.46
-95.54
-95.50
-95.58
-95.78
-95.83
-95.79
-95.81
-95.85
-95.54
-95.64
-95.69
-95.73
-95.69
-95.66
-95.71
-95.67
-95.69
-95.68
-95.41
-95.46
-95.50
-95.57
-95.64
-95.61
-95.50
-95.60
-95.51
-95.49
-95.57
-95.75
-95.77
-95.85
-95.81
-95.76
-95.61
-95.65
-95.54
-95.56
-95.67
-95.66
-95.63
-95.53
-95.55
-95.38
-95.55
-95.49
-95.60
-95.69
-95.59
-95.88
-95.94
-95.85
-95.70
-95.68
-95.56
-95.43
-95.58
-95.37
-95.27
-95.27
-95.31
-95.31
-95.46
-95.46
-95.61
-95.66
-95.59
-95.66
-95.60
-95.64
-95.58
-95.56
-95.45
-95.37
-95.53
-95.71
-95.71
-95.84
-95.89
-95.77
-95.58
-95.54
-95.33
-95.36
-95.45
-95.53
-95.74
-95.64
-95.50
-95.42
-95.43
-95.61
-95.68
-95.80
-95.61
-95.59
-95.52
-95.51
-95.61
-95.53
-95.48
-95.47
-95.48
-95.51
-95.53
-95.53
-95.76
-95.83
-95.93
-95.95
-95.80
-95.65
-95.57
-95.56
-95.66
-95.67
-95.87
-95.61
-95.44
-95.32
-95.36
-95.36
-95.45
-95.61
-95.66
-95.79
-95.89
-95.83
-95.72
-95.66
-95.54
-95.46
-95.55
-95.79
-95.73
-95.75
-95.63
-95.52
-95.46
-95.54
-95.60
-95.74
-95.80
-95.71
-95.67
-95.52
-95.59
-95.53
-95.50
-95.49
-95.25
-95.28
-95.50
-95.65
-95.92
-95.89
-95.78
-95.55
-95.50
-95.53
-95.45
-95.58
-95.56
-95.43
-95.43
-95.36
-95.37
-95.44
-95.42
-95.34
-95.23
-95.31
-95.33
-95.45
-95.68
-95.65
-95.74
-95.53
-95.67
-95.88
-95.58
-95.67
-95.73
-95.73
-95.61
-95.61
-95.47
-95.39
-95.43
-95.58
-95.62
-95.71
-95.65
-95.56
-95.53
-95.66
-95.69
-95.87
-95.92
-95.88
-95.86
-95.73
-95.46
-95.38
-95.15
-95.17
-95.27
-95.35
-95.33
-95.61
-95.60
-95.49
-95.52
-95.52
-95.42
-95.56
