Frequency: 1.000000
Sample Rate: 1000000.000000
Vector Length: 1
Notes: 
-379.30
-101.41
-99.17
-97.42
-96.43
-96.52
-96.37
-96.48
-96.57
-96.52
-96.38
-96.34
-96.14
-95.99
-96.03
-96.13
-96.40
-96.44
-96.36
-96.28
-96.07
-96.14
-96.22
-96.41
-96.54
-96.48
-96.36
-96.36
-96.38
-96.44
-96.36
-96.45
-96.32
-96.41
-96.54
-96.59
-96.72
-96.60
-96.40
-96.31
-96.31
-96.40
-96.35
-96.51
-96.49
-96.50
-96.64
-96.56
-96.44
-96.32
-96.32
-96.25
-96.23
-96.39
-96.56
-96.54
-96.47
-96.35
-96.25
-96.18
-96.16
-96.29
-96.15
-96.10
-96.05
-96.09
-96.21
-96.38
-96.62
-96.48
-96.57
-96.55
-96.48
-96.54
-96.47
-96.48
-96.29
-96.27
-96.28
-96.33
-96.43
-96.40
-96.38
-96.28
-96.35
-96.38
-96.39
-96.27
-96.38
-96.48
-96.36
-96.49
-96.32
-96.34
-96.31
-96.36
-96.46
-96.33
-96.42
-96.32
-96.34
-96.28
-96.17
-96.32
-96.45
-96.48
-96.39
-96.35
-96.38
-96.26
-96.42
-96.51
-96.45
-96.42
-96.57
-96.54
-96.61
-96.42
-96.43
-96.52
-96.48
-96.46
-96.51
-96.40
-96.37
-96.47
-96.48
-96.44
-96.48
-96.64
-96.75
-96.75
-96.74
-96.44
-96.36
-96.24
-96.33
-96.58
-96.62
-96.59
-96.56
-96.59
-96.46
-96.39
-96.34
-96.45
-96.44
-96.42
-96.59
-96.50
-96.65
-96.69
-96.51
-96.52
-96.43
-96.45
-96.49
-96.34
-96.41
-96.39
-96.51
-96.35
-96.48
-96.62
-96.53
-96.69
-96.51
-96.26
-96.22
-96.07
-96.18
-96.29
-96.43
-96.46
-96.47
-96.48
-96.60
-96.66
-96.59
-96.76
-96.69
-96.59
-96.40
-96.32
-96.28
-96.20
-96.25
-96.24
-96.13
-96.29
-96.17
-96.38
-96.39
-96.32
-96.45
-96.33
-96.25
-96.23
-96.36
-96.54
-96.71
-96.74
-96.51
-96.33
-96.34
-96.39
-96.66
-96.48
-96.51
-96.49
-96.44
-96.53
-96.50
-96.45
-96.33
-96.23
-96.40
-96.49
-96.63
-96.65
-96.53
-96.47
-96.41
-96.48
-96.52
-96.47
-96.46
-96.48
-96.72
-96.63
-96.48
-96.42
-96.37
-96.39
-96.39
-96.25
-96.15
-96.22
-96.25
-96.47
-96.56
-96.45
-96.36
-96.19
-96.21
-96.14
-96.18
-96.44
-96.55
-96.82
-96.71
-96.57
-96.49
-96.33
-96.45
-96.38
-96.30
-96.21
-96.10
-95.99
-96.13
-96.13
-96.26
-96.39
-96.48
-96.59
-96.59
-96.68
-96.40
-96.34
-96.23
-96.09
-96.18
-96.34
-96.41
-96.39
-96.45
-96.27
-96.29
-96.26
-96.24
-96.29
-96.28
-96.35
-96.19
-96.21
-96.15
-96.07
-96.20
-96.23
-96.21
-96.19
-96.14
-96.21
-96.17
-96.23
-96.24
-96.20
-96.29
-96.29
-96.55
-96.44
-96.51
-96.57
-96.53
-96.54
-96.61
-96.77
-96.42
-96.51
-96.50
-96.44
-96.49
-96.36
-96.33
-96.35
-96.40
-96.35
-96.40
-96.29
-96.28
-96.28
-96.49
-96.62
-96.42
-96.47
-96.34
-96.39
-96.61
-96.64
-96.77
-96.75
-96.55
-96.57
-96.57
-96.54
-96.37
-96.36
-96.28
-96.39
-96.44
-96.54
-96.53
-96.48
-96.55
-96.46
-96.63
-96.51
-96.48
-96.59
-96.59
-96.56
-96.58
-96.40
-96.37
-96.30
-96.31
-96.35
-96.48
-96.50
-96.46
-96.51
-96.35
-96.27
-96.45
-96.49
-96.46
-96.45
-96.55
-96.52
-96.50
-96.64
-96.47
-96.23
-96.19
-96.12
-96.34
-96.32
-96.41
-96.32
-96.31
-96.34
-96.24
-96.18
-96.18
-96.12
-96.09
-96.08
-96.17
-96.07
-96.20
-96.16
-96.11
-96.21
-96.08
-96.15
-96.11
-96.15
-96.21
-96.17
-96.15
-96.13
-96.04
-96.08
-96.14
-96.13
-96.15
-96.14
-96.12
-96.04
-96.05
-96.02
-96.19
-96.28
-96.28
-96.19
-96.09
-96.10
-96.14
-96.15
-96.12
-96.09
