Frequency: 1.000000
Sample Rate: 1000000.000000
Vector Length: 1
Notes: 
-379.30
-102.56
-99.96
-98.39
-97.25
-97.28
-97.35
-97.36
-97.43
-97.44
-97.40
-97.35
-97.26
-97.16
-97.20
-97.04
-96.96
-97.11
-96.98
-97.11
-97.20
-97.16
-97.25
-97.33
-97.27
-97.43
-97.23
-97.21
-97.21
-97.15
-97.13
-97.15
-97.05
-96.99
-97.15
-97.18
-97.34
-97.35
-97.26
-97.36
-97.30
-97.25
-97.44
-97.45
-97.47
-97.54
-97.57
-97.48
-97.44
-97.48
-97.41
-97.46
-97.57
-97.40
-97.30
-97.17
-97.00
-97.09
-97.20
-97.40
-97.33
-97.28
-97.11
-97.06
-97.16
-97.18
-97.21
-97.13
-97.15
-97.05
-97.00
-97.02
-97.13
-97.07
-97.13
-97.02
-97.01
-97.06
-96.95
-97.06
-97.30
-97.20
-97.24
-97.27
-97.08
-97.12
-97.11
-97.01
-97.06
-97.09
-97.01
-97.13
-96.99
-97.02
-97.03
-96.91
-96.97
-97.05
-97.13
-97.24
-97.33
-97.32
-97.28
-97.15
-97.15
-97.13
-97.19
-97.11
-97.28
-97.31
-97.34
-97.25
-97.40
-97.28
-97.06
-97.16
-97.04
-96.89
-97.06
-96.93
-97.03
-97.01
-96.98
-96.92
-96.94
-97.13
-97.21
-97.15
-97.21
-97.12
-97.00
-97.28
-97.40
-97.44
-97.58
-97.54
-97.21
-97.15
-97.18
-97.12
-97.29
-97.31
-97.22
-97.20
-97.12
-97.09
-97.11
-97.05
-97.00
-97.09
-97.09
-97.10
-97.06
-97.06
-96.99
-97.02
-97.14
-97.15
-97.25
-97.23
-97.23
-97.30
-97.33
-97.29
-97.25
-97.37
-97.27
-97.27
-97.32
-97.09
-97.08
-97.17
-97.26
-97.23
-97.15
-97.09
-97.04
-96.95
-97.12
-97.14
-97.07
-97.16
-97.15
-97.18
-97.27
-97.28
-97.20
-97.18
-97.26
-97.18
-97.34
-97.21
-97.22
-97.21
-97.05
-97.01
-97.04
-97.05
-97.12
-97.23
-97.33
-97.31
-97.49
-97.37
-97.27
-97.27
-97.28
-97.14
-97.12
-97.08
-96.93
-96.89
-96.94
-96.97
-96.94
-97.18
-97.25
-97.29
-97.37
-97.19
-97.17
-97.16
-97.07
-97.22
-97.43
-97.44
-97.49
-97.16
-97.14
-97.08
-97.03
-97.33
-97.41
-97.48
-97.51
-97.53
-97.43
-97.09
-96.84
-96.94
-97.05
-97.14
-97.24
-97.23
-97.05
-97.14
-97.10
-97.07
-97.08
-97.18
-97.13
-97.24
-97.20
-97.27
-97.43
-97.43
-96.82
-96.63
-96.37
-94.13
-92.61
-91.28
-82.08
-44.70
-44.70
-44.70
-44.70
-83.09
-94.01
-95.31
-96.59
-97.27
-97.29
-97.14
-97.21
-97.09
-97.12
-97.22
-97.22
-97.30
-97.32
-97.45
-97.27
-97.33
-97.46
-97.38
-97.40
-97.31
-97.35
-97.32
-97.26
-97.11
-96.86
-96.84
-96.81
-96.99
-97.01
-97.03
-97.21
-97.31
-97.26
-94.14
-92.39
-92.31
-91.95
-92.97
-95.92
-95.96
-97.09
-97.43
-97.51
-97.52
-97.27
-97.31
-97.07
-96.95
-97.01
-97.10
-97.06
-97.16
-97.16
-97.21
-97.28
-97.15
-97.12
-97.19
-97.18
-97.23
-97.36
-97.40
-97.29
-97.10
-96.98
-96.80
-96.90
-97.02
-97.08
-97.22
-97.27
-97.28
-97.28
-97.20
-97.04
-97.09
-97.06
-96.97
-97.06
-96.96
-97.03
-97.17
-97.35
-97.33
-97.34
-97.28
-97.16
-97.16
-97.20
-97.18
-97.20
-97.25
-97.18
-97.18
-97.13
-97.11
-97.15
-97.22
-97.22
-97.25
-97.21
-97.11
-97.13
-97.12
-97.18
-97.17
-97.23
-97.18
-97.22
-97.29
-97.21
-97.05
-96.93
-96.85
-96.92
-97.10
-97.15
-97.17
-97.22
-97.26
-97.13
-97.18
-97.17
-97.19
-97.31
-97.41
-97.56
-97.50
-97.45
-97.22
-97.21
-97.13
-97.18
-97.25
-97.20
-97.22
-97.13
-97.15
-97.21
-97.18
-97.25
-97.27
-97.30
-97.25
-97.25
-97.45
-97.27
-97.22
-97.25
-97.30
-97.41
-97.36
