Frequency: 1.000000
Sample Rate: 1000000.000000
Vector Length: 1
Notes: 
-379.30
-101.83
-99.46
-97.85
-96.90
-96.97
-97.11
-97.14
-97.24
-97.17
-97.11
-97.06
-96.98
-97.13
-97.05
-96.92
-97.00
-96.98
-97.10
-97.16
-97.10
-97.02
-97.03
-97.05
-97.18
-97.22
-97.12
-97.14
-96.82
-96.94
-97.02
-97.08
-97.30
-97.13
-97.03
-97.04
-97.07
-97.14
-97.12
-97.23
-97.02
-97.01
-97.10
-96.97
-97.10
-97.19
-97.12
-97.23
-96.94
-96.97
-96.92
-96.79
-96.93
-96.95
-96.90
-97.04
-96.98
-97.00
-96.85
-96.78
-96.75
-96.67
-96.79
-96.62
-95.67
-83.86
-57.57
-57.57
-57.57
-57.58
-84.59
-95.17
-96.56
-97.08
-97.05
-97.00
-96.90
-97.01
-97.04
-97.09
-97.06
-96.98
-96.99
-96.95
-96.92
-96.99
-97.05
-97.15
-97.32
-97.38
-97.16
-96.84
-96.78
-96.83
-96.94
-96.98
-96.98
-97.07
-96.95
-97.13
-97.10
-97.04
-97.10
-97.02
-96.98
-97.09
-96.91
-96.99
-96.99
-96.84
-96.82
-96.82
-96.85
-96.78
-96.89
-96.92
-97.03
-97.21
-97.29
-97.17
-97.08
-97.16
-97.08
-97.05
-97.12
-97.01
-96.96
-96.95
-97.00
-96.97
-96.80
-96.83
-96.78
-96.86
-97.07
-97.02
-97.13
-97.15
-97.18
-97.30
-97.14
-97.14
-97.27
-97.28
-97.31
-97.27
-97.25
-97.19
-97.18
-97.22
-97.09
-97.14
-97.24
-97.34
-97.44
-97.45
-97.27
-97.07
-97.03
-97.06
-97.08
-97.09
-97.09
-96.94
-96.85
-96.95
-97.03
-97.10
-97.25
-97.11
-97.02
-96.93
-96.93
-96.83
-96.88
-96.78
-96.59
-96.69
-96.91
-96.87
-96.82
-96.86
-96.79
-96.97
-97.05
-97.12
-97.29
-97.13
-97.00
-97.03
-96.93
-97.05
-97.02
-97.01
-97.13
-97.21
-97.08
-97.09
-97.01
-96.86
-96.92
-97.01
-97.03
-97.17
-97.21
-97.04
-96.97
-96.88
-96.79
-96.97
-97.10
-97.16
-97.23
-97.18
-97.14
-97.19
-97.30
-97.18
-97.10
-97.16
-96.97
-97.01
-96.95
-97.09
-97.20
-97.22
-97.35
-97.24
-97.28
-97.19
-97.08
-97.09
-97.18
-97.26
-97.34
-97.45
-97.36
-97.21
-97.22
-97.22
-97.26
-97.23
-97.15
-97.08
-96.89
-96.96
-97.05
-97.10
-97.02
-97.02
-96.91
-96.98
-96.84
-96.93
-96.90
-96.88
-97.01
-97.13
-97.10
-97.20
-97.13
-96.98
-96.91
-96.89
-96.87
-96.99
-97.08
-97.28
-97.20
-97.14
-97.01
-96.82
-96.85
-96.85
-96.99
-97.00
-97.06
-97.14
-97.05
-97.00
-97.06
-97.04
-97.20
-97.27
-97.16
-97.17
-97.17
-97.17
-97.18
-97.32
-97.30
-97.26
-97.28
-97.14
-97.16
-97.10
-97.17
-97.02
-97.12
-97.03
-97.13
-97.20
-97.07
-97.08
-96.95
-96.96
-97.01
-96.94
-96.89
-96.83
-96.87
-96.93
-96.94
-96.98
-97.09
-97.17
-97.26
-97.16
-97.08
-96.97
-96.88
-96.88
-97.15
-97.19
-97.25
-97.27
-97.02
-97.12
-97.08
-97.05
-97.15
-97.09
-97.06
-96.95
-96.81
-96.78
-96.81
-96.98
-97.04
-97.11
-97.15
-97.03
-97.05
-96.91
-96.96
-97.01
-97.12
-97.13
-97.16
-97.16
-97.12
-97.11
-97.02
-97.12
-97.16
-97.11
-97.23
-97.04
-96.89
-96.84
-96.88
-96.95
-97.04
-97.21
-97.11
-97.31
-97.37
-97.38
-97.52
-97.53
-97.38
-97.36
-97.13
-97.00
-97.05
-97.17
-97.25
-97.30
-97.37
-97.25
-97.30
-97.31
-97.25
-97.31
-97.16
-97.17
-97.11
-97.12
-97.23
-97.15
-97.10
-97.27
-97.39
-97.35
-97.52
-97.38
-97.15
-97.03
-97.27
-97.23
-97.51
-97.57
-97.50
-97.61
-97.40
-97.35
-97.38
-97.22
-97.22
-96.98
-96.94
-96.96
-97.05
-97.21
-97.04
-97.17
-97.14
-97.23
-97.44
-97.42
-97.32
