Frequency: 1.000000
Sample Rate: 1000000.000000
Vector Length: 1
Notes: 
-379.30
-101.90
-99.36
-97.87
-97.01
-97.08
-97.17
-97.13
-97.00
-97.00
-96.94
-96.92
-97.22
-97.15
-97.13
-97.04
-96.88
-96.94
-96.76
-96.91
-96.88
-96.78
-96.91
-96.81
-96.90
-96.86
-96.74
-96.78
-96.95
-96.87
-96.99
-97.04
-96.98
-97.06
-97.04
-97.13
-97.09
-96.96
-96.98
-96.85
-96.80
-96.70
-96.71
-96.64
-96.71
-96.67
-96.47
-96.57
-96.57
-96.57
-96.63
-96.73
-96.68
-96.67
-96.77
-96.67
-96.76
-96.88
-96.69
-96.79
-96.73
-96.68
-96.88
-96.75
-96.83
-96.80
-96.76
-96.87
-96.98
-96.96
-97.04
-96.98
-97.01
-97.00
-96.93
-96.90
-96.83
-96.88
-96.83
-96.89
-96.75
-96.80
-96.86
-96.93
-96.97
-97.10
-97.00
-96.88
-96.88
-96.81
-96.95
-96.95
-97.11
-97.07
-97.03
-97.28
-97.35
-97.10
-97.15
-97.13
-97.02
-97.10
-96.98
-96.83
-96.76
-96.83
-96.84
-96.81
-96.91
-96.80
-96.98
-97.08
-96.96
-97.04
-96.85
-96.75
-96.78
-96.82
-96.88
-96.78
-96.88
-96.77
-96.87
-96.94
-96.93
-97.10
-96.92
-96.96
-96.88
-96.76
-96.88
-96.80
-96.92
-96.82
-96.78
-96.65
-96.66
-96.83
-96.81
-96.84
-96.91
-96.80
-96.87
-96.97
-96.86
-96.95
-97.13
-97.03
-97.03
-97.05
-96.80
-96.83
-96.81
-96.81
-96.73
-96.68
-96.68
-96.71
-96.79
-96.80
-96.73
-96.82
-96.87
-96.91
-96.95
-96.88
-96.77
-96.89
-97.05
-96.81
-96.87
-96.73
-96.67
-96.78
-96.85
-96.98
-97.11
-97.02
-97.04
-96.93
-96.91
-96.91
-97.09
-97.18
-97.09
-96.92
-96.66
-96.58
-96.77
-96.82
-96.91
-96.92
-96.72
-96.61
-96.58
-96.55
-96.72
-96.91
-96.99
-97.03
-97.06
-97.12
-97.04
-96.90
-96.84
-96.81
-96.79
-96.78
-96.70
-96.81
-96.77
-96.96
-96.99
-97.09
-96.92
-96.71
-96.79
-96.71
-96.82
-97.03
-97.06
-96.98
-96.98
-96.74
-96.60
-96.65
-96.76
-96.85
-96.79
-96.79
-96.73
-96.84
-96.95
-97.00
-97.12
-97.02
-96.86
-96.67
-96.60
-96.51
-96.57
-96.71
-96.86
-97.00
-96.97
-96.95
-96.90
-96.85
-96.96
-96.92
-96.99
-96.97
-97.00
-96.96
-96.99
-96.80
-96.69
-96.75
-96.84
-96.96
-97.16
-96.94
-96.95
-96.87
-96.89
-96.87
-96.99
-96.94
-96.90
-96.96
-96.90
-97.00
-97.03
-96.87
-96.95
-97.07
-97.16
-97.19
-97.13
-97.03
-97.05
-97.00
-96.94
-96.96
-96.88
-96.84
-96.94
-96.90
-96.92
-97.00
-96.96
-97.02
-96.95
-96.92
-96.95
-97.01
-97.04
-97.09
-97.07
-97.15
-97.18
-97.10
-96.98
-96.93
-96.88
-96.88
-96.83
-96.76
-96.69
-96.73
-96.89
-96.99
-96.80
-96.85
-96.79
-96.78
-96.88
-96.82
-96.68
-96.75
-96.77
-96.68
-96.73
-96.87
-96.80
-97.11
-97.01
-96.95
-96.93
-96.91
-96.80
-96.87
-96.90
-96.94
-97.10
-97.19
-97.04
-97.08
-96.94
-96.81
-96.80
-96.71
-96.76
-96.77
-96.76
-96.86
-96.90
-97.02
-97.07
-97.00
-96.88
-96.81
-96.78
-96.85
-96.96
-97.02
-97.03
-97.06
-96.94
-96.93
-96.90
-97.17
-97.20
-97.18
-97.04
-97.04
-97.16
-97.09
-97.23
-97.30
-97.10
-97.10
-97.00
-96.90
-96.79
-96.76
-96.73
-96.80
-96.81
-96.99
-97.11
-96.92
-97.01
-96.85
-96.88
-96.87
-96.89
-96.96
-96.91
-96.95
-97.13
-97.05
-97.08
-97.01
-96.83
-96.88
-96.94
-96.97
-97.03
-96.88
-96.71
-96.79
-96.84
-96.83
-97.00
-96.96
-97.08
-97.12
-97.00
-96.84
-96.66
-96.63
-96.60
-96.58
-96.62
-96.62
-96.70
-96.61
-96.62
