Frequency: 1.000000
Sample Rate: 1000000.000000
Vector Length: 1
Notes: 
-379.30
-100.60
-97.97
-96.27
-95.37
-95.32
-95.32
-95.58
-95.60
-95.70
-95.87
-95.77
-95.74
-95.49
-95.45
-95.34
-95.36
-95.38
-95.47
-95.41
-95.47
-95.31
-95.16
-95.23
-95.15
-95.30
-95.45
-95.37
-95.40
-95.28
-95.37
-95.48
-95.39
-95.46
-95.39
-95.24
-95.35
-95.45
-95.43
-95.55
-95.46
-95.54
-95.37
-95.49
-95.44
-95.48
-95.31
-95.30
-95.57
-95.30
-95.42
-95.52
-95.30
-95.23
-95.30
-95.34
-95.44
-95.51
-95.51
-95.69
-95.60
-95.73
-95.78
-95.65
-95.73
-95.58
-95.51
-95.47
-95.50
-95.50
-95.35
-95.40
-95.05
-94.96
-95.02
-94.99
-95.22
-95.13
-95.17
-95.22
-95.18
-95.13
-95.25
-95.26
-95.40
-95.37
-95.34
-95.14
-95.13
-95.15
-95.36
-95.53
-95.51
-95.58
-95.57
-95.38
-95.32
-95.34
-95.30
-95.49
-95.61
-95.56
-95.69
-95.77
-95.67
-95.66
-95.73
-95.60
-95.45
-95.37
-95.27
-95.32
-95.32
-95.36
-95.49
-95.60
-95.61
-95.56
-95.37
-95.19
-95.25
-95.50
-95.40
-95.56
-95.50
-95.29
-95.39
-95.43
-95.41
-95.39
-95.49
-95.65
-95.63
-95.76
-95.64
-95.58
-95.58
-95.49
-95.50
-95.53
-95.50
-95.62
-95.64
-95.44
-95.33
-95.43
-95.28
-95.40
-95.45
-95.26
-95.31
-95.29
-95.23
-95.20
-95.15
-95.06
-95.26
-95.37
-95.43
-95.44
-95.50
-95.49
-95.42
-95.46
-95.27
-95.23
-95.21
-95.39
-95.52
-95.63
-95.75
-95.67
-95.64
-95.62
-95.55
-95.50
-95.62
-95.46
-95.55
-95.42
-95.32
-95.27
-95.13
-95.16
-95.26
-95.33
-95.53
-95.39
-95.38
-95.27
-95.22
-95.26
-95.21
-95.40
-95.38
-95.52
-95.58
-95.65
-95.53
-95.60
-95.51
-95.45
-95.46
-95.36
-95.34
-95.44
-95.26
-95.37
-95.49
-95.40
-95.56
-95.59
-95.41
-95.39
-95.37
-95.30
-95.26
-95.20
-95.17
-95.12
-95.21
-95.38
-95.49
-95.56
-95.54
-95.49
-95.37
-95.42
-95.44
-95.53
-95.62
-95.54
-95.56
-95.39
-95.33
-95.34
-95.38
-95.40
-95.44
-95.43
-95.58
-95.57
-95.45
-95.39
-95.36
-95.24
-95.28
-95.34
-95.26
-95.22
-94.94
-94.87
-94.94
-94.84
-95.12
-95.07
-95.13
-95.17
-95.21
-95.37
-95.45
-95.58
-95.55
-95.63
-95.60
-95.39
-95.25
-95.12
-95.16
-95.18
-95.13
-95.10
-95.11
-95.26
-95.40
-95.46
-95.60
-95.56
-95.46
-95.50
-95.31
-95.27
-95.35
-95.29
-95.35
-95.28
-95.14
-95.27
-95.24
-95.18
-95.21
-95.05
-95.21
-95.16
-95.18
-95.10
-94.98
-95.12
-95.33
-95.34
-95.33
-95.21
-95.25
-95.29
-95.32
-95.37
-95.47
-95.53
-95.52
-95.54
-95.48
-95.52
-95.60
-95.67
-95.76
-95.67
-95.71
-95.60
-95.40
-95.43
-95.25
-95.19
-95.50
-95.44
-95.55
-95.71
-95.68
-95.59
-95.72
-95.59
-95.47
-95.48
-95.29
-95.26
-95.15
-95.20
-95.41
-95.43
-95.62
-95.25
-95.15
-95.10
-95.10
-95.36
-95.27
-95.30
-95.28
-95.32
-95.36
-95.38
-95.29
-95.12
-95.08
-95.04
-95.18
-95.24
-95.11
-94.95
-95.13
-95.17
-95.24
-95.36
-95.22
-95.25
-95.14
-95.01
-95.02
-94.95
-95.07
-95.37
-95.55
-95.45
-95.41
-95.39
-95.30
-95.43
-95.42
-95.31
-95.26
-95.20
-95.52
-95.75
-95.85
-95.95
-95.48
-88.54
-58.24
-58.23
-58.23
-58.23
-63.34
-93.58
-95.30
-95.25
-95.24
-95.09
-95.07
-95.09
-95.29
-95.39
-95.51
-95.57
-95.66
-95.78
-95.70
-95.52
-95.41
-95.26
-95.33
-95.41
-95.43
-95.44
-95.41
-95.33
-95.43
-95.64
-95.70
-95.82
-95.96
-95.78
