Frequency: 1.000000
Sample Rate: 1000000.000000
Vector Length: 1
Notes: 
-379.30
-102.79
-100.27
-98.59
-97.67
-97.58
-97.59
-97.48
-97.47
-97.52
-97.48
-97.69
-97.72
-97.74
-97.73
-97.59
-97.50
-97.39
-97.54
-97.47
-97.59
-97.66
-97.62
-97.56
-97.53
-97.47
-97.60
-97.64
-97.57
-97.61
-97.63
-97.43
-97.44
-97.56
-97.48
-97.41
-97.36
-97.28
-97.42
-97.34
-97.52
-97.59
-97.72
-97.64
-97.57
-97.41
-97.35
-97.50
-97.53
-97.59
-97.54
-97.46
-97.48
-97.51
-97.46
-97.45
-97.42
-97.37
-97.53
-97.52
-97.46
-97.53
-97.64
-97.61
-97.67
-97.73
-97.78
-97.89
-97.93
-97.95
-97.89
-97.74
-97.65
-97.64
-97.59
-97.90
-98.00
-97.99
-97.92
-97.84
-97.74
-97.71
-97.75
-97.73
-97.91
-97.74
-97.64
-97.45
-97.41
-97.58
-97.71
-97.71
-97.72
-97.67
-97.53
-97.52
-97.46
-97.51
-97.56
-97.45
-97.62
-97.58
-97.52
-97.69
-97.59
-97.61
-97.64
-97.61
-97.77
-97.78
-97.78
-97.94
-97.82
-97.85
-97.72
-97.63
-97.57
-97.68
-97.71
-97.59
-97.59
-97.55
-97.52
-97.62
-97.65
-97.79
-97.69
-97.71
-97.78
-97.76
-97.88
-97.79
-97.73
-97.73
-97.70
-97.67
-97.52
-97.34
-97.29
-97.26
-97.35
-97.45
-97.62
-97.55
-97.58
-97.66
-97.67
-97.85
-97.76
-97.73
-97.69
-97.67
-97.65
-97.44
-97.31
-97.37
-97.62
-97.62
-97.74
-97.73
-97.67
-97.78
-97.59
-97.55
-97.52
-97.35
-97.48
-97.37
-97.63
-97.67
-97.60
-97.72
-97.59
-97.50
-97.49
-97.69
-97.67
-97.76
-97.69
-97.68
-97.63
-97.59
-97.52
-97.57
-97.48
-97.54
-97.59
-97.41
-97.50
-97.65
-97.72
-97.77
-97.85
-97.86
-97.74
-97.90
-97.74
-97.61
-97.44
-97.52
-97.57
-97.71
-97.84
-97.65
-97.47
-97.44
-97.52
-97.59
-97.70
-97.60
-97.53
-97.50
-97.46
-97.51
-97.54
-97.56
-97.44
-97.50
-97.37
-96.88
-96.59
-96.12
-91.03
-82.33
-54.39
-54.38
-54.38
-54.39
-60.35
-87.60
-93.90
-97.43
-97.43
-97.38
-97.31
-97.41
-97.48
-97.42
-97.41
-97.47
-97.58
-97.66
-97.78
-97.76
-97.82
-97.78
-97.86
-97.85
-97.70
-97.77
-97.56
-97.71
-97.76
-97.69
-97.78
-97.74
-97.85
-97.75
-97.76
-97.68
-97.60
-97.65
-97.64
-97.66
-97.62
-97.72
-97.72
-97.74
-97.69
-97.69
-97.65
-97.58
-97.67
-97.58
-97.57
-97.46
-97.52
-97.50
-97.56
-97.51
-97.55
-97.63
-97.61
-97.93
-97.75
-97.57
-97.56
-97.44
-97.47
-97.49
-97.59
-97.64
-97.59
-97.68
-97.67
-97.67
-97.71
-97.59
-97.41
-97.45
-97.44
-97.44
-97.68
-97.76
-97.74
-97.72
-97.68
-97.62
-97.61
-97.51
-97.54
-97.55
-97.55
-97.61
-97.52
-97.53
-97.60
-97.61
-97.61
-97.63
-97.74
-97.72
-97.64
-97.70
-97.78
-97.66
-97.75
-97.77
-97.58
-97.49
-97.43
-97.62
-97.47
-97.45
-97.58
-97.54
-97.54
-97.56
-97.68
-97.63
-97.64
-97.63
-97.41
-97.39
-97.38
-97.56
-97.54
-97.67
-97.62
-97.61
-97.69
-97.69
-97.69
-97.70
-97.65
-97.59
-97.63
-97.45
-97.47
-97.59
-97.64
-97.83
-97.81
-97.64
-97.69
-97.65
-97.68
-97.59
-97.59
-97.64
-97.70
-97.80
-97.64
-97.55
-97.54
-97.40
-97.32
-97.35
-97.28
-97.46
-97.54
-97.55
-97.62
-97.63
-97.75
-97.68
-97.68
-97.55
-97.48
-97.50
-97.59
-97.57
-97.56
-97.46
-97.54
-97.62
-97.70
-97.74
-97.69
-97.80
-97.79
-97.72
-97.65
-97.54
-97.48
-97.61
-97.69
-97.82
-97.81
-97.77
-97.62
-97.62
-97.53
-97.35
-97.30
-97.35
-97.38
-97.55
-97.80
-97.87
