Frequency: 1.000000
Sample Rate: 1000000.000000
Vector Length: 1
Notes: 
-379.30
-102.86
-100.46
-98.81
-97.77
-97.67
-97.58
-97.53
-97.77
-97.67
-97.73
-97.87
-97.70
-97.57
-97.55
-97.44
-97.33
-97.37
-97.36
-97.36
-97.53
-97.69
-97.72
-97.92
-97.76
-97.63
-97.64
-97.33
-97.27
-97.41
-97.45
-97.50
-97.70
-97.55
-97.62
-97.77
-97.69
-97.54
-97.64
-97.49
-97.29
-97.54
-97.41
-97.46
-97.54
-97.40
-97.48
-97.45
-97.43
-97.39
-97.38
-97.34
-97.31
-97.34
-97.40
-97.45
-97.43
-97.54
-97.43
-97.37
-97.41
-97.34
-97.47
-97.52
-97.66
-97.77
-97.70
-97.63
-97.58
-97.59
-97.70
-97.57
-97.84
-97.68
-97.61
-97.61
-97.36
-97.45
-97.61
-97.65
-97.70
-97.65
-97.61
-97.66
-97.63
-97.63
-97.62
-97.54
-97.60
-97.79
-97.59
-97.67
-97.68
-97.55
-97.76
-97.80
-97.61
-97.64
-97.50
-97.43
-97.52
-97.58
-97.58
-97.52
-97.50
-97.50
-97.59
-97.69
-97.66
-97.62
-97.59
-97.54
-97.43
-97.47
-97.45
-97.44
-97.42
-97.47
-97.50
-97.51
-97.71
-97.80
-97.57
-97.55
-97.49
-97.31
-97.62
-97.61
-97.64
-97.71
-97.56
-97.66
-97.65
-97.82
-97.90
-97.84
-97.65
-97.42
-97.31
-97.20
-97.31
-97.53
-97.54
-97.53
-97.60
-97.51
-97.55
-97.65
-97.65
-97.52
-97.58
-97.57
-97.68
-97.77
-97.67
-97.91
-97.87
-97.70
-97.59
-97.52
-97.43
-97.40
-97.37
-97.51
-97.50
-97.48
-97.53
-97.49
-97.39
-97.50
-97.54
-97.54
-97.66
-97.63
-97.71
-97.67
-97.57
-97.60
-97.60
-97.60
-97.65
-97.55
-97.70
-97.54
-97.60
-97.61
-97.45
-97.64
-97.69
-97.65
-97.80
-97.60
-97.54
-97.64
-97.69
-97.76
-97.60
-97.44
-97.59
-97.62
-97.79
-97.84
-97.82
-97.63
-97.44
-97.54
-97.47
-97.67
-97.79
-97.74
-97.74
-97.53
-97.45
-97.23
-97.37
-97.44
-97.49
-97.58
-97.39
-97.39
-97.12
-97.16
-97.34
-97.32
-97.52
-97.57
-97.68
-97.72
-97.71
-97.73
-97.73
-97.80
-97.65
-97.60
-97.57
-97.52
-97.65
-97.75
-97.76
-97.57
-97.49
-97.33
-97.26
-97.21
-97.31
-97.21
-97.22
-97.30
-97.25
-97.52
-97.63
-97.78
-97.68
-97.70
-97.60
-97.41
-97.43
-97.58
-97.56
-97.66
-97.78
-97.72
-97.65
-97.63
-97.64
-97.47
-97.44
-97.53
-97.35
-97.34
-97.34
-97.36
-97.40
-97.54
-97.59
-97.62
-97.64
-97.67
-97.68
-97.67
-97.67
-97.69
-97.75
-97.77
-97.63
-97.60
-97.43
-97.59
-97.77
-97.85
-97.99
-97.92
-97.75
-97.66
-97.74
-97.73
-97.50
-97.49
-97.47
-97.46
-97.68
-97.63
-97.62
-97.62
-97.59
-97.61
-97.57
-97.60
-97.68
-97.56
-97.41
-97.45
-97.55
-97.59
-97.75
-97.70
-97.48
-97.38
-97.47
-97.62
-97.68
-97.85
-97.82
-97.70
-97.58
-97.57
-97.62
-97.56
-97.60
-97.08
-97.12
-96.69
-95.90
-84.81
-58.50
-58.49
-58.49
-58.50
-83.78
-95.60
-97.32
-97.66
-97.83
-97.81
-97.67
-97.78
-97.67
-97.72
-97.79
-97.56
-97.49
-97.51
-97.41
-97.59
-97.56
-97.55
-97.52
-97.50
-97.57
-97.49
-97.65
-97.33
-97.35
-97.29
-97.15
-97.37
-97.34
-97.54
-97.68
-97.71
-97.87
-97.93
-97.82
-97.90
-97.76
-97.73
-97.76
-97.64
-97.52
-97.50
-97.42
-97.38
-97.44
-97.54
-97.62
-97.77
-97.59
-97.60
-97.46
-97.40
-97.47
-97.43
-97.39
-97.40
-97.48
-97.51
-97.65
-97.76
-97.71
-97.66
-97.53
-97.45
-97.55
-97.64
-97.88
-97.73
-97.70
-97.65
-97.40
-97.45
-97.58
-97.64
-97.59
-97.56
-97.41
-97.57
-97.57
-97.60
-97.66
-97.48
