Frequency: 1.000000
Sample Rate: 1000000.000000
Vector Length: 1
Notes: 
-379.30
-102.11
-99.58
-98.10
-97.00
-97.01
-97.03
-97.05
-96.96
-96.86
-96.90
-96.64
-96.70
-96.68
-96.71
-96.70
-96.71
-96.71
-96.70
-96.81
-96.77
-96.80
-97.01
-97.06
-96.94
-97.00
-96.94
-96.79
-96.78
-96.81
-96.67
-96.81
-96.74
-96.67
-96.73
-96.78
-96.71
-96.67
-96.77
-96.63
-96.75
-96.95
-97.02
-97.18
-97.08
-96.78
-96.79
-96.70
-96.59
-96.71
-96.66
-96.68
-96.71
-96.88
-96.90
-96.80
-96.81
-96.69
-96.80
-96.72
-96.70
-96.71
-96.65
-96.75
-96.81
-97.04
-97.11
-97.08
-97.13
-97.02
-97.03
-96.94
-96.92
-96.95
-96.79
-96.71
-96.67
-96.69
-96.89
-96.89
-96.90
-96.85
-96.81
-96.85
-97.08
-97.09
-97.00
-97.14
-96.93
-96.98
-97.02
-96.91
-96.92
-96.69
-96.74
-96.61
-96.55
-96.64
-96.74
-96.69
-96.85
-96.89
-96.88
-96.85
-96.85
-96.73
-96.68
-96.78
-96.88
-96.83
-96.85
-96.85
-96.77
-96.66
-96.75
-96.73
-96.68
-96.76
-96.72
-96.79
-96.89
-96.95
-96.82
-96.64
-96.53
-96.42
-96.31
-96.51
-96.52
-96.51
-96.06
-95.56
-95.33
-95.16
-94.88
-95.10
-94.71
-93.77
-85.20
-46.58
-45.45
-45.45
-45.45
-58.78
-90.85
-92.46
-92.57
-92.57
-94.35
-96.86
-96.68
-96.88
-96.89
-97.07
-97.27
-97.16
-97.19
-97.14
-96.89
-96.92
-96.87
-96.76
-96.91
-96.78
-96.71
-96.68
-96.51
-96.55
-96.61
-96.67
-96.84
-96.79
-96.91
-96.81
-96.75
-96.88
-96.94
-96.98
-97.10
-97.01
-97.01
-96.83
-96.78
-96.85
-96.88
-96.89
-97.04
-96.96
-96.83
-96.84
-96.66
-96.74
-96.94
-96.85
-96.96
-96.93
-96.78
-96.91
-96.96
-97.06
-97.04
-97.08
-97.00
-96.97
-96.86
-96.99
-96.82
-96.91
-96.91
-96.77
-96.78
-96.75
-96.82
-96.80
-96.84
-96.84
-96.71
-96.57
-96.60
-96.72
-96.84
-96.96
-97.02
-96.99
-96.79
-96.93
-96.89
-97.05
-96.83
-96.83
-96.74
-96.77
-96.71
-96.82
-96.67
-96.56
-96.68
-96.68
-96.81
-96.88
-96.77
-96.76
-96.61
-96.75
-96.85
-96.73
-96.85
-96.72
-96.58
-96.89
-96.69
-96.71
-96.78
-96.65
-96.72
-96.85
-96.88
-96.91
-96.94
-96.85
-96.81
-96.70
-96.69
-96.66
-96.89
-96.79
-96.79
-96.74
-96.69
-96.89
-96.78
-96.84
-96.84
-96.74
-96.78
-96.91
-97.02
-96.98
-97.03
-96.91
-96.94
-96.90
-96.90
-97.00
-96.94
-96.95
-96.88
-96.71
-96.52
-96.61
-96.84
-96.97
-97.26
-97.23
-97.23
-97.19
-97.00
-96.83
-96.72
-96.63
-96.80
-96.86
-96.88
-96.94
-96.88
-97.08
-97.20
-97.30
-97.20
-97.12
-97.05
-96.96
-96.98
-96.98
-96.89
-96.71
-96.86
-96.89
-96.90
-96.92
-96.93
-96.86
-96.92
-96.77
-96.72
-96.87
-96.77
-96.98
-97.06
-96.93
-96.94
-96.85
-96.82
-96.83
-96.78
-96.73
-96.87
-96.90
-96.96
-96.84
-96.86
-96.79
-96.85
-97.00
-96.95
-97.02
-96.82
-96.63
-96.72
-96.70
-96.76
-96.89
-96.95
-97.05
-97.12
-96.98
-97.00
-97.00
-96.73
-96.75
-96.55
-96.70
-96.73
-96.69
-96.82
-96.75
-96.76
-96.89
-96.86
-96.94
-96.79
-96.71
-96.75
-96.79
-96.88
-97.13
-97.05
-97.03
-96.92
-96.91
-96.87
-96.88
-96.85
-96.90
-96.88
-96.85
-96.98
-96.89
-96.82
-96.91
-96.78
-96.86
-96.86
-96.77
-96.79
-96.76
-96.73
-96.74
-96.87
-96.92
-96.91
-96.95
-96.84
-96.86
-96.92
-96.82
-96.91
-96.85
-96.90
-97.02
-96.97
-97.01
-97.03
-97.05
-97.15
-97.00
-96.89
-96.92
-96.71
-96.81
