Frequency: 1.000000
Sample Rate: 1000000.000000
Vector Length: 1
Notes: 
-379.30
-102.72
-100.12
-98.56
-97.47
-97.38
-97.44
-97.43
-97.53
-97.56
-97.50
-97.57
-97.39
-97.50
-97.47
-97.61
-97.55
-97.57
-97.43
-97.31
-97.39
-97.15
-97.41
-97.56
-97.41
-97.49
-97.46
-97.46
-97.57
-97.82
-97.86
-97.78
-97.80
-97.86
-97.70
-97.64
-97.59
-97.40
-97.34
-97.38
-97.38
-97.41
-97.54
-97.41
-97.38
-97.46
-97.40
-97.51
-97.52
-97.47
-97.51
-97.63
-97.43
-97.45
-97.52
-97.46
-97.52
-97.55
-97.44
-97.56
-97.56
-97.44
-97.41
-97.37
-97.34
-97.47
-97.36
-97.37
-97.39
-97.30
-97.41
-97.48
-97.56
-97.60
-97.63
-97.64
-97.57
-97.40
-97.42
-97.39
-97.49
-97.50
-97.61
-97.47
-97.35
-97.17
-97.11
-97.28
-97.34
-97.50
-97.44
-97.43
-97.45
-97.52
-97.56
-97.61
-97.52
-97.24
-97.25
-97.05
-96.97
-97.14
-97.26
-97.46
-97.48
-97.49
-97.41
-97.30
-97.41
-97.48
-97.54
-97.55
-97.49
-97.44
-97.29
-97.33
-97.21
-97.21
-97.18
-97.30
-97.41
-97.48
-97.40
-97.25
-97.19
-97.20
-97.22
-97.18
-97.35
-97.39
-97.31
-97.56
-97.52
-97.47
-97.47
-97.45
-97.45
-97.39
-97.62
-97.50
-97.41
-97.46
-97.39
-97.29
-97.49
-97.60
-97.56
-97.51
-97.14
-96.92
-96.75
-96.08
-96.16
-95.72
-95.23
-92.39
-49.09
-47.78
-47.78
-47.78
-51.31
-94.74
-94.37
-94.42
-94.42
-95.98
-97.36
-97.18
-97.27
-97.23
-97.09
-97.27
-97.27
-97.41
-97.55
-97.52
-97.41
-97.47
-97.36
-97.32
-97.30
-97.24
-97.28
-97.23
-97.38
-97.42
-97.38
-97.40
-97.32
-97.34
-97.16
-97.10
-97.16
-97.23
-97.27
-97.27
-97.42
-97.29
-97.38
-97.49
-97.48
-97.43
-97.37
-97.57
-97.41
-97.40
-97.52
-97.41
-97.48
-97.50
-97.36
-97.43
-97.45
-97.36
-97.21
-97.30
-97.19
-97.30
-97.44
-97.44
-97.41
-97.39
-97.37
-97.19
-97.28
-97.30
-97.32
-97.38
-97.40
-97.52
-97.64
-97.68
-97.68
-97.54
-97.40
-97.37
-97.37
-97.43
-97.42
-97.36
-97.33
-97.46
-97.62
-97.63
-97.58
-97.58
-97.34
-97.42
-97.44
-97.29
-97.34
-97.39
-97.28
-97.41
-97.31
-97.33
-97.41
-97.44
-97.38
-97.40
-97.43
-97.46
-97.68
-97.72
-97.60
-97.39
-97.31
-97.39
-90.95
-88.32
-88.33
-88.31
-89.18
-97.27
-97.23
-97.37
-97.46
-97.61
-97.71
-97.64
-97.57
-97.49
-97.43
-97.39
-97.31
-97.38
-97.55
-97.58
-97.68
-97.58
-97.44
-97.30
-97.26
-97.25
-97.17
-97.32
-97.36
-97.37
-97.50
-97.46
-97.45
-97.58
-97.51
-97.50
-97.42
-97.47
-97.42
-97.35
-97.46
-97.44
-97.49
-97.43
-97.33
-97.42
-97.42
-97.54
-97.57
-97.45
-97.36
-97.50
-97.38
-97.52
-97.47
-97.37
-97.56
-97.53
-97.52
-97.39
-97.28
-97.23
-97.20
-97.28
-97.20
-97.29
-97.29
-97.29
-97.40
-97.42
-97.49
-97.58
-97.54
-97.45
-97.49
-97.47
-97.33
-97.31
-97.24
-97.22
-97.12
-97.41
-97.42
-97.44
-97.56
-97.50
-97.46
-97.34
-97.31
-97.35
-97.31
-97.35
-97.23
-97.20
-97.19
-97.20
-97.33
-97.44
-97.34
-97.49
-97.49
-97.36
-97.60
-97.69
-97.56
-97.65
-97.49
-97.37
-97.24
-97.29
-97.17
-97.15
-97.15
-97.06
-97.23
-97.39
-97.32
-97.31
-97.37
-97.26
-97.17
-97.24
-97.20
-97.15
-97.31
-97.27
-97.35
-97.32
-97.35
-97.62
-97.41
-97.46
-97.43
-97.28
-97.34
-97.24
-97.27
-97.40
-97.43
-97.39
-97.52
-97.35
-97.30
-97.33
-97.29
-97.36
-97.32
-97.32
-97.34
-97.27
-97.38
