Frequency: 1.000000
Sample Rate: 1000000.000000
Vector Length: 1
Notes: 
-379.30
-102.38
-100.02
-98.59
-97.46
-97.63
-97.47
-97.47
-97.61
-97.47
-97.55
-97.53
-97.46
-97.47
-97.63
-97.57
-97.62
-97.76
-97.73
-97.79
-97.74
-97.68
-97.56
-97.58
-97.60
-97.64
-97.65
-97.68
-97.65
-97.50
-97.47
-97.52
-97.51
-97.50
-97.69
-97.69
-97.72
-97.80
-97.67
-97.70
-97.59
-97.42
-97.41
-97.44
-97.31
-97.37
-97.48
-97.38
-97.41
-97.45
-97.42
-97.49
-97.55
-97.51
-97.44
-97.64
-97.65
-97.52
-97.70
-97.45
-97.43
-97.56
-97.47
-97.48
-97.55
-97.53
-97.77
-97.75
-97.96
-97.91
-97.70
-97.58
-97.45
-97.43
-97.44
-97.51
-97.52
-97.54
-97.52
-97.48
-97.49
-97.52
-97.52
-97.50
-97.58
-97.61
-97.58
-97.53
-97.56
-97.62
-97.71
-97.61
-97.46
-97.30
-97.29
-97.44
-97.46
-97.64
-97.48
-97.40
-97.45
-97.48
-97.74
-97.83
-97.79
-97.64
-97.55
-97.59
-97.63
-97.68
-97.66
-97.80
-97.74
-97.70
-97.68
-97.50
-97.53
-97.48
-97.67
-97.60
-97.61
-97.47
-97.40
-97.37
-97.49
-97.58
-97.68
-97.72
-97.66
-97.50
-97.44
-97.42
-97.52
-97.57
-97.53
-97.56
-97.52
-97.50
-97.42
-97.48
-97.48
-97.60
-97.73
-97.81
-97.94
-97.82
-97.84
-97.67
-97.51
-97.32
-97.40
-97.34
-97.49
-97.73
-97.74
-97.75
-97.52
-97.22
-96.94
-96.62
-90.87
-89.60
-89.64
-89.68
-91.22
-97.55
-97.36
-97.35
-97.42
-97.49
-97.39
-97.47
-97.23
-97.31
-97.44
-97.48
-97.52
-97.43
-97.45
-97.57
-97.59
-97.65
-97.59
-97.56
-97.75
-97.71
-97.67
-97.45
-97.39
-97.37
-97.38
-97.62
-97.48
-97.57
-97.49
-97.37
-97.43
-97.36
-97.41
-97.59
-97.62
-97.73
-97.60
-97.57
-97.47
-97.53
-97.58
-97.59
-97.63
-97.53
-97.60
-97.57
-97.58
-97.49
-97.43
-97.39
-97.40
-97.38
-97.46
-97.48
-97.46
-97.57
-97.57
-97.55
-97.45
-97.44
-97.49
-97.41
-97.58
-97.59
-97.61
-97.63
-97.63
-97.60
-97.67
-97.51
-97.57
-97.49
-97.45
-97.57
-97.44
-97.53
-97.48
-97.65
-97.68
-97.60
-97.63
-97.52
-97.70
-97.75
-97.85
-97.87
-97.88
-97.83
-97.76
-97.76
-97.59
-97.55
-97.46
-97.52
-97.67
-97.64
-97.59
-97.43
-97.31
-97.30
-97.18
-97.29
-97.39
-97.32
-97.52
-97.35
-97.18
-97.32
-97.39
-97.44
-97.61
-97.45
-97.23
-97.20
-97.19
-97.27
-97.45
-97.50
-97.49
-97.68
-97.56
-97.62
-97.54
-97.67
-97.68
-97.59
-97.51
-97.37
-97.38
-97.51
-97.56
-97.37
-97.42
-97.42
-97.44
-97.59
-97.66
-97.59
-97.56
-97.63
-97.48
-97.55
-97.80
-97.74
-97.68
-97.72
-97.35
-97.44
-97.55
-97.54
-97.55
-97.73
-97.59
-97.55
-97.54
-97.48
-97.46
-97.44
-97.37
-97.36
-97.45
-97.67
-97.61
-97.69
-97.65
-97.62
-97.47
-97.39
-97.35
-97.39
-97.39
-97.49
-97.62
-97.67
-97.72
-97.68
-97.70
-97.61
-97.42
-97.45
-97.30
-97.33
-97.44
-97.60
-97.73
-97.64
-97.72
-97.68
-97.54
-97.58
-97.72
-97.70
-97.73
-97.69
-97.65
-97.55
-97.72
-97.80
-97.73
-97.82
-97.61
-97.50
-97.44
-97.36
-97.40
-97.34
-97.50
-97.39
-97.40
-97.53
-97.46
-97.48
-97.71
-97.63
-97.57
-97.41
-97.29
-97.28
-97.31
-97.32
-97.65
-97.58
-97.59
-97.70
-97.59
-97.48
-97.55
-97.45
-97.37
-97.43
-97.41
-97.46
-97.64
-97.56
-97.63
-97.65
-97.78
-97.94
-97.93
-97.98
-97.98
-97.77
-97.77
-97.68
-97.62
-97.52
-97.55
-97.46
-97.51
-97.55
-97.64
-97.84
-97.91
-97.88
