Frequency: 1.000000
Sample Rate: 1000000.000000
Vector Length: 1
Notes: 
-379.30
-102.23
-99.77
-98.17
-97.23
-97.28
-97.29
-97.12
-97.11
-97.09
-97.03
-97.20
-97.14
-97.15
-97.14
-97.21
-97.32
-97.33
-97.32
-97.28
-97.25
-97.25
-97.28
-97.36
-97.23
-97.30
-97.27
-97.35
-97.33
-97.26
-97.30
-97.07
-97.22
-97.23
-97.09
-97.29
-97.21
-97.25
-97.33
-97.28
-97.21
-97.07
-96.93
-97.08
-97.09
-97.19
-97.17
-97.23
-97.17
-97.31
-97.24
-97.11
-97.06
-97.11
-96.96
-97.11
-97.08
-97.00
-97.08
-97.20
-97.11
-97.24
-97.20
-97.22
-97.15
-97.22
-97.20
-97.05
-97.14
-97.14
-97.30
-97.37
-97.39
-97.42
-97.33
-97.22
-97.11
-97.13
-97.09
-97.21
-97.24
-97.27
-97.20
-97.23
-97.13
-97.22
-97.33
-97.28
-97.33
-97.33
-97.17
-97.25
-97.25
-97.10
-97.07
-96.93
-96.87
-96.97
-97.01
-97.05
-97.03
-96.98
-97.05
-97.12
-97.13
-97.24
-97.26
-97.32
-97.35
-97.40
-97.45
-97.29
-97.20
-97.15
-97.13
-97.18
-97.17
-97.30
-97.11
-97.25
-97.26
-97.30
-97.52
-97.35
-97.36
-97.17
-96.99
-97.01
-97.05
-97.12
-97.22
-97.21
-97.06
-97.02
-97.14
-97.09
-97.23
-97.13
-97.19
-97.21
-97.29
-97.38
-97.36
-97.30
-97.37
-97.44
-97.37
-97.41
-97.20
-97.01
-96.90
-96.83
-96.94
-96.88
-97.07
-97.20
-97.14
-97.25
-97.13
-97.08
-97.30
-97.35
-97.42
-97.50
-97.33
-97.28
-97.16
-97.04
-97.17
-97.17
-97.20
-97.43
-97.48
-97.53
-97.37
-97.25
-96.99
-96.82
-96.87
-96.86
-96.98
-97.09
-97.17
-97.36
-97.32
-97.39
-97.32
-97.24
-97.19
-97.24
-97.32
-97.29
-97.32
-97.30
-97.24
-97.16
-97.02
-96.98
-97.01
-97.05
-97.21
-97.27
-97.35
-97.36
-97.14
-97.19
-97.26
-97.31
-97.53
-97.30
-97.22
-97.07
-97.03
-97.16
-97.08
-97.02
-97.06
-97.21
-97.31
-97.57
-97.47
-97.38
-97.28
-97.04
-97.07
-97.09
-97.02
-97.05
-97.08
-97.20
-97.14
-97.28
-97.20
-97.01
-97.08
-97.01
-96.97
-97.00
-97.11
-97.23
-97.25
-97.30
-97.24
-96.93
-97.06
-96.93
-96.82
-97.09
-97.02
-97.14
-97.00
-96.92
-97.00
-97.03
-97.21
-97.27
-97.26
-97.18
-96.98
-96.99
-96.92
-97.00
-97.01
-96.77
-96.75
-96.88
-96.99
-97.19
-97.32
-97.24
-97.32
-97.33
-97.25
-97.21
-97.17
-97.17
-97.09
-97.05
-97.13
-97.15
-97.28
-97.47
-97.36
-97.43
-97.22
-97.19
-97.21
-97.14
-97.18
-97.17
-97.16
-97.15
-97.09
-97.18
-97.18
-97.14
-97.14
-97.19
-97.06
-97.18
-97.10
-96.96
-97.20
-97.09
-97.26
-97.38
-97.22
-97.42
-97.28
-97.32
-97.42
-97.35
-97.36
-97.43
-97.57
-97.56
-97.28
-97.29
-97.24
-97.21
-97.38
-97.45
-97.23
-97.18
-97.16
-97.22
-97.21
-97.35
-97.29
-97.27
-97.27
-97.30
-97.17
-97.27
-97.37
-97.34
-97.32
-97.24
-97.17
-97.21
-97.46
-97.32
-97.36
-97.13
-97.06
-96.99
-97.07
-97.13
-97.19
-97.19
-97.07
-97.15
-97.17
-97.24
-97.40
-97.37
-97.46
-97.20
-97.11
-97.13
-97.15
-97.22
-97.38
-97.31
-97.28
-97.16
-97.20
-97.25
-97.24
-97.53
-97.35
-97.36
-97.32
-97.39
-97.37
-97.37
-97.25
-97.24
-97.26
-97.34
-97.30
-97.12
-97.22
-97.23
-97.23
-97.30
-97.40
-97.48
-97.61
-97.56
-97.21
-97.10
-97.04
-96.96
-97.09
-97.12
-97.10
-97.15
-97.32
-97.31
-97.35
-97.26
-97.16
-97.11
-97.14
-97.20
-97.27
-97.39
-97.38
-97.30
-97.35
-97.20
-97.17
-97.16
-97.16
-97.05
-97.12
-97.07
