Frequency: 1.000000
Sample Rate: 1000000.000000
Vector Length: 1
Notes: 
-379.30
-102.50
-99.83
-98.20
-97.02
-97.09
-97.00
-97.00
-97.19
-97.10
-97.19
-97.18
-97.24
-97.25
-97.12
-97.01
-96.86
-96.86
-96.95
-97.07
-97.07
-97.07
-96.97
-96.98
-97.06
-96.99
-96.99
-96.96
-96.94
-96.99
-97.03
-97.11
-96.97
-97.03
-97.00
-97.03
-96.99
-97.14
-97.14
-97.37
-97.36
-97.36
-97.15
-96.91
-96.95
-96.82
-96.87
-96.97
-96.95
-97.03
-97.21
-97.30
-97.17
-97.20
-97.05
-96.82
-96.87
-96.95
-97.00
-96.93
-96.94
-96.97
-96.93
-97.03
-97.11
-97.07
-97.16
-97.13
-97.08
-96.91
-96.95
-96.90
-97.03
-97.05
-97.13
-97.04
-97.00
-97.07
-97.13
-97.19
-97.18
-96.98
-96.91
-96.98
-96.95
-96.89
-96.70
-96.77
-96.70
-96.82
-96.98
-96.95
-96.92
-97.04
-97.21
-97.24
-97.29
-97.33
-97.29
-97.21
-97.33
-97.20
-97.14
-97.10
-96.92
-96.95
-96.89
-96.99
-96.86
-96.98
-97.03
-97.02
-97.06
-97.12
-97.03
-96.96
-97.11
-97.04
-96.85
-96.88
-96.75
-96.77
-96.82
-96.95
-96.88
-96.88
-97.01
-97.00
-97.00
-97.09
-96.89
-96.92
-97.00
-96.91
-96.86
-96.54
-96.45
-96.54
-96.72
-97.04
-97.26
-97.14
-96.99
-96.88
-96.74
-96.66
-96.73
-96.98
-97.09
-97.18
-97.15
-96.99
-96.96
-96.92
-96.82
-96.93
-97.08
-97.22
-97.18
-97.18
-96.92
-97.01
-97.04
-96.86
-96.93
-96.88
-96.85
-96.88
-96.94
-96.88
-96.85
-96.90
-96.90
-97.00
-96.96
-96.83
-96.93
-96.74
-96.82
-96.82
-96.88
-96.86
-96.94
-96.96
-96.83
-96.85
-96.71
-96.53
-96.84
-96.63
-96.76
-96.89
-96.87
-97.15
-97.13
-97.05
-96.98
-96.94
-96.87
-96.81
-96.74
-96.61
-96.63
-96.68
-96.77
-96.78
-96.79
-96.84
-96.79
-96.75
-96.72
-96.76
-96.67
-96.62
-96.77
-96.83
-97.04
-97.12
-97.08
-97.05
-96.97
-96.90
-97.05
-96.96
-97.01
-96.89
-96.82
-96.75
-96.85
-96.92
-97.15
-97.21
-97.15
-97.03
-96.92
-96.99
-96.92
-97.07
-96.94
-96.86
-97.00
-97.01
-97.17
-97.26
-97.16
-97.12
-96.98
-97.01
-97.13
-97.16
-97.10
-97.07
-97.02
-96.95
-96.89
-96.81
-96.85
-96.85
-96.97
-97.00
-96.95
-96.91
-96.84
-96.83
-96.93
-97.00
-97.17
-97.03
-96.95
-96.79
-96.70
-96.76
-96.92
-97.09
-97.27
-97.12
-97.20
-97.04
-96.88
-97.01
-96.91
-96.88
-96.93
-96.99
-97.01
-96.98
-96.97
-96.92
-96.91
-96.95
-97.03
-97.05
-97.01
-97.08
-96.75
-96.61
-96.62
-96.40
-96.58
-96.77
-96.82
-96.97
-96.86
-96.86
-96.80
-96.75
-96.77
-96.80
-96.18
-94.70
-86.28
-48.64
-48.64
-48.64
-48.64
-84.01
-94.47
-95.78
-96.38
-96.66
-96.64
-96.63
-96.76
-96.81
-97.05
-97.09
-95.80
-94.43
-94.40
-94.39
-94.33
-96.87
-96.78
-96.67
-96.87
-96.99
-97.07
-97.22
-97.25
-97.32
-97.28
-97.27
-97.23
-97.09
-96.97
-96.83
-96.94
-96.99
-97.13
-97.32
-97.20
-97.20
-97.04
-96.84
-96.92
-96.73
-96.65
-96.79
-96.69
-96.87
-96.97
-97.01
-97.19
-97.25
-97.31
-97.31
-97.11
-97.02
-96.90
-96.74
-96.84
-96.92
-96.86
-96.90
-96.93
-96.96
-97.00
-96.92
-96.82
-96.83
-96.89
-96.97
-97.08
-97.01
-97.02
-96.95
-97.00
-97.09
-97.07
-97.03
-97.02
-96.98
-97.01
-96.88
-96.81
-96.80
-96.91
-96.98
-97.03
-97.05
-96.92
-96.84
-96.85
-96.92
-97.13
-97.10
-96.95
-96.97
-96.93
-96.89
-97.04
-96.98
-97.07
-97.01
-97.09
-97.02
-96.84
-96.82
-96.67
-96.60
