Frequency: 1.000000
Sample Rate: 1000000.000000
Vector Length: 1
Notes: 
-379.30
-73.82
-46.80
-46.80
-46.80
-46.80
-82.67
-91.93
-94.47
-95.67
-93.95
-94.31
-94.39
-94.50
-96.69
-97.09
-96.96
-97.07
-97.05
-97.12
-97.16
-97.21
-97.17
-97.17
-97.24
-97.10
-97.28
-97.12
-97.18
-97.31
-97.27
-97.27
-97.35
-97.31
-97.41
-97.41
-97.32
-97.44
-97.48
-97.41
-97.41
-97.27
-97.18
-97.19
-97.29
-97.41
-97.44
-97.54
-97.39
-97.49
-97.38
-97.44
-97.55
-97.44
-97.33
-97.33
-97.35
-97.40
-97.37
-97.37
-97.49
-97.53
-97.56
-97.52
-97.38
-97.33
-97.32
-97.39
-97.34
-97.47
-97.30
-97.24
-97.19
-97.14
-97.13
-97.15
-97.36
-97.46
-97.61
-97.61
-97.62
-97.56
-97.33
-97.32
-97.19
-97.02
-97.17
-97.39
-97.45
-97.60
-97.65
-97.51
-97.46
-97.47
-97.48
-97.50
-97.50
-97.58
-97.60
-97.60
-97.58
-97.49
-97.37
-97.60
-97.46
-97.43
-97.44
-97.35
-97.52
-97.55
-97.57
-97.52
-97.34
-97.52
-97.54
-97.53
-97.52
-97.33
-97.38
-97.43
-97.61
-97.72
-97.74
-97.62
-97.61
-97.42
-97.31
-97.17
-97.11
-97.26
-97.29
-97.40
-97.32
-97.31
-97.33
-97.36
-97.42
-97.39
-97.40
-97.25
-97.35
-97.35
-97.35
-97.36
-97.26
-97.31
-97.28
-97.21
-97.39
-97.31
-97.53
-97.54
-97.50
-97.56
-97.36
-97.23
-97.17
-97.11
-97.16
-97.35
-97.51
-97.67
-97.59
-97.58
-97.36
-97.33
-97.17
-97.17
-97.23
-97.20
-97.31
-97.53
-97.48
-97.59
-97.57
-97.48
-97.40
-97.34
-97.31
-97.32
-97.23
-97.18
-97.21
-97.30
-97.43
-97.58
-97.55
-97.56
-97.43
-97.35
-97.31
-97.41
-97.58
-97.56
-97.59
-97.47
-97.30
-97.29
-97.18
-97.24
-97.25
-97.21
-97.28
-97.32
-97.24
-97.23
-97.31
-97.31
-97.46
-97.41
-97.23
-97.26
-97.25
-97.22
-97.39
-97.44
-97.28
-97.56
-97.39
-97.42
-97.37
-97.22
-97.28
-97.38
-97.43
-97.66
-97.59
-97.52
-97.29
-97.38
-97.34
-97.40
-97.44
-97.31
-97.23
-97.20
-97.34
-97.33
-97.30
-97.27
-97.26
-97.27
-97.35
-97.37
-97.33
-97.41
-97.32
-97.16
-97.30
-97.28
-97.34
-97.48
-97.48
-97.25
-97.16
-97.02
-97.07
-97.17
-97.41
-97.55
-97.43
-97.48
-97.63
-97.51
-97.55
-97.51
-97.38
-97.34
-97.27
-97.29
-97.38
-97.50
-97.59
-97.55
-97.51
-97.42
-97.45
-97.40
-97.26
-97.15
-97.07
-97.17
-97.13
-97.28
-97.26
-97.14
-97.16
-97.41
-97.37
-97.59
-97.53
-97.46
-97.37
-97.38
-97.56
-97.59
-97.66
-97.64
-97.54
-97.37
-97.39
-97.44
-97.32
-97.34
-97.46
-97.57
-97.59
-97.58
-97.57
-97.38
-97.28
-97.29
-97.14
-97.11
-96.97
-97.18
-97.16
-97.29
-97.34
-97.22
-97.24
-97.14
-97.16
-97.26
-97.30
-97.40
-97.45
-97.44
-97.42
-97.39
-97.41
-97.39
-97.52
-97.49
-97.54
-97.46
-97.41
-97.56
-97.48
-97.42
-97.35
-97.29
-97.32
-97.34
-97.29
-97.36
-97.20
-97.21
-97.31
-97.32
-97.46
-97.51
-97.48
-97.59
-97.55
-97.48
-97.41
-97.28
-97.14
-97.37
-97.37
-97.50
-97.56
-97.65
-97.62
-97.42
-97.47
-97.51
-97.38
-97.57
-97.50
-97.50
-97.49
-97.51
-97.57
-97.53
-97.53
-97.55
-97.48
-97.54
-97.48
-97.52
-97.58
-97.46
-97.63
-97.61
-97.66
-97.72
-97.58
-97.34
-97.20
-97.33
-97.34
-97.43
-97.48
-97.34
-97.33
-97.57
-97.74
-97.57
-97.41
-97.41
-97.27
-97.46
-97.36
-97.39
-97.33
-97.30
-97.47
-97.42
-97.53
-97.45
-97.36
-97.45
-97.42
-97.36
-97.46
-97.35
-97.29
-97.22
-97.23
