Frequency: 1.000000
Sample Rate: 1000000.000000
Vector Length: 1
Notes: 
-379.30
-102.63
-99.85
-98.30
-97.15
-97.11
-97.02
-97.04
-97.08
-96.99
-97.10
-97.15
-97.22
-97.24
-97.37
-97.30
-97.46
-97.36
-97.42
-97.43
-97.23
-97.25
-97.15
-97.13
-97.20
-97.32
-97.39
-97.36
-97.22
-97.26
-97.14
-97.19
-97.27
-97.15
-97.12
-97.17
-97.19
-97.19
-97.21
-97.12
-97.14
-97.14
-97.10
-97.21
-97.17
-97.16
-97.12
-97.21
-97.03
-96.98
-97.17
-97.22
-97.42
-97.58
-97.67
-97.60
-97.58
-97.44
-97.44
-97.38
-97.27
-97.17
-97.21
-97.19
-97.29
-97.47
-97.36
-97.17
-97.11
-97.06
-97.14
-97.11
-97.24
-97.16
-97.27
-97.27
-97.32
-97.27
-97.12
-97.20
-97.29
-97.40
-97.43
-97.37
-97.29
-97.15
-97.27
-97.30
-97.23
-97.37
-97.31
-97.22
-97.21
-97.19
-97.23
-97.21
-97.15
-97.21
-97.20
-97.21
-97.28
-97.29
-97.17
-97.23
-97.19
-97.24
-97.24
-97.31
-97.27
-97.37
-97.45
-97.30
-97.31
-97.20
-97.21
-97.47
-97.30
-97.29
-97.38
-97.24
-97.33
-97.18
-97.17
-97.11
-97.24
-97.28
-97.33
-97.51
-97.58
-97.64
-97.46
-97.38
-97.42
-97.32
-97.26
-97.33
-97.32
-97.30
-97.33
-97.34
-97.28
-97.23
-97.24
-97.22
-97.23
-97.19
-97.07
-97.28
-97.19
-97.22
-97.32
-97.29
-97.29
-97.12
-97.10
-97.08
-97.10
-97.19
-97.33
-97.20
-97.06
-97.08
-97.08
-97.24
-97.24
-97.38
-97.32
-97.15
-97.20
-97.11
-97.18
-97.18
-97.16
-97.22
-97.01
-97.05
-97.18
-97.27
-97.51
-97.56
-97.38
-97.34
-97.34
-97.23
-97.37
-97.15
-97.10
-97.11
-97.21
-97.28
-97.36
-97.54
-97.40
-97.49
-97.32
-97.28
-97.24
-97.22
-97.29
-97.28
-97.22
-97.13
-97.04
-96.94
-97.12
-97.15
-97.15
-97.22
-97.17
-97.22
-97.27
-97.24
-97.35
-97.47
-97.34
-97.37
-97.38
-97.23
-97.09
-97.19
-96.99
-96.95
-97.03
-96.89
-96.96
-96.87
-97.07
-97.18
-97.23
-97.22
-97.17
-97.24
-97.25
-97.29
-97.22
-97.15
-97.22
-97.11
-97.29
-97.29
-97.33
-97.32
-97.28
-97.26
-97.18
-97.09
-97.02
-97.09
-97.12
-97.17
-97.29
-97.30
-97.22
-97.19
-97.19
-97.10
-97.07
-97.09
-96.96
-97.09
-97.18
-97.30
-97.27
-97.37
-97.28
-97.16
-97.19
-97.06
-97.03
-97.07
-97.12
-97.06
-97.05
-97.05
-97.08
-97.12
-97.07
-97.06
-96.92
-96.89
-96.97
-97.12
-97.19
-97.23
-97.39
-97.17
-97.31
-97.11
-97.06
-97.07
-97.08
-97.04
-97.21
-97.31
-97.27
-97.23
-97.02
-96.91
-97.12
-97.31
-97.17
-97.07
-97.09
-96.96
-96.99
-97.03
-96.92
-97.03
-97.11
-97.14
-97.08
-97.16
-97.06
-97.19
-97.12
-97.03
-97.12
-97.18
-97.12
-97.11
-97.15
-97.15
-97.16
-97.10
-97.11
-96.99
-97.02
-97.05
-97.02
-97.18
-97.13
-97.07
-97.15
-97.15
-97.14
-96.95
-97.10
-97.04
-96.96
-97.10
-96.96
-97.08
-97.07
-97.02
-97.07
-97.09
-97.02
-97.03
-97.16
-97.21
-97.21
-97.30
-97.39
-97.26
-97.12
-97.01
-96.95
-97.08
-97.30
-97.37
-97.37
-97.19
-97.09
-97.19
-97.24
-97.39
-97.48
-97.37
-97.33
-97.29
-97.31
-97.00
-96.90
-96.79
-96.89
-97.14
-97.45
-97.38
-97.48
-97.21
-97.10
-97.15
-97.06
-97.09
-97.12
-97.05
-97.10
-97.33
-97.37
-97.17
-97.13
-97.02
-96.98
-97.15
-97.08
-97.05
-96.94
-97.08
-97.23
-97.11
-96.95
-96.88
-96.77
-96.97
-97.17
-97.32
-97.43
-97.35
-97.28
-97.14
-97.18
-97.20
-97.01
-96.92
-97.07
-97.08
-97.21
-97.36
-97.13
-96.99
-96.96
