Frequency: 1.000000
Sample Rate: 1000000.000000
Vector Length: 1
Notes: 
-379.30
-103.96
-100.69
-98.82
-97.57
-97.23
-97.25
-97.34
-97.32
-97.48
-97.45
-97.43
-97.45
-97.25
-97.21
-97.02
-96.95
-97.05
-97.05
-97.07
-97.13
-97.19
-97.25
-97.33
-97.27
-97.33
-97.34
-97.18
-97.08
-97.22
-97.26
-97.28
-97.28
-97.32
-97.52
-97.65
-97.67
-97.46
-97.35
-97.36
-97.40
-97.44
-97.29
-97.25
-97.22
-97.27
-97.24
-97.23
-97.19
-97.24
-97.30
-97.34
-97.30
-97.22
-97.40
-97.32
-97.49
-97.53
-97.40
-97.32
-97.38
-97.44
-97.35
-97.30
-97.22
-97.14
-97.31
-97.67
-97.69
-97.63
-97.49
-97.37
-97.35
-97.47
-97.43
-97.29
-97.19
-97.26
-97.20
-97.23
-97.38
-97.33
-97.36
-97.60
-97.43
-97.28
-97.39
-97.27
-97.32
-97.25
-97.19
-96.95
-97.01
-96.95
-96.93
-97.08
-97.09
-97.20
-97.28
-97.27
-97.38
-97.40
-97.35
-97.43
-97.44
-97.28
-97.24
-97.34
-97.11
-97.18
-97.36
-97.18
-97.22
-97.40
-97.24
-97.13
-97.14
-97.15
-97.03
-97.15
-97.03
-97.05
-97.03
-96.98
-96.97
-97.01
-97.19
-97.42
-97.50
-97.42
-97.16
-97.10
-97.14
-97.05
-97.25
-97.33
-97.43
-97.40
-97.50
-97.18
-97.00
-96.98
-97.13
-97.29
-97.46
-97.51
-97.20
-97.26
-97.14
-97.02
-97.20
-97.20
-97.33
-97.42
-97.42
-97.43
-97.25
-97.06
-97.03
-96.89
-96.91
-96.98
-97.17
-97.33
-97.34
-97.37
-97.40
-97.20
-97.21
-97.14
-97.11
-97.17
-97.20
-97.25
-97.10
-97.17
-97.25
-97.31
-97.28
-97.24
-97.26
-97.16
-97.35
-97.46
-97.37
-97.44
-97.42
-97.25
-97.24
-97.14
-97.36
-97.36
-97.45
-97.37
-97.16
-97.13
-97.02
-97.10
-96.96
-97.17
-97.28
-97.46
-97.64
-97.45
-97.34
-97.28
-97.27
-97.34
-97.37
-97.26
-97.32
-97.48
-97.56
-97.50
-97.53
-97.22
-96.96
-97.15
-97.21
-97.45
-97.66
-97.44
-97.19
-97.20
-97.17
-97.22
-97.42
-97.31
-97.45
-97.28
-97.36
-97.20
-97.30
-97.44
-97.44
-97.63
-97.56
-97.49
-97.28
-97.04
-97.06
-97.16
-97.26
-97.37
-97.33
-97.12
-97.28
-97.40
-97.38
-97.34
-97.23
-97.17
-97.16
-97.12
-97.20
-97.18
-97.10
-97.27
-97.41
-97.42
-97.51
-97.43
-97.36
-97.41
-97.39
-97.43
-97.41
-97.14
-97.08
-96.93
-96.93
-97.00
-97.05
-97.14
-97.06
-97.02
-97.12
-97.08
-97.26
-97.23
-97.26
-97.15
-97.25
-97.29
-97.25
-97.36
-97.34
-97.31
-97.43
-97.44
-97.43
-97.33
-97.21
-97.09
-97.07
-97.16
-97.13
-97.15
-97.13
-97.15
-97.12
-97.16
-97.13
-97.33
-97.25
-97.35
-97.49
-97.36
-97.47
-97.50
-97.39
-97.36
-97.25
-97.21
-97.10
-97.20
-97.18
-97.29
-97.31
-97.15
-97.19
-97.06
-97.08
-97.02
-97.00
-96.86
-96.84
-96.84
-96.96
-97.02
-97.00
-96.95
-96.93
-97.02
-97.01
-97.14
-97.16
-97.30
-97.34
-97.36
-97.23
-97.17
-97.10
-97.14
-97.07
-97.09
-97.11
-97.05
-96.96
-96.81
-94.12
-69.16
-69.14
-69.14
-69.14
-71.07
-96.04
-96.94
-97.11
-97.19
-97.12
-97.17
-97.21
-97.21
-97.15
-97.04
-97.02
-96.95
-96.96
-97.08
-97.01
-97.07
-97.18
-96.90
-97.05
-96.85
-96.83
-97.03
-97.03
-97.28
-97.29
-97.19
-97.14
-97.04
-96.93
-96.98
-96.90
-96.89
-96.83
-96.84
-96.99
-97.09
-97.21
-97.44
-97.21
-97.08
-97.00
-97.07
-97.16
-97.24
-97.20
-97.02
-96.88
-96.89
-96.97
-96.96
-97.20
-97.06
-97.13
-97.28
-97.32
-97.19
-97.24
-97.19
-97.16
-97.35
-97.22
-97.23
-97.19
