Frequency: 1.000000
Sample Rate: 1000000.000000
Vector Length: 1
Notes: 
-379.30
-102.11
-99.71
-98.24
-97.18
-97.21
-97.22
-97.23
-97.29
-97.30
-97.09
-97.13
-97.11
-97.06
-97.16
-97.06
-97.00
-96.88
-96.79
-96.88
-96.87
-97.08
-97.27
-97.18
-97.04
-96.95
-96.95
-96.97
-97.08
-97.11
-97.03
-97.05
-97.10
-97.12
-97.18
-97.16
-97.10
-97.00
-96.92
-97.08
-97.14
-97.08
-97.12
-97.02
-97.03
-97.24
-97.29
-97.38
-97.36
-97.36
-97.34
-97.28
-97.12
-96.95
-96.71
-96.66
-96.91
-96.88
-97.16
-97.10
-96.98
-97.02
-96.99
-97.16
-97.28
-97.21
-97.04
-97.01
-96.97
-97.16
-97.14
-97.11
-97.15
-97.04
-97.03
-97.18
-97.21
-97.09
-97.02
-96.90
-96.75
-96.90
-96.92
-97.03
-97.20
-97.15
-97.12
-97.20
-97.04
-97.20
-97.26
-97.30
-97.30
-97.18
-97.11
-97.06
-97.14
-97.15
-97.06
-97.14
-97.06
-97.05
-97.09
-97.10
-97.16
-97.25
-97.30
-97.19
-97.07
-97.03
-97.05
-97.05
-97.14
-97.21
-97.27
-97.20
-97.14
-97.07
-96.86
-96.90
-96.97
-97.08
-97.10
-97.18
-97.16
-97.19
-97.14
-97.22
-97.16
-97.18
-97.03
-97.03
-96.97
-96.88
-96.94
-96.88
-97.07
-97.26
-97.24
-97.28
-97.26
-97.29
-97.20
-97.13
-97.01
-97.01
-97.09
-97.04
-97.17
-97.04
-97.16
-97.22
-97.20
-97.25
-97.13
-97.13
-97.03
-97.09
-97.11
-97.12
-97.18
-97.13
-97.19
-97.27
-97.28
-97.45
-97.50
-97.42
-97.33
-97.26
-97.25
-97.19
-97.29
-97.23
-97.17
-97.18
-97.09
-97.26
-97.17
-97.12
-97.20
-97.03
-97.06
-97.16
-97.22
-97.18
-97.25
-97.18
-97.24
-97.17
-97.29
-97.30
-97.14
-97.02
-96.93
-96.88
-97.08
-97.12
-97.14
-97.08
-96.82
-96.79
-96.43
-93.00
-68.37
-66.10
-66.09
-66.09
-67.82
-69.88
-65.78
-65.77
-65.77
-66.45
-90.43
-95.21
-96.52
-96.55
-96.95
-97.15
-97.12
-97.23
-97.15
-97.10
-97.09
-97.31
-97.34
-97.32
-97.20
-97.11
-97.12
-97.19
-97.22
-97.24
-97.19
-97.19
-97.24
-97.24
-97.11
-97.05
-97.04
-97.01
-97.09
-97.27
-97.26
-97.32
-97.38
-97.28
-97.18
-97.15
-97.07
-96.98
-97.04
-97.20
-97.08
-97.15
-97.22
-97.22
-97.20
-97.31
-97.30
-97.25
-97.25
-97.30
-97.19
-97.13
-97.16
-97.04
-97.02
-97.06
-97.04
-97.23
-97.17
-97.13
-97.36
-97.32
-97.48
-97.35
-97.22
-97.15
-97.24
-97.21
-97.23
-97.09
-97.11
-97.08
-97.17
-97.06
-97.01
-97.02
-96.99
-97.17
-97.31
-97.26
-97.32
-97.30
-97.02
-97.02
-97.00
-96.91
-97.09
-97.06
-97.00
-97.14
-97.15
-97.16
-97.14
-97.08
-97.03
-96.95
-97.12
-97.25
-97.14
-97.26
-97.08
-97.04
-97.00
-96.99
-97.04
-96.99
-97.14
-97.15
-97.16
-97.21
-97.12
-96.89
-96.81
-96.79
-96.93
-97.12
-97.22
-97.22
-97.11
-97.08
-97.07
-97.22
-97.32
-97.51
-97.46
-97.30
-97.31
-97.17
-97.24
-97.31
-97.34
-97.34
-97.32
-97.30
-97.37
-97.33
-97.36
-97.30
-97.38
-97.32
-97.25
-97.20
-97.15
-97.17
-97.20
-97.17
-97.23
-97.17
-97.27
-97.33
-97.27
-97.16
-97.05
-97.12
-97.04
-97.27
-97.22
-97.21
-97.22
-97.13
-97.19
-97.13
-97.17
-97.35
-97.39
-97.45
-97.39
-97.30
-97.16
-97.26
-97.26
-97.28
-97.36
-97.20
-97.18
-97.06
-97.16
-97.22
-97.18
-97.29
-97.27
-97.22
-97.37
-97.41
-97.31
-97.36
-97.41
-97.29
-97.28
-97.21
-97.09
-97.16
-97.17
-97.29
-97.28
-97.27
-97.26
-97.21
-97.26
-97.18
-97.12
-97.10
-97.03
-97.05
-97.01
-96.97
