Frequency: 1.000000
Sample Rate: 1000000.000000
Vector Length: 1
Notes: 
-379.30
-103.01
-100.06
-98.67
-97.55
-97.35
-97.41
-97.29
-97.33
-97.41
-97.51
-97.51
-97.38
-97.42
-97.48
-97.38
-97.63
-97.37
-97.34
-97.23
-97.13
-96.99
-97.07
-97.11
-96.98
-97.25
-97.13
-97.22
-97.45
-97.45
-97.43
-97.57
-97.23
-97.23
-97.39
-97.24
-97.39
-97.26
-97.07
-97.00
-96.97
-96.92
-96.81
-97.01
-97.10
-97.26
-97.40
-97.41
-97.46
-97.27
-97.29
-97.26
-97.40
-97.41
-97.39
-97.46
-97.43
-97.36
-97.42
-97.40
-97.28
-97.32
-97.23
-97.04
-97.13
-96.86
-96.90
-96.96
-96.96
-96.99
-96.92
-96.98
-96.96
-97.15
-97.17
-97.06
-96.95
-96.87
-96.82
-97.03
-97.14
-97.10
-97.14
-97.12
-97.04
-97.05
-96.97
-97.12
-97.10
-97.10
-97.05
-97.14
-97.04
-97.06
-97.02
-96.97
-97.10
-97.12
-97.03
-97.20
-97.05
-97.02
-97.24
-97.24
-97.21
-97.22
-96.98
-97.13
-97.17
-97.19
-97.22
-97.07
-96.92
-96.83
-96.68
-96.69
-96.76
-96.97
-97.12
-97.23
-97.39
-97.28
-97.28
-97.28
-97.24
-97.17
-97.16
-97.20
-97.16
-97.25
-97.23
-97.18
-97.17
-97.19
-97.09
-97.01
-96.95
-96.83
-96.82
-96.86
-97.00
-97.08
-97.02
-97.29
-97.28
-97.48
-97.49
-97.38
-97.23
-97.29
-97.33
-97.31
-97.24
-97.18
-97.11
-97.07
-97.09
-97.04
-97.05
-97.22
-97.20
-97.22
-97.03
-96.88
-96.96
-96.97
-97.00
-97.09
-97.05
-97.06
-97.25
-97.26
-97.28
-97.22
-97.13
-97.17
-97.10
-97.09
-97.28
-97.11
-97.18
-97.27
-97.13
-97.05
-97.18
-97.17
-97.12
-97.11
-97.07
-96.92
-96.77
-97.04
-97.07
-97.04
-97.15
-97.15
-96.91
-97.16
-97.08
-96.95
-96.93
-96.85
-96.89
-97.06
-97.17
-97.18
-97.19
-97.12
-97.14
-97.33
-97.33
-97.39
-97.25
-97.11
-97.01
-97.02
-97.29
-97.18
-97.27
-97.22
-97.02
-97.11
-96.98
-97.14
-97.17
-97.29
-97.44
-97.22
-97.21
-97.08
-96.84
-96.94
-96.88
-96.95
-97.05
-96.94
-97.12
-97.10
-97.15
-97.22
-97.28
-97.31
-97.40
-97.39
-97.29
-97.21
-97.18
-97.26
-97.36
-97.40
-97.24
-97.24
-97.22
-97.02
-97.24
-97.28
-97.15
-97.16
-96.97
-96.99
-96.90
-96.93
-97.04
-96.97
-97.07
-97.11
-97.10
-97.21
-97.08
-97.08
-96.99
-96.90
-97.07
-97.10
-97.13
-97.21
-97.37
-97.48
-97.38
-97.46
-97.31
-97.07
-97.04
-97.06
-97.02
-97.16
-97.27
-97.24
-97.29
-97.27
-97.27
-97.23
-97.25
-97.12
-97.14
-97.29
-97.20
-97.39
-97.26
-97.15
-97.14
-97.10
-97.12
-97.23
-97.14
-97.04
-97.05
-97.14
-97.16
-97.25
-97.32
-97.24
-97.38
-97.35
-97.29
-97.37
-97.22
-96.99
-97.04
-96.84
-96.97
-97.16
-97.17
-97.29
-97.26
-97.37
-97.37
-97.37
-97.36
-97.34
-97.15
-97.18
-97.12
-97.07
-97.22
-97.08
-97.01
-96.80
-96.87
-97.08
-97.20
-97.32
-97.31
-97.15
-97.05
-97.16
-97.09
-97.05
-97.08
-96.96
-97.07
-96.88
-96.93
-97.12
-96.97
-97.06
-97.13
-96.99
-96.92
-97.06
-97.06
-97.12
-97.19
-96.96
-96.97
-97.01
-97.03
-97.14
-97.04
-96.99
-96.77
-96.79
-96.90
-96.98
-97.07
-97.11
-97.12
-97.01
-97.08
-96.92
-96.98
-97.07
-97.05
-97.11
-97.00
-97.04
-97.07
-97.23
-97.35
-97.50
-97.40
-97.31
-97.19
-97.02
-97.12
-97.16
-97.10
-97.17
-97.23
-97.16
-97.30
-97.29
-97.12
-96.92
-97.04
-97.03
-97.10
-97.15
-97.03
-97.09
-97.25
-97.37
-97.35
-97.30
-97.11
-96.84
-96.85
-96.96
-97.09
-96.94
-97.17
