Frequency: 1.000000
Sample Rate: 1000000.000000
Vector Length: 1
Notes: 
-379.30
-103.35
-100.23
-98.35
-97.23
-96.91
-97.01
-96.91
-96.92
-96.90
-96.87
-96.78
-96.92
-97.05
-96.97
-96.90
-96.88
-96.86
-96.77
-96.86
-96.81
-96.87
-97.01
-96.89
-96.83
-96.59
-96.62
-96.64
-96.77
-96.80
-96.69
-96.61
-96.68
-96.68
-96.78
-96.78
-96.71
-96.52
-96.60
-96.64
-96.72
-96.86
-97.00
-97.15
-97.15
-97.09
-96.90
-96.85
-96.75
-96.75
-96.75
-96.84
-97.05
-97.14
-97.12
-97.04
-97.00
-96.87
-97.05
-96.93
-96.77
-96.63
-96.54
-96.72
-96.89
-97.01
-96.93
-96.88
-96.81
-96.68
-96.76
-96.88
-97.00
-96.90
-96.88
-96.68
-96.67
-96.82
-96.83
-97.03
-97.00
-96.74
-96.85
-96.72
-96.63
-96.77
-96.78
-96.82
-96.79
-96.88
-97.00
-96.90
-96.88
-96.79
-96.77
-96.75
-96.81
-96.78
-96.80
-96.94
-96.92
-97.11
-97.15
-96.85
-96.92
-97.02
-96.95
-97.16
-97.04
-96.88
-96.75
-96.67
-96.64
-96.61
-96.75
-96.90
-96.87
-96.96
-96.99
-97.07
-97.14
-97.01
-97.04
-97.07
-96.98
-96.89
-96.88
-96.68
-96.74
-96.84
-96.76
-96.82
-96.81
-96.73
-96.84
-96.81
-96.88
-96.83
-96.76
-96.87
-96.78
-96.82
-96.94
-96.96
-96.97
-96.82
-96.62
-96.59
-96.70
-96.86
-97.05
-97.22
-97.09
-97.04
-97.05
-96.89
-96.95
-96.81
-96.91
-96.88
-96.93
-96.97
-96.83
-96.87
-96.79
-96.79
-96.77
-96.79
-96.92
-96.86
-96.79
-96.88
-96.71
-96.78
-97.00
-96.91
-96.97
-96.90
-96.79
-96.90
-96.89
-96.72
-96.85
-96.83
-96.83
-97.13
-97.12
-97.07
-97.08
-97.23
-97.17
-97.21
-97.31
-97.11
-96.87
-96.86
-96.59
-96.66
-96.72
-96.71
-96.96
-96.97
-96.89
-96.87
-96.74
-96.63
-96.55
-96.74
-96.78
-96.82
-96.96
-96.77
-96.70
-96.68
-96.76
-96.73
-96.83
-96.81
-96.68
-96.73
-96.64
-96.63
-96.52
-96.64
-96.63
-96.74
-96.79
-96.80
-96.80
-96.78
-96.74
-94.98
-94.61
-94.65
-94.71
-96.04
-96.90
-96.91
-96.82
-96.74
-96.79
-96.79
-96.73
-96.67
-96.79
-96.80
-96.84
-96.93
-96.83
-96.86
-96.82
-96.67
-96.71
-96.61
-96.75
-96.88
-96.79
-96.98
-96.93
-96.87
-96.97
-96.86
-96.89
-96.89
-96.97
-97.13
-97.06
-97.14
-97.14
-97.04
-97.02
-97.07
-97.07
-97.02
-97.10
-96.96
-96.85
-96.77
-96.72
-96.69
-96.70
-96.91
-96.91
-96.97
-97.00
-96.92
-96.92
-96.97
-97.08
-97.05
-97.20
-97.03
-97.01
-96.88
-96.82
-96.84
-96.93
-97.01
-97.04
-96.99
-96.94
-96.70
-96.80
-96.70
-96.78
-96.87
-96.88
-96.94
-96.87
-96.91
-96.88
-96.87
-96.89
-96.90
-96.98
-97.02
-97.00
-97.10
-96.98
-96.95
-97.06
-96.83
-96.89
-96.85
-96.73
-96.74
-96.68
-96.75
-96.78
-96.94
-96.83
-96.87
-96.74
-96.77
-97.07
-97.01
-97.30
-97.19
-96.95
-96.83
-96.76
-96.76
-96.80
-96.94
-97.11
-97.07
-97.07
-96.90
-96.85
-96.80
-96.70
-96.73
-96.73
-96.67
-96.69
-96.57
-96.62
-96.67
-96.71
-96.87
-96.89
-96.91
-96.88
-96.87
-96.81
-96.69
-96.66
-96.63
-96.54
-96.72
-96.86
-97.00
-97.08
-96.91
-96.81
-96.95
-97.07
-97.03
-97.11
-96.93
-96.81
-96.84
-96.80
-96.80
-96.91
-96.97
-96.98
-96.99
-97.05
-96.84
-96.84
-96.82
-96.72
-96.65
-96.72
-96.61
-96.79
-96.73
-96.80
-96.87
-96.75
-96.86
-96.78
-96.79
-96.86
-96.90
-96.94
-97.03
-96.84
-96.92
-96.90
-96.73
-96.87
-96.99
-97.02
-97.16
-97.16
-97.09
-97.03
-97.04
-97.09
-96.97
