Frequency: 1.000000
Sample Rate: 1000000.000000
Vector Length: 1
Notes: 
-379.30
-101.82
-99.34
-97.75
-96.65
-96.83
-96.74
-96.82
-96.97
-96.99
-97.09
-97.16
-97.09
-97.10
-97.02
-96.93
-96.90
-97.00
-96.99
-97.00
-96.95
-96.92
-96.81
-96.83
-96.92
-97.05
-97.09
-97.17
-96.99
-96.89
-96.62
-96.30
-95.28
-89.29
-61.68
-59.60
-59.60
-59.60
-60.76
-88.60
-95.08
-96.27
-96.65
-96.87
-97.05
-96.95
-96.99
-96.95
-96.93
-96.95
-97.00
-96.97
-96.98
-96.92
-96.81
-96.88
-96.80
-97.03
-97.10
-97.27
-97.17
-97.05
-97.08
-96.90
-96.97
-96.96
-96.98
-96.93
-97.11
-97.10
-97.11
-97.29
-97.15
-97.13
-97.18
-97.17
-89.96
-87.91
-87.89
-87.88
-89.01
-96.88
-96.94
-97.09
-96.93
-96.98
-96.99
-96.82
-97.03
-96.98
-97.02
-96.89
-96.85
-96.94
-96.94
-96.95
-97.22
-97.22
-97.30
-97.36
-97.16
-97.21
-97.25
-97.16
-97.06
-97.15
-97.02
-97.02
-97.06
-97.00
-96.96
-96.94
-97.04
-97.08
-97.11
-97.09
-97.08
-96.92
-96.71
-96.67
-96.65
-96.79
-96.78
-96.89
-96.84
-96.77
-96.90
-96.97
-97.03
-96.96
-97.15
-96.98
-97.00
-97.26
-97.28
-97.27
-97.07
-97.08
-96.81
-96.83
-96.85
-96.73
-96.98
-96.85
-96.76
-96.95
-96.99
-97.12
-97.29
-97.33
-97.25
-97.06
-97.18
-97.05
-96.92
-97.07
-97.10
-97.13
-97.20
-97.13
-96.98
-96.95
-96.98
-96.99
-97.12
-97.19
-97.07
-96.99
-96.86
-96.78
-96.72
-96.85
-96.79
-96.85
-96.95
-96.84
-97.06
-97.09
-97.07
-97.16
-96.97
-96.84
-96.84
-96.92
-96.97
-97.03
-96.97
-96.82
-96.96
-97.08
-97.14
-97.19
-97.06
-96.90
-96.88
-96.81
-96.81
-96.85
-96.97
-97.12
-97.15
-97.10
-97.15
-96.99
-96.94
-96.82
-96.83
-96.73
-96.81
-96.84
-96.86
-96.93
-96.88
-96.86
-96.91
-96.86
-96.98
-97.05
-97.00
-97.15
-97.08
-97.03
-97.06
-97.02
-97.21
-97.43
-97.31
-97.26
-97.04
-96.95
-96.95
-96.84
-96.80
-96.90
-96.85
-96.91
-96.96
-96.94
-96.85
-96.87
-96.77
-96.81
-96.89
-96.98
-97.19
-97.25
-97.30
-97.26
-97.26
-97.07
-97.00
-96.94
-96.83
-96.82
-96.86
-96.85
-96.94
-97.03
-96.91
-96.98
-96.84
-96.93
-97.09
-97.11
-97.04
-96.93
-96.82
-96.77
-96.93
-96.93
-97.03
-97.11
-97.02
-97.13
-97.07
-97.12
-97.02
-97.01
-96.87
-96.95
-96.98
-97.07
-97.08
-96.98
-96.89
-96.78
-96.81
-96.75
-96.85
-96.95
-96.99
-97.09
-97.02
-97.10
-97.22
-97.20
-97.16
-97.12
-97.07
-97.12
-97.11
-97.06
-97.23
-97.20
-97.28
-97.23
-97.14
-96.91
-96.84
-97.04
-96.97
-96.86
-96.99
-96.75
-96.77
-96.84
-96.83
-97.05
-97.18
-97.20
-97.15
-97.00
-97.00
-96.93
-96.94
-97.11
-97.17
-97.23
-97.11
-97.15
-97.00
-96.83
-96.94
-96.87
-96.77
-96.20
-77.27
-67.30
-67.30
-67.30
-67.32
-93.79
-96.75
-96.99
-96.94
-97.01
-96.90
-96.77
-96.86
-97.01
-97.14
-97.24
-97.20
-97.22
-97.19
-97.20
-97.13
-97.20
-97.19
-97.27
-97.13
-97.00
-97.08
-97.05
-97.29
-97.45
-97.30
-97.32
-97.31
-97.16
-97.12
-97.00
-96.85
-96.86
-96.80
-97.03
-97.08
-97.04
-97.07
-96.87
-96.86
-97.02
-97.13
-97.30
-97.25
-97.17
-97.01
-96.95
-96.88
-96.95
-96.91
-97.02
-97.14
-97.14
-97.11
-97.11
-97.11
-96.98
-97.03
-96.98
-97.07
-97.12
-97.05
-97.04
-96.95
-97.00
-96.95
-97.02
-96.93
-96.93
-96.94
-97.03
-96.92
-96.93
-97.01
-97.03
-97.13
-97.00
-96.96
-96.92
-96.88
-96.84
