Frequency: 1.000000
Sample Rate: 1000000.000000
Vector Length: 1
Notes: 
-379.30
-96.72
-93.32
-92.04
-91.32
-91.22
-91.43
-91.37
-91.39
-91.37
-91.24
-91.32
-91.31
-91.37
-91.53
-91.49
-91.51
-91.76
-91.73
-91.88
-91.92
-91.85
-91.91
-91.75
-91.74
-91.80
-91.80
-91.91
-91.93
-91.86
-91.87
-91.89
-91.75
-91.95
-91.96
-91.83
-91.95
-91.97
-91.96
-92.21
-92.05
-91.96
-92.03
-91.92
-91.94
-92.05
-91.78
-91.96
-92.11
-92.14
-92.23
-92.21
-92.13
-92.06
-91.92
-91.94
-92.00
-91.91
-91.99
-92.03
-91.95
-92.05
-92.14
-92.15
-92.21
-92.21
-92.06
-92.13
-92.00
-91.84
-91.98
-91.93
-92.00
-92.16
-92.02
-92.10
-92.11
-91.86
-92.04
-92.02
-91.87
-91.97
-91.93
-91.81
-91.90
-91.93
-91.94
-91.99
-91.91
-92.04
-92.02
-91.91
-91.97
-91.79
-91.73
-91.97
-91.83
-91.88
-92.02
-91.77
-91.82
-91.71
-91.59
-91.72
-91.83
-91.81
-91.92
-91.79
-91.59
-91.66
-91.54
-91.53
-91.62
-91.43
-91.48
-91.37
-91.04
-91.06
-91.04
-90.95
-91.19
-91.19
-91.12
-91.18
-91.09
-90.97
-91.11
-91.07
-91.20
-91.30
-90.98
-89.29
-66.44
-66.43
-66.43
-66.44
-88.31
-91.03
-91.21
-91.27
-91.34
-91.22
-91.38
-91.39
-91.28
-91.44
-91.39
-91.35
-91.62
-91.45
-91.40
-91.56
-91.44
-91.49
-91.62
-91.43
-91.53
-91.50
-91.41
-91.44
-91.46
-91.38
-91.39
-91.28
-91.23
-91.25
-91.14
-91.08
-90.88
-75.68
-64.07
-64.06
-64.06
-64.08
-88.91
-91.05
-91.43
-91.46
-91.43
-91.33
-91.17
-91.17
-91.37
-91.37
-91.45
-91.55
-91.44
-91.46
-91.44
-91.38
-91.61
-91.55
-91.57
-91.72
-91.49
-91.46
-91.43
-91.15
-91.26
-91.36
-91.36
-91.61
-91.51
-91.52
-91.62
-91.56
-91.51
-91.66
-91.62
-91.74
-91.91
-91.76
-91.81
-91.76
-91.45
-91.50
-91.37
-91.34
-91.61
-91.53
-91.61
-91.73
-91.53
-91.57
-91.66
-91.42
-91.40
-91.57
-91.36
-91.52
-91.49
-91.24
-91.42
-91.42
-91.40
-91.65
-91.59
-91.68
-91.67
-91.65
-91.76
-91.76
-91.64
-91.80
-91.70
-91.63
-91.56
-91.46
-91.40
-91.54
-91.52
-91.68
-91.68
-91.53
-91.61
-91.65
-91.62
-91.72
-91.74
-91.69
-91.70
-91.65
-91.66
-91.67
-91.59
-91.63
-91.53
-91.53
-91.67
-91.65
-91.64
-91.71
-91.50
-91.46
-91.56
-91.54
-91.58
-91.74
-91.61
-91.72
-91.81
-91.72
-91.77
-91.72
-91.65
-91.67
-91.62
-91.56
-91.55
-91.50
-91.43
-91.51
-91.48
-91.59
-91.68
-91.52
-91.62
-91.61
-91.36
-91.49
-91.41
-91.29
-91.31
-91.21
-91.22
-91.34
-91.28
-91.41
-91.46
-91.34
-91.29
-91.29
-91.05
-91.03
-90.82
-90.42
-87.11
-60.92
-60.04
-60.04
-60.04
-62.40
-88.10
-90.71
-91.10
-91.10
-91.22
-91.46
-91.51
-91.48
-91.54
-91.19
-91.30
-91.41
-91.19
-91.39
-91.41
-91.34
-91.71
-91.58
-91.50
-91.69
-91.51
-91.53
-91.70
-91.42
-91.53
-91.61
-91.51
-91.64
-91.64
-91.55
-91.65
-91.50
-91.49
-91.52
-91.44
-91.45
-91.57
-91.47
-91.52
-91.52
-91.43
-91.46
-91.47
-91.45
-91.55
-91.39
-91.36
-91.39
-91.40
-91.35
-91.51
-91.38
-91.47
-91.55
-91.42
-91.54
-91.54
-91.42
-91.62
-91.52
-91.35
-91.45
-91.47
-91.27
-91.39
-91.19
-91.14
-91.35
-91.34
-91.42
-91.39
-91.31
-91.35
-91.19
-91.24
-91.26
-91.22
-91.30
-91.40
-91.31
-91.45
-91.52
-91.40
-91.49
-91.40
-91.28
-91.38
-91.35
-91.22
-91.41
-91.41
-91.46
-91.62
-91.37
-91.36
-91.27
-91.23
-91.33
-91.37
