Frequency: 1.000000
Sample Rate: 1000000.000000
Vector Length: 1
Notes: 
-379.30
-102.19
-99.23
-97.55
-96.20
-96.07
-95.96
-95.85
-95.81
-95.73
-95.71
-95.68
-95.76
-95.84
-95.91
-96.02
-96.01
-96.00
-95.95
-95.97
-95.88
-95.87
-95.86
-95.84
-95.75
-95.58
-95.57
-95.63
-95.83
-96.00
-96.22
-96.16
-96.11
-95.95
-95.85
-95.77
-95.94
-96.02
-96.10
-96.23
-96.25
-96.25
-96.26
-96.15
-96.04
-95.89
-95.86
-95.94
-95.95
-96.08
-95.97
-95.88
-95.98
-95.82
-95.71
-95.92
-95.88
-95.79
-95.84
-95.97
-95.89
-95.92
-95.81
-95.74
-95.70
-95.87
-95.99
-95.85
-95.89
-95.87
-95.71
-95.94
-96.02
-96.11
-96.40
-96.44
-96.32
-96.35
-96.39
-96.06
-96.11
-96.02
-95.83
-95.90
-95.89
-95.92
-95.88
-95.97
-96.10
-96.03
-96.01
-96.08
-96.01
-95.95
-95.99
-96.01
-96.00
-95.91
-95.84
-95.81
-95.76
-95.73
-95.81
-95.89
-96.07
-96.05
-96.05
-95.96
-95.70
-95.72
-95.87
-95.90
-95.97
-95.92
-95.84
-95.80
-95.94
-95.91
-95.83
-95.96
-95.93
-95.97
-96.02
-96.04
-95.83
-96.03
-96.00
-96.18
-96.03
-96.08
-95.89
-95.89
-95.83
-95.77
-95.73
-95.80
-95.70
-95.71
-95.89
-95.93
-96.08
-96.02
-96.02
-95.93
-95.86
-95.91
-95.95
-95.98
-95.80
-95.72
-95.70
-95.59
-95.86
-95.92
-95.99
-96.08
-96.17
-96.13
-95.99
-96.13
-96.06
-95.90
-95.86
-95.75
-95.61
-95.81
-96.12
-96.29
-96.14
-96.03
-95.84
-95.78
-95.80
-95.89
-95.99
-96.09
-96.20
-96.39
-96.34
-96.24
-96.28
-96.15
-96.30
-96.31
-96.29
-96.27
-96.16
-96.24
-96.16
-96.05
-96.16
-95.89
-96.06
-96.23
-96.11
-96.04
-95.98
-95.73
-95.59
-95.69
-95.77
-95.92
-95.89
-95.88
-96.05
-96.02
-96.20
-96.18
-96.10
-96.16
-96.12
-96.23
-96.28
-96.22
-96.07
-95.94
-95.92
-95.86
-96.04
-95.98
-96.22
-96.34
-96.32
-96.19
-95.95
-95.79
-95.70
-95.78
-95.83
-95.68
-95.75
-95.78
-95.77
-95.93
-95.94
-95.76
-95.89
-95.88
-96.05
-96.04
-95.90
-95.77
-95.56
-95.64
-95.87
-95.84
-96.06
-96.00
-95.97
-96.15
-96.07
-96.23
-96.24
-96.09
-96.02
-95.98
-96.06
-96.13
-96.20
-96.16
-96.18
-96.13
-96.05
-96.04
-96.04
-95.93
-95.78
-95.63
-95.67
-95.71
-95.86
-95.88
-95.98
-96.05
-96.08
-96.10
-96.16
-96.04
-96.05
-96.12
-96.12
-96.16
-96.18
-96.01
-96.00
-95.96
-95.88
-96.13
-96.17
-96.24
-96.16
-96.00
-95.85
-95.93
-95.91
-95.83
-95.88
-95.78
-95.91
-95.94
-95.91
-95.97
-95.86
-95.95
-95.96
-95.96
-96.03
-96.11
-96.10
-96.04
-95.99
-95.96
-95.86
-95.92
-95.84
-95.94
-95.85
-95.71
-95.64
-95.70
-95.68
-95.94
-96.13
-96.23
-96.25
-96.24
-96.13
-96.00
-95.97
-96.05
-96.06
-96.09
-96.18
-96.07
-96.16
-96.12
-96.15
-96.06
-96.18
-96.24
-96.15
-96.16
-96.12
-95.99
-95.98
-95.77
-95.69
-95.73
-95.72
-95.96
-96.01
-96.06
-96.03
-96.01
-96.19
-96.20
-96.18
-96.23
-96.05
-95.93
-95.79
-95.65
-95.66
-95.81
-95.76
-95.83
-95.90
-95.93
-95.91
-95.98
-95.98
-96.02
-96.15
-96.18
-96.12
-96.12
-95.93
-95.91
-96.05
-95.96
-96.05
-96.15
-96.11
-96.23
-96.26
-96.21
-96.14
-96.12
-95.95
-96.00
-95.91
-96.09
-96.01
-95.90
-95.93
-95.90
-96.05
-96.21
-96.12
-95.95
-95.57
-95.55
-95.58
-95.66
-95.70
-95.85
-95.93
-95.83
-95.93
-95.96
-96.02
-96.29
-96.21
-96.15
-96.08
-96.01
-96.06
-95.95
-96.05
-96.22
-96.21
