Frequency: 1.000000
Sample Rate: 1000000.000000
Vector Length: 1
Notes: 
-379.30
-101.80
-98.98
-97.57
-96.51
-96.51
-96.71
-96.64
-96.61
-96.58
-96.63
-96.78
-96.86
-96.93
-96.80
-97.00
-96.73
-96.70
-96.71
-96.49
-96.62
-96.66
-96.59
-96.60
-96.61
-96.64
-96.75
-96.62
-96.54
-96.45
-96.35
-96.34
-96.33
-96.38
-96.65
-96.69
-96.78
-96.88
-96.86
-96.73
-96.84
-96.85
-96.84
-96.57
-96.59
-96.47
-96.46
-96.48
-96.60
-96.52
-96.56
-96.64
-96.58
-96.66
-96.68
-96.66
-96.82
-96.67
-96.70
-96.64
-96.73
-96.87
-96.92
-96.94
-96.76
-96.68
-96.71
-96.85
-96.82
-96.74
-96.55
-96.60
-96.45
-96.71
-96.66
-96.70
-96.85
-96.74
-96.79
-96.70
-96.58
-96.46
-96.31
-96.27
-96.35
-96.40
-96.40
-96.54
-96.50
-96.50
-96.55
-96.58
-96.74
-96.75
-96.82
-96.71
-96.74
-96.64
-96.73
-96.65
-96.65
-96.69
-96.43
-96.44
-96.32
-96.36
-96.40
-96.27
-96.30
-96.28
-96.42
-96.57
-96.72
-96.74
-96.80
-96.78
-96.71
-96.68
-96.67
-96.60
-96.74
-96.82
-96.73
-96.76
-96.60
-96.58
-96.68
-96.81
-96.71
-96.70
-96.63
-96.58
-96.51
-96.09
-96.11
-95.94
-95.64
-95.40
-94.63
-93.37
-91.03
-49.69
-45.79
-45.79
-45.79
-45.80
-82.24
-90.77
-94.64
-95.12
-95.75
-95.92
-96.07
-96.22
-96.33
-96.42
-96.38
-96.42
-96.43
-96.51
-96.49
-96.62
-96.64
-96.77
-96.76
-96.41
-71.59
-69.27
-69.26
-69.27
-70.03
-95.30
-96.49
-96.57
-96.59
-96.54
-96.60
-96.79
-96.63
-96.64
-96.59
-96.59
-96.62
-96.54
-96.44
-96.05
-89.73
-64.32
-64.31
-64.32
-64.32
-90.65
-96.14
-96.82
-96.84
-96.87
-96.84
-96.72
-96.74
-96.66
-96.74
-96.68
-96.83
-96.77
-96.73
-96.71
-96.58
-96.39
-96.53
-96.55
-96.55
-96.59
-96.70
-96.76
-96.70
-96.59
-96.56
-96.55
-96.66
-96.56
-96.56
-96.45
-96.27
-96.35
-96.49
-96.48
-96.65
-96.56
-96.64
-96.61
-96.56
-96.68
-96.62
-96.66
-96.72
-96.81
-96.84
-96.91
-96.75
-96.48
-96.44
-96.44
-96.39
-96.52
-96.59
-96.72
-96.80
-96.88
-96.71
-96.72
-96.83
-96.61
-96.62
-96.65
-96.66
-96.65
-96.79
-96.88
-96.88
-96.81
-96.82
-96.62
-96.59
-96.52
-96.61
-96.53
-96.63
-96.58
-96.58
-96.57
-96.64
-96.56
-96.75
-96.88
-96.75
-96.75
-96.52
-96.30
-96.43
-96.50
-96.45
-96.55
-96.46
-96.44
-96.58
-96.58
-96.57
-96.43
-96.34
-96.27
-96.26
-96.50
-96.70
-96.96
-96.88
-96.83
-96.67
-96.60
-96.64
-96.32
-96.55
-96.64
-96.64
-96.85
-96.72
-96.53
-96.56
-96.55
-96.54
-96.67
-96.79
-96.65
-96.83
-96.59
-96.50
-96.64
-96.51
-96.53
-96.60
-96.56
-96.65
-96.66
-96.75
-96.83
-96.87
-96.83
-96.87
-96.58
-96.61
-96.67
-96.68
-96.90
-96.79
-96.51
-96.41
-96.32
-96.37
-96.54
-96.62
-96.80
-96.60
-96.52
-96.54
-96.74
-96.71
-96.77
-96.65
-96.57
-96.91
-96.78
-96.94
-96.98
-96.76
-96.71
-96.73
-96.65
-96.55
-96.54
-96.50
-96.53
-96.52
-96.60
-96.52
-96.46
-96.62
-96.46
-96.57
-96.64
-96.63
-96.66
-96.64
-96.72
-96.63
-96.81
-96.57
-96.74
-96.63
-96.61
-96.55
-96.51
-96.51
-96.74
-96.66
-96.63
-96.42
-96.19
-96.33
-96.55
-96.57
-96.72
-96.60
-96.50
-96.61
-96.73
-96.73
-96.77
-96.73
-96.54
-96.56
-96.38
-96.45
-96.59
-96.62
-96.72
-96.64
-96.52
-96.61
-96.71
-96.86
-96.87
-96.74
-96.85
-96.77
-96.64
-96.74
-96.59
-96.59
-96.55
-96.50
