Frequency: 1.000000
Sample Rate: 1000000.000000
Vector Length: 1
Notes: 
-379.30
-102.71
-100.12
-98.62
-97.54
-97.54
-97.57
-97.61
-97.56
-97.62
-97.66
-97.67
-97.69
-97.64
-97.50
-97.34
-97.36
-97.46
-97.60
-97.73
-97.62
-97.61
-97.57
-97.47
-97.65
-97.73
-97.78
-97.88
-97.85
-97.66
-97.58
-97.53
-97.34
-97.54
-97.43
-97.31
-97.20
-97.16
-97.15
-97.28
-97.51
-97.67
-97.85
-97.53
-97.43
-97.46
-97.47
-97.68
-97.67
-97.67
-97.51
-97.53
-97.53
-97.46
-97.44
-97.30
-97.34
-97.11
-97.16
-97.24
-97.36
-97.54
-97.61
-97.44
-97.55
-97.53
-97.46
-97.60
-97.50
-97.40
-97.38
-97.35
-97.34
-97.17
-97.31
-97.21
-97.24
-97.33
-97.29
-97.33
-97.39
-97.43
-97.62
-97.55
-97.62
-97.61
-97.58
-97.51
-97.54
-97.59
-97.61
-97.59
-97.50
-97.42
-97.32
-97.52
-97.61
-97.60
-97.71
-97.52
-97.38
-97.49
-97.32
-97.44
-97.40
-97.33
-97.49
-97.51
-97.53
-97.52
-97.42
-97.41
-97.38
-97.44
-97.55
-97.54
-97.56
-97.63
-97.47
-97.43
-97.43
-97.44
-97.57
-97.65
-97.67
-97.50
-97.56
-97.53
-97.48
-97.61
-97.66
-97.46
-97.57
-97.55
-97.33
-97.51
-97.49
-97.52
-97.70
-97.65
-97.47
-97.38
-97.32
-97.44
-97.54
-97.60
-97.66
-97.54
-97.68
-97.74
-97.68
-97.77
-97.63
-97.58
-97.55
-97.60
-97.69
-97.70
-97.69
-97.59
-97.65
-97.47
-97.42
-97.39
-97.42
-97.61
-97.51
-97.64
-97.65
-97.55
-97.71
-97.63
-97.60
-97.54
-97.50
-97.64
-97.61
-97.59
-97.59
-97.55
-97.60
-97.64
-97.47
-97.46
-97.60
-97.60
-97.70
-97.67
-97.45
-97.39
-97.30
-97.38
-97.71
-97.77
-97.83
-97.73
-97.53
-97.44
-97.41
-97.36
-97.47
-97.49
-97.43
-97.55
-97.48
-97.57
-97.56
-97.73
-97.72
-97.61
-97.60
-97.40
-97.44
-97.33
-97.33
-97.37
-97.41
-97.42
-97.49
-97.35
-97.46
-97.67
-97.66
-97.76
-97.68
-97.69
-97.68
-97.73
-97.77
-97.89
-97.66
-97.52
-97.44
-97.16
-97.23
-97.23
-97.23
-97.36
-97.22
-97.39
-97.31
-97.40
-97.61
-97.58
-97.55
-97.54
-97.46
-97.63
-97.60
-97.67
-97.60
-97.60
-97.66
-97.49
-97.61
-97.46
-97.47
-97.44
-97.45
-97.54
-97.46
-97.43
-97.49
-97.44
-97.47
-97.79
-97.73
-97.77
-97.79
-97.34
-97.17
-97.24
-97.24
-97.61
-97.58
-97.45
-97.38
-97.47
-97.40
-97.37
-97.43
-97.33
-97.50
-97.45
-97.57
-97.58
-97.64
-97.72
-97.72
-97.85
-97.76
-97.61
-97.63
-97.63
-97.50
-97.50
-97.59
-97.64
-97.62
-97.70
-97.66
-97.54
-97.59
-97.50
-97.54
-97.43
-97.35
-97.25
-97.06
-97.13
-97.00
-96.97
-97.07
-97.14
-97.14
-96.92
-96.79
-96.65
-95.36
-91.61
-65.09
-65.08
-65.08
-65.09
-72.69
-93.95
-96.50
-96.84
-97.05
-97.18
-97.26
-97.32
-97.19
-97.08
-96.63
-92.84
-74.52
-65.88
-65.87
-65.87
-65.89
-89.95
-94.61
-96.53
-96.91
-96.91
-97.03
-97.00
-96.87
-97.05
-97.20
-97.25
-97.35
-97.47
-97.55
-97.54
-97.64
-97.62
-97.43
-97.41
-97.36
-97.31
-97.35
-97.68
-97.37
-97.45
-97.40
-97.25
-97.42
-97.57
-97.63
-97.72
-97.68
-97.57
-97.54
-97.59
-97.58
-97.45
-97.43
-97.30
-97.27
-97.39
-97.20
-97.30
-97.35
-97.27
-97.30
-97.22
-97.17
-97.13
-97.17
-97.34
-97.41
-97.48
-97.55
-97.54
-97.63
-97.64
-97.60
-97.61
-97.58
-97.55
-97.54
-97.65
-97.53
-97.51
-97.57
-97.50
-97.37
-97.38
-97.43
-97.43
-97.51
-97.53
-97.56
-97.38
-97.31
-97.49
-97.30
