Frequency: 1.000000
Sample Rate: 1000000.000000
Vector Length: 1
Notes: 
-379.30
-101.07
-98.95
-97.46
-96.45
-96.55
-96.67
-96.59
-96.59
-96.55
-96.58
-96.49
-96.55
-96.54
-96.61
-96.56
-96.47
-96.47
-96.57
-96.66
-96.70
-96.96
-96.77
-96.75
-96.65
-96.60
-96.58
-96.60
-96.61
-96.80
-96.74
-96.71
-96.53
-96.34
-96.14
-96.18
-96.14
-96.29
-96.50
-96.46
-96.69
-96.62
-96.63
-96.79
-96.95
-96.97
-96.96
-96.76
-96.68
-96.68
-96.63
-96.58
-96.53
-96.48
-96.33
-96.36
-96.46
-96.38
-96.52
-96.62
-96.64
-96.58
-96.69
-96.58
-96.62
-96.79
-96.72
-96.78
-96.75
-96.59
-96.58
-96.47
-96.38
-96.31
-96.31
-96.32
-96.18
-96.21
-96.26
-96.30
-96.43
-96.62
-96.56
-96.65
-96.63
-96.67
-96.60
-96.49
-96.44
-96.38
-96.30
-96.51
-96.48
-96.56
-96.55
-96.28
-96.17
-96.31
-96.20
-96.32
-96.41
-96.29
-96.36
-96.26
-96.23
-96.24
-96.26
-96.25
-96.21
-96.30
-96.36
-96.47
-96.62
-96.68
-96.71
-96.73
-96.64
-96.32
-96.30
-96.24
-96.32
-96.41
-96.44
-96.46
-96.49
-96.62
-96.58
-96.58
-96.59
-96.64
-96.67
-96.78
-96.71
-96.83
-96.89
-96.66
-96.69
-96.56
-96.41
-96.54
-96.54
-96.58
-96.51
-96.66
-96.62
-96.73
-96.85
-96.73
-96.82
-96.66
-96.57
-96.53
-96.59
-96.59
-96.58
-96.51
-96.44
-96.42
-96.49
-96.59
-96.62
-96.80
-96.82
-96.91
-96.81
-96.69
-96.66
-96.43
-96.43
-96.40
-96.37
-96.50
-96.43
-96.71
-96.72
-96.59
-96.54
-96.46
-96.31
-96.44
-96.52
-96.54
-96.51
-96.45
-96.39
-96.51
-96.60
-96.52
-96.60
-96.50
-96.61
-96.77
-96.69
-96.65
-96.56
-96.48
-96.55
-96.65
-96.66
-96.69
-96.69
-96.49
-96.52
-96.41
-96.50
-96.64
-96.45
-96.37
-96.36
-96.32
-96.32
-96.57
-96.58
-96.75
-96.96
-96.99
-97.02
-96.93
-96.79
-96.78
-96.91
-96.97
-96.87
-96.76
-96.49
-96.32
-96.21
-96.38
-96.55
-96.57
-96.78
-96.49
-96.39
-96.41
-96.30
-96.36
-96.35
-96.28
-96.31
-96.25
-96.26
-96.39
-96.42
-96.35
-96.45
-96.44
-96.25
-96.25
-96.24
-96.46
-96.32
-96.59
-96.45
-96.44
-96.55
-96.50
-96.49
-96.54
-96.56
-96.58
-96.68
-96.67
-96.52
-96.56
-96.51
-96.35
-96.59
-96.39
-96.32
-96.40
-96.31
-96.40
-96.48
-96.58
-96.50
-96.42
-96.48
-96.36
-96.50
-96.44
-96.44
-96.48
-96.51
-96.55
-96.53
-96.51
-96.50
-96.57
-96.64
-96.84
-96.83
-96.70
-96.55
-96.56
-96.49
-96.44
-96.60
-96.50
-96.59
-96.49
-96.34
-96.19
-95.89
-96.00
-96.03
-96.19
-96.26
-96.47
-96.40
-96.47
-96.54
-96.51
-96.48
-96.61
-96.65
-96.82
-96.74
-96.66
-96.54
-96.36
-96.39
-96.52
-96.56
-96.66
-96.69
-96.61
-96.54
-96.62
-96.55
-96.36
-96.43
-96.47
-96.60
-96.84
-96.80
-96.68
-96.64
-96.65
-96.54
-96.52
-96.39
-96.30
-96.28
-96.47
-96.48
-96.45
-96.46
-96.25
-96.14
-96.20
-96.17
-96.33
-96.47
-96.46
-96.53
-96.57
-96.68
-96.67
-96.64
-96.56
-96.36
-96.55
-96.64
-96.64
-96.57
-96.42
-96.14
-96.07
-96.12
-96.17
-96.50
-96.49
-96.49
-96.54
-96.47
-96.60
-96.49
-96.56
-96.54
-96.55
-96.48
-96.44
-96.61
-96.59
-96.73
-96.64
-96.34
-96.31
-96.27
-96.41
-96.40
-96.51
-96.44
-96.46
-96.54
-96.57
-96.58
-96.68
-96.84
-96.70
-96.64
-96.61
-96.42
-96.60
-96.61
-96.52
-96.33
-96.12
-96.01
-95.94
-96.03
-96.21
-96.21
-96.33
-96.27
-96.31
-96.33
-96.30
-96.28
