Frequency: 1.000000
Sample Rate: 1000000.000000
Vector Length: 1
Notes: 
-379.30
-101.85
-99.37
-98.03
-96.99
-96.94
-96.85
-96.82
-96.82
-96.66
-96.56
-96.60
-96.66
-96.89
-96.72
-96.84
-96.81
-96.83
-96.89
-97.21
-97.19
-97.20
-97.24
-97.02
-97.09
-97.12
-96.84
-96.91
-96.76
-96.66
-96.81
-96.75
-96.82
-96.88
-96.70
-96.60
-96.70
-96.65
-96.91
-97.21
-97.10
-97.20
-97.12
-97.18
-97.25
-97.08
-97.13
-97.01
-96.81
-96.93
-96.92
-96.91
-97.04
-96.98
-96.99
-97.04
-97.09
-97.17
-97.18
-97.19
-97.17
-97.26
-97.23
-97.14
-97.21
-96.86
-96.76
-96.68
-96.64
-96.68
-96.71
-96.77
-96.74
-96.82
-96.99
-96.94
-96.98
-96.93
-97.02
-96.96
-96.96
-96.96
-96.85
-96.74
-96.76
-96.66
-96.79
-96.89
-96.98
-97.01
-96.85
-96.77
-96.68
-96.66
-96.79
-96.92
-96.95
-96.91
-97.03
-97.01
-97.06
-97.11
-97.09
-97.07
-97.05
-97.03
-96.86
-96.89
-96.81
-96.83
-96.99
-96.90
-97.21
-97.13
-97.10
-97.17
-97.00
-97.09
-97.07
-97.07
-97.06
-96.94
-96.92
-96.79
-96.71
-96.59
-96.53
-96.55
-96.71
-96.78
-96.69
-96.86
-96.80
-96.88
-96.92
-96.76
-96.83
-96.83
-96.67
-96.80
-96.90
-96.89
-97.08
-97.14
-97.04
-97.07
-97.00
-96.84
-96.80
-96.93
-96.83
-96.96
-97.05
-97.06
-97.08
-97.02
-97.08
-97.05
-96.93
-96.80
-96.61
-96.59
-96.50
-96.51
-96.62
-96.61
-96.77
-96.91
-96.80
-96.83
-96.73
-96.62
-96.72
-96.58
-96.52
-96.26
-95.99
-93.29
-69.92
-67.43
-67.43
-67.43
-68.85
-92.45
-95.88
-96.29
-96.40
-96.49
-96.53
-96.50
-96.38
-95.18
-69.74
-67.80
-67.80
-66.69
-66.52
-70.76
-70.77
-71.08
-95.36
-96.27
-96.56
-96.57
-96.72
-96.71
-96.80
-96.88
-96.79
-96.75
-96.63
-96.49
-96.31
-96.23
-95.93
-92.99
-86.79
-60.94
-60.93
-60.93
-60.94
-89.44
-94.82
-95.79
-95.97
-96.32
-96.39
-96.67
-96.70
-96.73
-96.82
-97.01
-97.15
-97.15
-97.04
-97.04
-97.06
-96.97
-96.97
-96.80
-96.66
-96.86
-96.76
-96.81
-96.95
-96.93
-96.90
-96.95
-96.95
-96.92
-97.07
-97.21
-97.12
-97.13
-96.97
-96.93
-96.93
-97.01
-97.09
-97.14
-97.26
-97.28
-97.28
-97.04
-96.81
-96.74
-96.66
-96.76
-97.03
-96.89
-97.05
-97.07
-97.02
-97.12
-97.05
-96.90
-96.90
-96.82
-96.76
-96.85
-96.67
-96.85
-96.97
-97.07
-97.36
-97.39
-97.42
-97.40
-97.16
-97.06
-96.97
-96.91
-96.94
-97.16
-97.05
-96.99
-97.07
-96.93
-97.02
-97.11
-97.05
-97.14
-97.15
-97.13
-97.26
-97.16
-96.87
-96.93
-96.91
-97.01
-97.24
-97.25
-97.04
-96.97
-89.53
-88.50
-88.53
-88.55
-90.12
-97.01
-96.86
-96.94
-96.90
-96.96
-96.96
-96.94
-97.05
-96.90
-97.13
-97.22
-97.11
-97.33
-97.29
-97.35
-97.36
-97.21
-97.15
-97.01
-96.90
-96.84
-96.86
-96.76
-96.68
-96.72
-96.65
-96.89
-97.04
-97.03
-97.14
-97.13
-97.00
-96.77
-96.83
-96.76
-96.77
-96.96
-96.91
-96.90
-96.98
-96.84
-96.80
-96.74
-96.88
-96.86
-96.76
-96.71
-96.64
-96.71
-96.82
-97.05
-97.11
-97.12
-97.15
-97.05
-96.91
-96.83
-96.76
-96.81
-96.89
-96.97
-96.94
-96.94
-96.60
-95.35
-69.97
-69.55
-69.55
-69.55
-96.74
-96.77
-96.92
-96.95
-96.95
-97.04
-97.01
-97.10
-97.04
-97.03
-96.89
-96.86
-96.87
-96.90
-96.89
-97.00
-97.00
-97.11
-97.22
-97.40
-97.42
-97.34
-97.33
-97.15
-97.09
-97.27
-97.25
-97.35
-97.36
-97.30
-97.17
