Frequency: 1.000000
Sample Rate: 1000000.000000
Vector Length: 1
Notes: 
-379.30
-102.24
-99.67
-97.93
-96.93
-96.84
-96.95
-97.10
-97.30
-97.26
-97.18
-97.23
-97.11
-97.23
-97.23
-97.21
-97.29
-97.20
-97.19
-96.93
-96.81
-96.63
-96.23
-95.59
-95.01
-94.01
-81.41
-79.52
-45.42
-45.42
-45.42
-45.42
-55.75
-91.15
-93.45
-94.52
-95.40
-96.15
-96.35
-96.69
-96.75
-96.90
-96.96
-96.93
-97.02
-97.22
-97.11
-97.32
-97.43
-97.22
-97.53
-97.62
-97.39
-97.27
-97.26
-97.16
-97.32
-97.41
-97.33
-97.45
-97.28
-97.26
-97.30
-97.07
-97.12
-97.27
-97.37
-97.41
-97.46
-97.37
-97.19
-97.28
-97.20
-97.24
-97.17
-97.09
-97.09
-97.06
-97.24
-97.46
-97.29
-97.18
-97.05
-97.05
-96.91
-97.08
-97.29
-97.21
-97.29
-97.19
-97.02
-97.15
-97.42
-97.58
-97.69
-97.53
-97.35
-97.31
-97.05
-97.22
-97.26
-97.23
-97.29
-97.37
-97.37
-97.34
-97.44
-97.39
-97.34
-97.27
-97.35
-97.32
-97.33
-97.34
-97.23
-97.15
-97.19
-97.22
-97.24
-97.32
-97.25
-97.27
-97.38
-97.55
-97.67
-97.49
-97.28
-97.30
-97.08
-97.16
-97.36
-97.26
-97.26
-97.35
-97.33
-97.40
-97.32
-97.46
-97.35
-97.24
-97.45
-97.47
-97.54
-97.63
-97.39
-97.36
-97.21
-97.13
-97.17
-96.97
-97.02
-97.11
-97.19
-97.40
-97.35
-97.46
-97.29
-97.26
-97.32
-97.30
-97.35
-97.45
-97.46
-97.59
-97.58
-97.44
-97.39
-97.27
-97.36
-97.48
-97.59
-97.37
-97.38
-97.29
-97.21
-97.43
-97.42
-97.53
-97.49
-97.41
-97.36
-97.18
-97.21
-97.21
-97.12
-96.90
-96.77
-96.81
-96.74
-97.02
-97.18
-97.25
-97.12
-97.06
-96.98
-96.95
-97.21
-97.24
-97.35
-97.33
-97.39
-97.25
-97.30
-97.38
-97.25
-97.33
-97.25
-97.30
-97.30
-97.27
-97.24
-97.24
-97.43
-97.34
-97.57
-97.53
-97.48
-97.36
-97.14
-97.18
-97.30
-97.43
-97.51
-97.62
-97.52
-97.36
-97.39
-97.20
-97.09
-97.10
-97.06
-97.16
-97.28
-97.43
-97.43
-97.24
-97.38
-97.37
-97.35
-97.53
-97.24
-97.24
-97.21
-97.15
-97.34
-97.32
-97.38
-97.39
-97.38
-97.25
-97.29
-97.21
-97.32
-97.26
-97.27
-97.34
-97.47
-97.75
-97.76
-97.53
-97.28
-97.10
-97.08
-97.33
-97.34
-97.37
-97.38
-97.24
-97.31
-97.19
-97.13
-97.13
-97.01
-96.97
-97.19
-97.18
-97.09
-97.29
-97.18
-97.17
-97.17
-97.21
-97.36
-97.29
-97.22
-96.99
-96.92
-96.94
-97.09
-97.28
-97.35
-97.34
-97.20
-97.16
-97.11
-97.25
-97.38
-97.49
-97.43
-97.35
-97.20
-97.23
-97.33
-97.45
-97.49
-97.33
-97.37
-97.25
-97.18
-97.30
-97.21
-97.24
-97.11
-97.24
-97.35
-97.45
-97.39
-97.57
-97.49
-97.45
-97.47
-97.30
-97.22
-97.10
-97.11
-97.18
-97.20
-97.32
-97.40
-97.48
-97.46
-97.64
-97.72
-97.76
-97.68
-97.62
-97.54
-97.46
-97.38
-97.43
-97.30
-97.19
-97.39
-97.35
-97.27
-97.32
-97.30
-97.29
-97.25
-97.23
-97.05
-96.87
-96.93
-97.06
-97.20
-97.36
-97.37
-97.20
-97.05
-97.10
-97.21
-97.27
-97.42
-97.49
-97.43
-97.44
-97.36
-97.21
-97.25
-97.35
-97.35
-97.37
-97.45
-97.49
-97.45
-97.30
-97.32
-97.19
-97.21
-97.16
-97.26
-97.03
-96.91
-97.03
-96.99
-97.10
-97.39
-97.51
-97.56
-97.62
-97.43
-97.45
-97.35
-97.43
-97.39
-97.29
-97.41
-97.29
-97.20
-97.12
-97.20
-97.28
-97.31
-97.51
-97.46
-97.29
-97.38
-97.31
-97.34
-97.32
-97.13
-97.15
-97.06
-96.95
-97.13
-97.17
-97.22
