Frequency: 1.000000
Sample Rate: 1000000.000000
Vector Length: 1
Notes: 
-379.30
-101.94
-99.66
-98.03
-97.10
-97.10
-97.02
-96.89
-96.92
-96.96
-97.03
-97.16
-97.11
-97.17
-97.19
-97.24
-97.39
-97.29
-97.28
-97.28
-97.07
-97.01
-97.06
-96.99
-97.18
-97.33
-97.12
-97.33
-97.17
-97.25
-97.32
-97.31
-97.29
-97.29
-97.12
-97.13
-97.18
-97.13
-97.08
-97.20
-97.01
-96.98
-96.98
-97.00
-97.05
-97.22
-97.26
-97.29
-97.20
-97.07
-97.01
-96.84
-96.97
-97.05
-97.10
-97.26
-97.32
-97.31
-97.18
-97.23
-97.03
-96.93
-96.94
-96.82
-96.94
-97.06
-97.15
-97.33
-97.25
-97.42
-97.31
-97.16
-97.18
-97.08
-97.00
-97.01
-97.05
-97.06
-97.19
-97.34
-97.21
-97.23
-97.17
-97.20
-97.22
-97.38
-97.38
-97.37
-97.25
-97.30
-97.23
-97.31
-97.39
-97.17
-97.19
-97.25
-97.07
-97.00
-97.06
-97.07
-97.07
-97.39
-97.24
-97.19
-97.13
-97.07
-97.24
-97.22
-97.36
-97.30
-97.25
-97.23
-97.16
-97.18
-97.14
-97.25
-97.32
-97.14
-97.27
-97.26
-97.27
-97.14
-97.16
-97.13
-97.13
-97.30
-97.24
-97.25
-97.21
-97.26
-97.17
-97.06
-97.21
-97.07
-97.11
-97.31
-97.29
-97.30
-97.18
-97.16
-97.15
-97.15
-97.14
-97.14
-97.15
-97.33
-97.28
-97.30
-97.27
-97.21
-97.01
-97.02
-96.99
-96.98
-97.10
-97.17
-97.19
-97.18
-97.04
-97.22
-97.27
-97.38
-97.31
-97.33
-97.21
-97.19
-97.30
-97.43
-97.32
-97.20
-97.05
-96.86
-96.97
-96.88
-96.94
-97.07
-97.10
-97.39
-97.39
-97.28
-97.20
-97.22
-97.12
-97.24
-96.99
-97.04
-97.11
-97.15
-97.29
-97.24
-97.36
-97.37
-97.37
-97.58
-97.49
-97.29
-97.26
-97.26
-97.13
-97.17
-97.16
-97.09
-97.07
-96.98
-97.01
-97.04
-97.16
-97.26
-97.32
-97.25
-97.22
-96.98
-96.86
-96.86
-96.94
-96.99
-97.09
-97.22
-97.17
-97.16
-97.27
-97.23
-97.24
-97.16
-97.07
-97.22
-97.13
-97.11
-97.08
-96.98
-96.91
-96.92
-97.07
-97.18
-97.20
-97.37
-97.42
-97.38
-97.15
-97.14
-96.97
-96.92
-96.88
-96.97
-97.04
-96.88
-96.91
-96.84
-96.78
-97.06
-97.08
-97.11
-96.98
-97.02
-97.06
-97.19
-97.16
-97.21
-97.32
-97.25
-97.31
-97.11
-97.14
-97.08
-96.96
-97.11
-97.00
-96.83
-96.92
-96.88
-96.90
-97.04
-97.03
-97.08
-97.03
-97.11
-96.88
-96.82
-97.02
-96.92
-97.08
-96.96
-96.72
-96.70
-96.79
-96.91
-97.06
-97.13
-97.08
-97.05
-97.03
-96.94
-96.96
-97.09
-97.22
-97.20
-97.43
-97.37
-97.37
-97.42
-97.36
-97.36
-97.32
-97.28
-97.14
-97.07
-96.95
-96.96
-96.99
-97.08
-97.26
-97.31
-97.05
-96.87
-96.72
-96.67
-96.64
-96.73
-96.88
-96.96
-96.99
-97.16
-97.15
-97.14
-97.13
-96.94
-96.83
-97.01
-97.18
-97.30
-97.39
-97.19
-97.14
-97.26
-97.22
-97.43
-97.56
-97.42
-97.38
-97.16
-97.15
-97.16
-97.30
-97.27
-97.23
-97.19
-97.15
-97.17
-97.28
-97.18
-97.13
-96.99
-96.89
-96.89
-96.95
-97.00
-97.08
-97.02
-97.06
-97.14
-97.17
-97.22
-97.32
-97.08
-97.23
-97.11
-96.93
-97.14
-97.08
-97.38
-97.45
-97.63
-97.60
-97.56
-97.42
-97.44
-97.45
-97.43
-97.39
-97.48
-97.54
-97.32
-97.39
-97.28
-97.11
-97.12
-97.15
-97.24
-97.40
-97.27
-97.23
-97.16
-97.06
-97.13
-97.30
-97.09
-97.16
-97.07
-97.26
-97.28
-97.33
-97.07
-97.07
-97.17
-97.16
-97.24
-97.20
-97.15
-97.25
-97.21
-97.24
-97.05
-96.92
-96.99
-97.10
-97.24
-97.32
-97.32
-97.27
-97.18
