Frequency: 1.000000
Sample Rate: 1000000.000000
Vector Length: 1
Notes: 
-379.30
-102.32
-99.53
-97.95
-97.02
-97.07
-97.25
-97.16
-97.18
-97.12
-97.18
-97.47
-97.48
-97.51
-97.54
-97.49
-97.41
-97.39
-97.40
-97.28
-97.28
-97.24
-97.11
-97.27
-97.25
-97.15
-96.96
-96.81
-96.99
-97.03
-97.18
-97.18
-97.32
-97.37
-97.42
-97.28
-97.23
-97.24
-97.32
-97.52
-97.40
-97.38
-97.30
-97.27
-97.29
-97.22
-97.20
-97.14
-97.08
-97.12
-97.30
-97.36
-97.53
-97.53
-97.39
-97.40
-97.21
-97.24
-97.16
-97.04
-96.97
-96.93
-96.88
-96.97
-97.15
-97.15
-97.32
-97.40
-97.37
-97.24
-97.15
-97.15
-97.21
-97.39
-97.58
-97.38
-97.26
-97.27
-97.17
-97.26
-97.12
-97.04
-97.11
-97.05
-97.13
-97.30
-97.17
-97.14
-97.15
-97.23
-97.11
-97.08
-97.08
-97.10
-97.10
-97.17
-97.28
-97.15
-97.05
-97.02
-97.05
-97.13
-97.24
-97.37
-97.37
-97.38
-97.32
-97.27
-97.22
-97.18
-97.13
-97.24
-97.25
-97.23
-97.27
-97.11
-97.15
-97.15
-97.27
-97.33
-97.42
-97.35
-97.33
-97.38
-97.27
-97.36
-97.38
-97.30
-97.26
-97.25
-97.17
-97.21
-97.37
-97.35
-97.35
-97.43
-97.21
-97.26
-97.25
-97.17
-97.09
-96.93
-96.88
-96.94
-97.21
-97.40
-97.31
-97.26
-97.15
-96.88
-96.99
-96.90
-97.15
-97.29
-97.48
-97.63
-97.53
-97.32
-97.32
-97.37
-97.36
-97.58
-97.42
-97.24
-97.17
-97.08
-97.03
-97.03
-96.94
-96.76
-96.75
-96.84
-96.89
-97.08
-97.29
-97.34
-97.44
-97.44
-97.38
-97.39
-97.40
-97.34
-97.34
-97.35
-97.33
-97.32
-97.15
-97.24
-97.19
-97.20
-97.29
-97.26
-97.30
-97.38
-97.45
-97.46
-97.52
-97.48
-97.52
-97.36
-97.31
-97.23
-97.02
-97.21
-97.03
-97.13
-97.26
-97.15
-97.15
-97.07
-96.90
-97.03
-97.14
-97.12
-97.30
-97.29
-97.44
-97.71
-97.64
-97.60
-97.55
-97.35
-97.23
-97.16
-97.27
-97.17
-96.98
-97.02
-97.09
-97.12
-97.50
-97.48
-97.32
-97.23
-97.28
-97.30
-97.29
-97.26
-97.17
-97.22
-97.29
-97.33
-97.37
-97.43
-97.19
-97.17
-97.28
-97.34
-97.38
-97.42
-97.38
-97.19
-97.26
-97.22
-97.16
-97.25
-97.33
-97.33
-97.46
-97.35
-97.38
-97.31
-97.31
-97.16
-97.17
-97.17
-97.19
-97.30
-97.26
-97.17
-97.27
-96.95
-97.00
-97.04
-97.18
-97.30
-97.25
-97.21
-97.09
-96.98
-97.12
-97.12
-97.15
-97.00
-97.14
-97.13
-97.04
-97.16
-96.87
-96.83
-96.76
-96.94
-97.08
-97.16
-97.28
-97.21
-97.24
-97.25
-97.22
-97.18
-97.19
-97.08
-97.28
-97.17
-97.26
-97.35
-97.31
-97.42
-97.18
-97.14
-97.18
-97.20
-97.26
-97.13
-97.01
-97.13
-97.06
-97.18
-97.28
-97.32
-97.23
-97.21
-97.12
-97.13
-96.96
-97.05
-97.04
-97.08
-97.23
-97.23
-97.30
-97.30
-97.28
-97.19
-97.35
-97.31
-97.31
-97.38
-97.35
-97.34
-97.33
-97.18
-97.22
-97.26
-97.36
-97.57
-97.42
-97.40
-97.21
-97.12
-96.88
-96.87
-96.85
-96.93
-96.98
-97.01
-97.01
-96.80
-96.88
-97.13
-97.11
-97.23
-97.38
-97.23
-97.30
-96.97
-96.63
-96.28
-93.64
-68.98
-61.69
-61.69
-61.69
-61.72
-89.22
-95.32
-96.68
-96.76
-97.00
-97.13
-97.24
-97.32
-97.33
-97.24
-97.30
-97.20
-97.33
-97.38
-97.27
-97.42
-97.42
-97.48
-97.49
-97.54
-97.40
-97.30
-97.32
-97.20
-97.22
-97.26
-97.25
-97.31
-97.19
-97.17
-97.10
-97.01
-96.87
-96.94
-96.96
-97.19
-97.23
-97.16
-97.19
-97.24
-97.19
-97.26
-97.20
-97.08
-97.07
-97.19
