Frequency: 1.000000
Sample Rate: 1000000.000000
Vector Length: 1
Notes: 
-379.30
-103.18
-100.57
-98.69
-97.43
-97.27
-97.39
-97.46
-97.45
-97.35
-97.13
-97.02
-97.08
-97.17
-97.04
-96.93
-96.95
-96.95
-96.96
-97.28
-97.28
-97.29
-97.20
-96.97
-96.98
-96.95
-96.98
-97.12
-97.05
-97.04
-97.14
-97.23
-97.32
-97.20
-97.19
-97.09
-97.17
-97.09
-97.11
-96.98
-96.94
-96.88
-97.02
-97.05
-97.14
-97.26
-97.24
-97.25
-97.00
-96.96
-97.03
-96.87
-97.12
-97.08
-97.08
-97.06
-97.18
-97.16
-97.07
-97.11
-97.02
-96.98
-97.09
-97.07
-97.19
-97.33
-97.25
-97.18
-97.07
-96.97
-96.92
-97.04
-96.93
-97.11
-97.06
-97.25
-97.11
-97.21
-97.15
-97.10
-97.37
-97.41
-97.42
-97.32
-97.13
-96.99
-96.94
-96.82
-96.87
-96.95
-96.99
-97.23
-97.02
-97.17
-97.09
-97.09
-97.23
-97.21
-97.23
-96.96
-96.93
-96.82
-97.01
-97.31
-97.32
-97.31
-97.25
-97.14
-97.12
-97.26
-97.18
-97.29
-97.44
-97.41
-97.34
-97.19
-97.03
-97.08
-97.04
-97.13
-97.32
-97.26
-97.21
-97.30
-97.18
-97.21
-97.36
-97.20
-97.08
-97.09
-96.90
-97.01
-97.11
-97.04
-97.14
-97.09
-96.98
-97.14
-97.25
-97.34
-97.31
-97.24
-97.20
-97.14
-97.12
-97.07
-97.14
-97.13
-97.18
-97.21
-97.12
-97.17
-96.99
-96.91
-97.08
-96.88
-96.96
-97.11
-97.05
-97.11
-97.23
-97.11
-97.25
-97.29
-97.23
-97.26
-97.13
-97.23
-97.32
-97.42
-97.54
-97.51
-97.51
-97.45
-97.48
-97.50
-97.42
-97.28
-97.08
-96.95
-96.88
-97.03
-97.02
-96.84
-96.95
-96.86
-96.98
-97.14
-97.18
-97.22
-97.06
-97.19
-97.23
-97.21
-97.32
-97.26
-97.22
-97.18
-97.11
-97.07
-97.04
-97.06
-97.09
-97.12
-97.02
-97.01
-96.98
-96.98
-97.12
-97.11
-97.07
-97.21
-97.08
-97.17
-97.20
-97.24
-97.26
-97.33
-97.48
-97.41
-97.28
-97.04
-96.98
-96.90
-96.87
-97.04
-97.04
-96.97
-97.05
-97.02
-97.14
-97.31
-97.26
-97.40
-97.28
-97.26
-97.25
-97.36
-97.43
-97.30
-97.27
-97.07
-96.94
-96.98
-96.92
-96.88
-97.01
-96.93
-96.75
-96.92
-96.91
-96.97
-97.11
-97.21
-97.18
-97.22
-97.23
-97.23
-97.13
-97.05
-97.10
-97.20
-97.28
-97.35
-97.34
-97.29
-97.28
-97.33
-97.45
-97.38
-97.12
-96.98
-96.85
-96.94
-97.17
-97.16
-97.04
-97.09
-96.99
-96.99
-96.98
-97.02
-97.06
-96.96
-97.16
-97.25
-97.25
-97.35
-97.25
-97.26
-97.17
-97.16
-97.26
-97.00
-97.17
-97.00
-97.11
-97.11
-97.18
-97.27
-97.27
-97.19
-97.04
-96.81
-92.39
-65.76
-65.75
-65.75
-65.76
-89.71
-96.57
-97.39
-97.45
-97.43
-97.28
-97.28
-97.35
-97.21
-97.12
-97.12
-97.06
-97.18
-97.18
-97.28
-97.51
-97.26
-97.30
-97.24
-97.11
-97.28
-97.49
-97.49
-97.60
-97.64
-97.65
-97.54
-97.55
-97.34
-97.24
-97.37
-97.17
-97.14
-97.09
-97.10
-97.25
-97.17
-97.30
-97.23
-97.23
-97.16
-97.10
-97.18
-96.97
-97.10
-97.28
-97.36
-97.48
-97.52
-97.44
-97.34
-97.46
-97.33
-97.41
-97.39
-97.40
-97.43
-97.19
-97.22
-97.05
-97.05
-97.02
-97.10
-97.14
-97.04
-97.08
-97.14
-97.15
-97.16
-97.32
-97.49
-97.44
-97.53
-97.42
-97.22
-97.25
-97.13
-97.09
-97.25
-97.35
-97.34
-97.29
-97.18
-97.05
-97.01
-97.11
-96.89
-97.10
-97.13
-97.15
-97.23
-97.18
-97.05
-97.06
-97.06
-97.20
-97.22
-97.06
-97.05
-96.89
-97.00
-97.02
-97.13
-97.23
-97.17
-97.03
-97.12
-97.03
-96.94
-97.11
