Frequency: 1.000000
Sample Rate: 1000000.000000
Vector Length: 1
Notes: 
-379.30
-102.57
-99.91
-98.24
-97.13
-97.09
-96.91
-96.94
-97.09
-96.89
-97.05
-96.89
-96.96
-96.88
-97.07
-97.16
-97.08
-97.18
-97.04
-96.98
-96.99
-96.91
-96.88
-97.03
-96.86
-97.06
-96.97
-96.84
-97.01
-96.93
-96.94
-97.20
-97.25
-97.20
-97.10
-97.02
-97.00
-97.04
-96.84
-96.52
-90.90
-68.72
-68.71
-68.71
-68.73
-91.26
-96.50
-97.00
-97.19
-97.21
-97.08
-97.09
-96.94
-96.94
-97.10
-96.93
-97.14
-97.01
-97.10
-97.07
-97.02
-97.19
-97.14
-97.10
-97.01
-96.91
-97.10
-97.33
-97.43
-97.36
-97.18
-97.05
-97.02
-97.05
-97.22
-97.23
-97.08
-97.21
-97.13
-97.17
-97.25
-97.05
-96.85
-96.84
-97.01
-97.16
-97.38
-97.28
-97.23
-97.11
-97.18
-97.11
-97.09
-96.98
-96.97
-97.01
-97.07
-97.15
-97.02
-97.03
-97.09
-97.09
-97.08
-97.21
-97.12
-97.14
-97.10
-96.96
-96.61
-93.45
-83.07
-62.25
-62.24
-62.24
-62.25
-88.68
-93.71
-96.46
-96.67
-96.79
-97.05
-97.00
-97.08
-97.23
-96.97
-97.12
-97.02
-96.95
-97.09
-97.10
-97.16
-97.24
-97.15
-97.06
-96.99
-97.15
-97.30
-97.39
-97.43
-97.34
-97.44
-97.30
-97.26
-97.31
-96.99
-97.08
-97.14
-97.06
-97.34
-97.24
-97.20
-97.21
-97.24
-97.10
-97.15
-97.17
-97.25
-97.24
-97.26
-97.19
-97.05
-97.12
-97.04
-97.21
-97.13
-97.08
-97.00
-96.79
-96.73
-96.86
-97.03
-97.10
-97.36
-97.48
-97.52
-97.34
-97.28
-97.12
-97.07
-97.12
-97.21
-97.19
-97.07
-96.98
-96.82
-96.81
-96.86
-96.92
-97.08
-97.11
-97.20
-97.18
-97.35
-97.29
-97.21
-97.17
-96.96
-96.87
-96.78
-96.76
-96.88
-96.80
-96.69
-96.78
-96.94
-97.07
-97.22
-97.18
-97.10
-97.02
-97.08
-97.13
-97.13
-97.03
-97.04
-97.14
-97.27
-97.23
-97.22
-97.15
-96.93
-97.07
-97.04
-96.98
-96.86
-96.75
-96.88
-96.99
-97.13
-97.16
-97.02
-96.99
-96.83
-96.98
-96.85
-96.81
-96.90
-96.86
-96.96
-97.15
-97.14
-97.35
-97.35
-97.42
-97.48
-97.27
-97.07
-96.86
-96.81
-96.82
-96.98
-97.20
-97.37
-97.28
-97.21
-97.37
-97.21
-97.30
-97.32
-97.27
-97.29
-97.22
-97.28
-97.17
-96.97
-96.96
-96.88
-96.92
-96.98
-97.03
-97.16
-97.19
-96.97
-96.94
-96.93
-96.97
-96.99
-97.04
-97.14
-97.14
-97.05
-97.11
-97.10
-97.12
-97.13
-97.21
-97.18
-97.21
-97.14
-97.06
-97.14
-97.13
-97.19
-97.11
-96.98
-97.07
-97.05
-96.92
-97.04
-96.98
-97.16
-97.16
-97.18
-97.26
-97.29
-97.27
-97.28
-97.29
-97.29
-97.14
-97.12
-96.91
-96.82
-96.93
-97.04
-97.24
-97.23
-97.17
-97.13
-97.06
-97.00
-97.07
-97.18
-97.18
-97.14
-97.13
-97.05
-97.10
-97.23
-97.10
-97.04
-97.03
-96.95
-96.90
-97.11
-97.17
-97.16
-97.09
-97.02
-96.86
-97.01
-97.27
-97.32
-97.27
-97.28
-97.27
-97.21
-97.38
-97.44
-97.38
-97.22
-97.13
-96.93
-96.92
-96.92
-97.06
-97.12
-97.08
-96.94
-97.05
-96.85
-97.02
-97.21
-97.12
-97.35
-97.28
-97.17
-97.18
-97.21
-97.19
-97.22
-97.43
-97.49
-97.51
-97.44
-97.34
-97.18
-97.03
-96.99
-97.03
-97.17
-97.39
-97.57
-97.57
-97.48
-97.17
-97.16
-96.99
-97.17
-97.69
-97.58
-97.43
-97.37
-97.35
-97.30
-97.23
-97.31
-97.18
-97.24
-97.36
-97.38
-97.25
-97.22
-97.28
-97.41
-97.53
-97.48
-97.48
-97.35
-97.26
-97.02
-97.07
-97.05
-96.95
-97.06
-96.92
-96.99
