Frequency: 1.000000
Sample Rate: 1000000.000000
Vector Length: 1
Notes: 
-379.30
-101.61
-98.99
-97.48
-96.41
-96.40
-96.45
-96.63
-96.82
-96.95
-97.12
-96.95
-96.90
-96.78
-96.61
-96.66
-96.76
-96.94
-96.95
-97.09
-96.87
-96.79
-96.86
-96.83
-96.89
-96.88
-96.54
-96.46
-96.42
-96.48
-96.71
-96.97
-97.10
-97.34
-97.22
-97.24
-97.01
-96.81
-96.86
-96.72
-96.87
-96.87
-97.01
-97.15
-97.09
-97.17
-97.24
-97.09
-97.00
-96.86
-96.77
-96.86
-96.92
-96.75
-96.72
-96.38
-96.52
-96.70
-96.81
-96.97
-96.95
-96.97
-96.91
-96.86
-96.86
-96.70
-96.70
-96.78
-96.88
-96.95
-96.99
-97.00
-96.87
-96.87
-96.91
-96.71
-96.70
-96.56
-96.48
-96.56
-96.74
-96.81
-96.84
-97.00
-96.97
-97.02
-96.81
-96.80
-96.97
-97.13
-97.26
-97.27
-97.22
-97.05
-97.04
-96.79
-96.60
-96.57
-96.58
-96.82
-96.96
-96.95
-97.04
-97.01
-96.83
-96.74
-96.69
-96.57
-96.74
-96.77
-96.82
-96.92
-97.00
-97.02
-96.84
-96.89
-96.81
-96.69
-96.77
-96.84
-96.92
-96.85
-96.75
-96.71
-96.72
-96.84
-96.99
-96.93
-96.78
-96.74
-96.70
-96.75
-96.87
-96.93
-96.88
-96.78
-96.82
-96.78
-96.76
-96.72
-96.85
-97.00
-96.96
-97.05
-96.94
-96.80
-96.88
-96.88
-96.94
-96.87
-96.74
-96.90
-96.82
-96.89
-97.05
-96.94
-96.90
-96.93
-96.91
-97.15
-97.07
-97.10
-97.11
-96.80
-96.83
-96.85
-96.86
-96.83
-96.82
-96.69
-96.52
-96.59
-96.61
-96.69
-96.84
-96.83
-96.85
-96.82
-96.81
-96.83
-96.88
-96.93
-96.96
-96.87
-96.86
-96.98
-97.12
-97.04
-96.86
-96.58
-96.43
-96.49
-96.63
-96.76
-96.94
-97.07
-97.04
-96.96
-96.90
-96.97
-96.96
-97.01
-97.00
-96.92
-97.05
-97.17
-97.14
-97.06
-96.93
-96.82
-96.80
-96.72
-96.78
-97.02
-96.93
-96.88
-96.89
-96.75
-96.69
-96.72
-96.73
-96.84
-96.90
-97.02
-96.87
-96.68
-96.64
-96.75
-96.88
-97.08
-97.06
-96.92
-96.74
-96.76
-96.81
-96.90
-97.04
-96.90
-96.91
-96.91
-96.74
-96.77
-96.79
-96.81
-96.96
-97.08
-96.95
-96.97
-96.96
-96.74
-96.79
-96.88
-96.87
-96.77
-96.73
-96.72
-96.58
-96.65
-96.64
-96.85
-96.99
-96.81
-96.79
-96.79
-96.62
-96.81
-96.68
-96.80
-96.83
-96.88
-96.80
-96.74
-96.67
-96.60
-96.67
-96.75
-96.79
-96.99
-97.06
-97.19
-97.24
-97.17
-97.04
-96.88
-96.84
-96.87
-96.97
-97.01
-97.01
-96.97
-96.93
-96.98
-96.95
-96.89
-96.84
-96.72
-96.81
-96.88
-96.92
-96.86
-97.03
-96.97
-97.00
-96.79
-96.82
-96.75
-96.82
-96.90
-97.03
-96.95
-96.89
-96.82
-96.86
-96.84
-96.94
-97.04
-96.98
-97.00
-97.06
-96.89
-96.86
-96.68
-96.69
-96.70
-96.77
-96.85
-96.70
-96.70
-96.71
-96.71
-96.71
-96.76
-96.78
-96.63
-96.76
-96.75
-96.75
-97.00
-96.98
-96.88
-96.59
-92.34
-69.19
-69.19
-69.19
-69.20
-94.26
-96.62
-96.82
-96.90
-96.85
-96.84
-96.83
-96.89
-96.90
-96.80
-96.81
-96.78
-96.84
-96.73
-96.88
-96.73
-96.72
-96.81
-96.74
-96.94
-96.77
-96.67
-96.83
-96.76
-96.91
-96.82
-96.79
-96.75
-96.71
-96.68
-96.85
-96.96
-96.92
-97.05
-96.83
-96.87
-96.96
-96.75
-96.85
-96.75
-96.66
-96.66
-96.63
-96.72
-96.67
-96.69
-96.82
-96.85
-96.88
-96.86
-96.76
-96.81
-96.70
-96.96
-96.93
-96.94
-97.00
-96.92
-96.83
-96.79
-96.83
-96.99
-96.95
-97.09
-96.95
-96.84
-96.94
-96.90
-96.99
-97.18
-96.88
-96.71
-96.73
-96.59
