Frequency: 1.000000
Sample Rate: 1000000.000000
Vector Length: 1
Notes: 
-379.30
-102.55
-99.85
-98.31
-97.15
-96.88
-96.98
-96.96
-97.11
-97.28
-97.08
-96.93
-96.92
-96.83
-96.78
-96.82
-96.70
-96.71
-96.84
-96.94
-97.04
-97.18
-97.17
-97.12
-97.12
-97.04
-96.82
-96.85
-96.78
-96.98
-96.85
-96.81
-96.96
-97.03
-97.28
-97.21
-97.17
-97.21
-97.07
-97.06
-97.09
-97.03
-96.98
-97.14
-96.99
-97.03
-97.24
-97.08
-97.18
-97.12
-96.93
-96.83
-96.87
-97.01
-97.09
-97.27
-97.20
-97.10
-97.01
-96.80
-96.92
-97.03
-96.92
-97.00
-97.07
-97.04
-97.16
-97.20
-97.15
-97.26
-97.19
-97.20
-97.13
-96.94
-97.02
-96.99
-96.89
-96.96
-96.81
-96.96
-97.09
-97.28
-97.25
-97.28
-97.08
-97.00
-97.34
-97.23
-97.13
-97.18
-96.91
-97.10
-96.98
-96.94
-97.02
-96.88
-97.18
-97.23
-97.28
-97.12
-96.97
-96.99
-96.98
-97.00
-97.02
-96.89
-96.87
-96.89
-96.96
-96.89
-96.95
-97.14
-97.03
-97.09
-97.02
-96.97
-97.02
-96.92
-97.00
-97.08
-97.02
-96.99
-96.96
-96.97
-96.95
-97.22
-97.17
-97.29
-97.35
-97.24
-97.12
-97.21
-97.09
-97.32
-97.43
-97.35
-97.32
-97.23
-97.09
-96.99
-97.05
-97.06
-97.19
-97.40
-97.23
-97.20
-97.30
-96.97
-96.92
-97.05
-97.02
-97.24
-97.48
-97.38
-97.25
-97.07
-96.85
-96.95
-96.99
-97.01
-97.02
-96.88
-96.94
-96.94
-96.95
-97.07
-97.02
-97.10
-97.15
-97.15
-97.15
-97.06
-96.98
-96.97
-97.01
-97.23
-97.22
-97.17
-97.08
-97.10
-97.16
-97.20
-97.22
-97.04
-96.96
-96.99
-97.02
-97.30
-97.32
-97.29
-97.27
-97.00
-96.95
-96.93
-96.91
-96.90
-96.83
-96.90
-96.94
-97.12
-97.13
-97.11
-97.23
-97.09
-97.17
-97.16
-96.95
-96.98
-96.96
-97.02
-97.17
-97.22
-97.05
-97.07
-96.95
-97.01
-97.22
-97.30
-97.25
-97.09
-96.99
-96.69
-96.76
-96.82
-96.94
-97.17
-97.13
-97.21
-97.27
-97.23
-97.22
-97.27
-97.31
-97.26
-97.27
-97.27
-97.00
-96.90
-96.91
-96.88
-96.83
-96.88
-96.99
-97.08
-97.17
-97.14
-97.12
-97.17
-97.17
-97.33
-97.20
-97.18
-97.11
-97.03
-97.04
-97.17
-97.19
-97.05
-97.16
-97.03
-97.11
-96.92
-97.01
-97.07
-96.99
-97.02
-97.02
-96.97
-96.91
-96.81
-96.76
-96.71
-96.65
-96.67
-97.04
-97.15
-97.37
-97.35
-97.30
-97.26
-97.08
-97.10
-96.98
-96.92
-96.96
-97.03
-97.25
-97.18
-97.19
-97.09
-97.03
-97.11
-97.03
-97.16
-97.02
-96.87
-97.03
-97.15
-97.13
-97.12
-97.11
-96.88
-96.74
-96.88
-96.82
-96.81
-97.06
-97.02
-97.06
-97.13
-97.19
-97.24
-97.21
-96.97
-97.05
-97.10
-97.15
-97.34
-97.20
-97.10
-97.23
-97.14
-97.14
-97.09
-96.98
-96.99
-97.01
-97.10
-97.28
-97.27
-97.40
-97.47
-97.35
-97.34
-97.28
-97.08
-97.17
-97.16
-97.14
-97.12
-97.00
-96.93
-96.90
-96.86
-96.89
-97.11
-97.21
-97.32
-97.44
-97.31
-97.10
-97.15
-97.13
-97.12
-97.24
-97.18
-97.22
-97.31
-97.27
-97.19
-97.14
-97.00
-96.81
-96.99
-97.06
-97.07
-97.15
-97.02
-97.14
-97.10
-97.18
-97.13
-97.16
-97.21
-97.25
-97.21
-97.16
-97.28
-97.15
-97.15
-97.18
-97.00
-97.15
-97.20
-97.04
-97.09
-97.06
-97.00
-97.19
-97.10
-97.06
-97.05
-96.99
-97.05
-97.14
-97.05
-96.96
-96.87
-96.99
-97.13
-97.16
-97.30
-97.20
-96.96
-97.11
-97.00
-97.13
-97.25
-97.21
-97.33
-97.22
-97.10
-97.11
-97.07
-97.14
-97.16
