Frequency: 1.000000
Sample Rate: 1000000.000000
Vector Length: 1
Notes: 
-379.30
-102.79
-99.73
-98.16
-97.03
-96.84
-96.96
-96.87
-96.95
-96.80
-96.80
-96.73
-96.71
-96.71
-96.70
-96.80
-96.97
-97.01
-97.05
-97.04
-96.89
-96.91
-96.82
-96.85
-96.87
-96.78
-96.86
-96.86
-96.93
-97.07
-96.94
-96.75
-96.66
-96.72
-96.64
-96.72
-96.71
-96.70
-96.88
-96.91
-96.88
-96.96
-96.74
-96.75
-96.87
-97.00
-97.13
-97.05
-96.96
-96.93
-96.87
-97.00
-96.98
-97.10
-97.09
-97.04
-96.82
-96.80
-96.87
-96.88
-96.86
-96.27
-74.35
-66.80
-66.79
-66.80
-72.66
-95.67
-96.58
-96.56
-96.84
-96.68
-96.70
-96.66
-96.64
-96.65
-96.68
-96.80
-96.79
-96.74
-96.77
-96.64
-96.82
-96.86
-96.83
-96.86
-96.70
-96.66
-96.75
-96.84
-96.80
-96.92
-96.79
-96.76
-96.86
-96.78
-96.81
-96.71
-96.70
-96.85
-96.76
-96.83
-96.86
-96.92
-96.87
-96.78
-96.64
-96.60
-96.48
-96.64
-96.70
-96.66
-96.83
-96.88
-96.85
-96.94
-96.91
-96.84
-96.81
-96.73
-96.84
-96.73
-96.68
-96.72
-96.73
-96.61
-96.76
-96.80
-96.71
-96.72
-96.78
-96.80
-96.85
-96.98
-96.98
-96.92
-96.90
-96.80
-96.64
-96.68
-96.75
-96.69
-96.67
-96.67
-96.60
-96.63
-96.76
-96.92
-96.72
-96.70
-96.67
-96.60
-96.69
-96.81
-96.75
-96.74
-96.91
-96.85
-96.88
-96.89
-96.74
-96.62
-96.60
-96.40
-96.55
-96.53
-96.47
-96.62
-96.51
-96.66
-96.69
-96.88
-97.09
-97.09
-96.95
-96.85
-96.62
-96.69
-96.64
-96.75
-96.72
-96.71
-96.71
-96.81
-96.90
-96.88
-96.91
-96.87
-96.87
-96.97
-96.91
-96.80
-96.90
-96.88
-96.74
-96.73
-96.82
-96.65
-96.62
-96.64
-96.72
-96.73
-96.95
-97.04
-97.05
-97.18
-97.20
-97.03
-97.07
-97.00
-96.90
-96.78
-96.72
-96.62
-96.75
-96.97
-97.00
-97.01
-97.01
-96.89
-97.09
-96.99
-96.84
-96.87
-96.70
-96.68
-96.93
-96.96
-97.08
-97.07
-96.99
-96.68
-96.81
-96.69
-96.66
-96.72
-96.68
-96.90
-96.90
-96.80
-96.84
-96.76
-96.63
-96.65
-96.65
-96.66
-96.71
-96.75
-96.88
-97.06
-97.14
-97.20
-97.11
-97.05
-97.01
-96.96
-96.87
-96.80
-96.76
-96.77
-96.82
-96.93
-96.93
-96.86
-96.86
-96.84
-97.02
-97.01
-97.20
-97.07
-97.02
-96.90
-96.95
-96.85
-96.88
-96.90
-96.93
-96.89
-96.87
-96.77
-96.76
-96.68
-96.73
-96.72
-96.78
-96.95
-96.91
-96.77
-96.58
-96.15
-92.02
-68.22
-68.22
-68.22
-68.23
-93.48
-96.61
-96.82
-96.94
-97.02
-96.88
-96.77
-96.78
-96.78
-96.88
-96.74
-96.87
-96.89
-96.81
-96.90
-96.87
-96.62
-96.79
-96.66
-96.82
-96.82
-97.01
-96.93
-96.86
-96.64
-96.66
-96.62
-96.82
-97.02
-97.01
-97.06
-96.93
-96.91
-96.82
-96.90
-96.90
-97.04
-96.93
-96.82
-96.64
-96.67
-96.80
-96.91
-96.96
-96.84
-96.55
-96.31
-96.27
-96.36
-96.56
-96.79
-96.70
-96.47
-96.55
-96.46
-96.46
-96.70
-96.65
-96.51
-96.55
-96.28
-96.28
-95.55
-92.76
-66.84
-66.58
-66.58
-66.58
-71.26
-93.13
-96.21
-96.51
-96.77
-96.82
-96.79
-96.83
-96.66
-96.57
-96.58
-96.46
-96.45
-96.57
-96.67
-96.67
-96.94
-96.76
-96.85
-96.92
-96.75
-96.93
-96.76
-96.78
-96.79
-96.81
-96.90
-96.74
-96.79
-96.57
-96.44
-96.47
-96.44
-96.49
-96.51
-96.65
-96.78
-96.69
-96.74
-96.66
-96.60
-96.68
-96.72
-96.76
-96.73
-96.63
-96.64
-96.73
-96.71
-96.76
-96.81
-96.71
-96.50
-96.69
-96.67
-96.77
-96.96
