Frequency: 1.000000
Sample Rate: 1000000.000000
Vector Length: 1
Notes: 
-379.30
-102.05
-99.41
-97.68
-96.59
-96.64
-96.75
-96.76
-96.82
-96.75
-96.75
-96.72
-96.87
-96.87
-96.77
-96.81
-96.67
-96.68
-96.71
-96.60
-96.81
-96.76
-96.67
-96.70
-96.75
-96.81
-96.86
-96.76
-96.64
-96.41
-96.44
-96.44
-96.46
-96.71
-96.66
-96.68
-96.65
-96.50
-96.58
-96.57
-96.56
-96.67
-96.78
-96.77
-96.81
-96.80
-96.78
-96.88
-96.81
-96.95
-96.95
-96.98
-96.95
-96.79
-96.75
-96.60
-96.57
-96.51
-96.51
-96.61
-96.57
-96.68
-96.65
-96.66
-96.82
-96.72
-96.75
-96.67
-96.58
-96.47
-96.56
-96.48
-96.41
-96.48
-96.45
-96.44
-96.60
-96.61
-96.68
-96.58
-96.54
-96.57
-96.56
-96.61
-96.69
-96.75
-96.89
-96.90
-96.86
-96.83
-96.81
-96.70
-96.61
-96.61
-96.71
-96.77
-96.82
-96.86
-96.77
-96.74
-96.52
-96.49
-96.55
-96.63
-96.71
-96.75
-96.67
-96.62
-96.68
-96.58
-96.79
-96.67
-96.68
-96.70
-96.52
-96.65
-96.81
-96.91
-96.98
-96.95
-96.94
-96.80
-96.84
-96.77
-96.67
-96.77
-96.62
-96.60
-96.63
-96.77
-96.83
-96.91
-96.93
-96.96
-96.97
-96.81
-96.82
-96.74
-96.69
-96.77
-96.87
-96.94
-96.94
-97.03
-96.97
-96.94
-97.02
-96.98
-97.09
-97.07
-96.90
-96.90
-96.76
-96.63
-96.83
-96.90
-96.96
-97.12
-97.12
-97.16
-97.06
-97.01
-97.05
-96.78
-96.84
-96.90
-96.68
-96.90
-96.66
-96.72
-96.83
-96.75
-96.82
-96.77
-96.56
-96.70
-96.76
-96.77
-96.98
-97.11
-96.78
-96.74
-96.61
-96.51
-96.45
-96.42
-96.37
-96.43
-96.55
-96.77
-96.72
-96.75
-96.68
-96.63
-96.67
-96.71
-96.57
-96.55
-96.57
-96.49
-96.66
-96.76
-96.78
-96.76
-96.79
-96.85
-96.79
-96.71
-96.78
-96.74
-96.77
-96.87
-96.84
-96.83
-96.99
-96.90
-96.99
-96.90
-96.65
-96.57
-96.50
-96.43
-96.47
-96.63
-96.71
-96.62
-96.60
-96.57
-96.56
-96.72
-96.81
-96.73
-96.89
-96.77
-96.73
-96.81
-96.69
-96.71
-96.76
-96.75
-96.68
-96.67
-96.54
-96.62
-96.50
-96.50
-96.80
-96.73
-96.88
-97.03
-96.89
-96.95
-96.93
-96.87
-96.83
-96.88
-96.67
-96.54
-96.56
-96.40
-96.54
-96.57
-96.52
-96.51
-96.53
-96.60
-96.42
-96.69
-96.73
-96.83
-97.07
-97.12
-97.07
-97.05
-96.76
-96.85
-96.84
-96.75
-96.73
-96.71
-96.67
-96.58
-96.68
-96.76
-96.74
-96.85
-97.06
-97.19
-97.14
-97.37
-97.08
-96.91
-96.84
-96.64
-96.63
-96.60
-96.57
-96.64
-96.63
-96.65
-96.86
-96.94
-97.05
-97.13
-96.90
-96.65
-96.70
-96.60
-96.83
-97.02
-97.15
-97.15
-97.15
-96.98
-96.88
-96.84
-96.71
-96.77
-96.73
-96.60
-96.75
-96.79
-96.77
-96.92
-96.81
-96.74
-96.80
-96.71
-96.69
-96.62
-96.58
-96.73
-96.86
-96.86
-96.93
-96.82
-96.75
-96.66
-96.70
-96.88
-96.56
-96.61
-96.29
-96.16
-96.33
-96.42
-96.54
-96.61
-96.67
-96.71
-96.76
-96.54
-96.60
-96.58
-96.51
-96.62
-96.69
-96.66
-96.74
-96.54
-96.59
-96.64
-96.74
-96.76
-97.06
-97.01
-96.95
-96.94
-96.77
-96.86
-96.76
-96.86
-96.73
-96.78
-96.83
-96.82
-96.80
-96.89
-96.78
-96.57
-96.62
-96.44
-96.49
-96.60
-96.63
-96.66
-96.84
-96.97
-96.89
-96.83
-96.71
-96.67
-96.70
-96.70
-96.80
-96.79
-96.57
-96.58
-96.55
-96.46
-96.57
-96.69
-96.83
-96.88
-96.83
-96.92
-96.83
-96.88
-96.88
-96.60
-96.48
-96.46
-96.60
-96.87
-96.99
-96.87
-96.96
-96.83
-96.74
-96.77
-96.68
