Frequency: 1.000000
Sample Rate: 1000000.000000
Vector Length: 1
Notes: 
-379.30
-101.83
-99.40
-97.68
-96.59
-96.58
-96.67
-96.82
-96.79
-96.87
-96.80
-96.79
-97.02
-97.03
-97.05
-96.96
-96.75
-96.56
-96.55
-96.44
-96.41
-96.54
-96.57
-96.78
-96.80
-96.66
-96.62
-96.67
-96.65
-96.56
-96.70
-96.70
-96.71
-96.77
-96.60
-96.50
-96.51
-96.61
-96.70
-96.68
-96.68
-96.49
-96.42
-96.46
-96.44
-96.48
-96.64
-96.63
-96.71
-96.70
-96.55
-96.48
-96.36
-96.48
-96.41
-96.30
-96.57
-96.58
-96.81
-96.89
-96.68
-96.76
-96.68
-96.77
-97.00
-96.99
-96.99
-97.01
-96.87
-96.85
-96.74
-96.51
-96.55
-96.49
-96.38
-96.51
-96.57
-96.50
-96.65
-96.69
-96.74
-96.79
-96.72
-96.74
-96.80
-96.75
-96.84
-96.85
-96.88
-96.84
-96.77
-96.73
-96.58
-96.80
-96.72
-96.65
-96.68
-96.60
-96.69
-96.84
-96.86
-96.88
-96.77
-96.74
-96.82
-96.81
-96.76
-96.87
-96.78
-96.82
-96.91
-96.88
-96.91
-96.73
-96.75
-96.55
-96.70
-96.89
-96.83
-96.80
-96.56
-96.54
-96.52
-96.86
-96.93
-96.95
-96.76
-96.64
-96.62
-96.58
-96.56
-96.66
-96.71
-96.65
-96.81
-96.78
-96.77
-96.77
-96.59
-96.60
-96.63
-96.62
-96.73
-96.79
-96.93
-96.90
-96.95
-96.99
-96.92
-96.89
-96.85
-96.76
-96.64
-96.59
-96.65
-96.79
-96.95
-97.10
-97.15
-96.93
-96.91
-96.96
-96.96
-96.87
-96.94
-96.74
-96.68
-96.78
-96.73
-97.02
-97.15
-97.22
-97.30
-97.00
-96.77
-96.79
-96.70
-96.67
-96.74
-96.79
-96.89
-97.08
-97.13
-97.03
-96.65
-96.77
-96.89
-96.82
-97.24
-97.16
-97.13
-97.23
-97.03
-96.76
-96.69
-96.81
-96.88
-97.14
-97.14
-97.09
-96.96
-97.00
-96.93
-96.85
-96.85
-96.75
-96.69
-96.69
-96.64
-96.47
-96.60
-96.58
-96.51
-96.51
-96.47
-96.12
-95.76
-95.23
-94.64
-86.77
-48.23
-48.23
-48.23
-48.23
-75.23
-95.44
-96.51
-96.49
-96.60
-96.79
-96.65
-96.72
-96.78
-96.81
-96.76
-96.79
-96.76
-96.77
-96.81
-96.80
-96.94
-96.90
-96.93
-96.89
-96.79
-96.86
-96.91
-96.72
-96.68
-96.74
-96.81
-96.91
-97.18
-97.07
-96.98
-96.74
-96.57
-96.48
-96.42
-96.70
-96.89
-96.83
-96.84
-96.63
-96.62
-96.65
-96.52
-96.54
-96.56
-96.52
-96.50
-96.59
-96.72
-96.75
-96.82
-96.89
-96.95
-96.89
-97.00
-96.95
-96.96
-96.94
-96.94
-96.89
-96.65
-96.45
-96.31
-96.26
-96.28
-96.48
-96.44
-96.69
-96.90
-96.90
-96.94
-96.65
-96.63
-96.62
-96.78
-97.01
-96.91
-96.91
-96.84
-96.85
-96.85
-96.70
-96.67
-96.81
-96.96
-97.05
-97.17
-97.16
-97.10
-97.00
-97.09
-96.94
-96.98
-96.89
-96.98
-96.82
-96.55
-96.57
-96.30
-96.28
-96.50
-96.65
-96.88
-97.04
-96.96
-96.82
-96.78
-96.90
-97.11
-97.03
-97.17
-97.05
-96.97
-97.01
-96.90
-96.97
-96.92
-96.74
-96.62
-96.49
-96.52
-96.66
-96.73
-96.83
-96.99
-96.96
-97.09
-97.06
-97.04
-97.12
-97.07
-97.15
-97.03
-96.89
-96.72
-96.50
-96.56
-96.62
-96.73
-96.86
-96.75
-96.73
-96.68
-96.77
-96.89
-97.05
-96.84
-96.78
-96.71
-96.70
-96.87
-96.94
-96.88
-96.83
-96.77
-96.69
-96.85
-96.77
-96.91
-97.00
-97.09
-96.97
-96.95
-97.05
-97.03
-96.85
-96.97
-96.97
-96.87
-97.00
-96.87
-96.85
-96.62
-96.63
-96.75
-96.54
-96.73
-96.64
-96.68
-96.61
-96.54
-96.55
-96.48
-96.64
-96.76
-96.72
-96.79
-96.79
-96.72
-96.92
-96.87
-96.83
-96.89
-96.99
-96.85
