Frequency: 1.000000
Sample Rate: 1000000.000000
Vector Length: 1
Notes: 
-379.30
-101.71
-99.19
-97.62
-96.59
-96.69
-96.77
-96.71
-96.71
-96.63
-96.52
-96.43
-96.33
-95.85
-92.42
-86.67
-61.20
-61.19
-61.19
-61.20
-86.54
-91.80
-96.34
-96.64
-96.76
-96.75
-96.68
-96.38
-96.46
-96.44
-96.16
-96.22
-96.35
-96.46
-96.71
-96.71
-96.73
-96.74
-96.82
-96.74
-96.67
-96.51
-96.29
-96.41
-96.56
-96.64
-96.94
-96.91
-96.83
-96.86
-96.84
-96.87
-96.91
-96.88
-96.85
-96.73
-96.82
-96.82
-96.75
-96.71
-96.73
-96.83
-96.85
-96.85
-96.81
-96.69
-96.70
-96.75
-96.89
-96.91
-97.08
-97.12
-96.93
-96.75
-96.63
-96.65
-96.59
-96.50
-96.60
-96.60
-96.66
-97.02
-96.96
-96.90
-96.76
-96.67
-96.68
-96.75
-96.90
-97.05
-96.98
-97.08
-96.98
-96.94
-96.88
-96.80
-96.80
-96.79
-96.75
-96.64
-96.72
-96.70
-96.53
-96.70
-96.53
-96.50
-96.48
-96.45
-96.34
-96.62
-96.72
-96.62
-96.80
-96.89
-96.89
-97.04
-96.89
-96.86
-96.91
-96.82
-96.97
-97.01
-96.96
-96.85
-96.73
-96.67
-96.55
-96.68
-96.67
-96.68
-96.70
-96.64
-96.50
-96.55
-96.49
-96.55
-96.76
-96.83
-96.54
-96.48
-96.53
-96.50
-96.65
-96.70
-96.71
-96.85
-96.95
-96.93
-96.89
-96.80
-96.65
-96.78
-96.74
-96.67
-96.80
-96.81
-96.79
-96.71
-96.74
-96.73
-96.79
-96.79
-96.75
-96.92
-96.88
-96.85
-96.83
-96.83
-96.89
-96.91
-96.86
-96.77
-96.59
-96.58
-96.55
-96.59
-96.66
-96.75
-96.78
-96.60
-96.72
-96.80
-96.77
-96.85
-96.95
-96.89
-96.90
-97.06
-96.95
-96.90
-96.68
-96.73
-96.66
-96.75
-96.78
-96.87
-96.77
-96.75
-96.89
-97.07
-97.03
-96.96
-96.93
-96.90
-96.97
-96.98
-96.95
-96.81
-96.72
-96.72
-96.82
-96.69
-96.92
-96.93
-96.92
-96.89
-96.79
-96.79
-96.88
-96.90
-97.06
-96.99
-96.96
-96.78
-96.77
-96.62
-96.71
-96.60
-96.47
-96.48
-96.74
-96.79
-96.87
-96.83
-96.67
-96.78
-96.74
-96.86
-96.88
-96.77
-96.75
-96.89
-96.77
-96.99
-96.88
-96.86
-96.95
-96.81
-96.90
-96.94
-96.82
-96.83
-96.66
-96.62
-96.71
-96.91
-97.04
-96.94
-97.01
-96.89
-96.85
-96.99
-96.97
-96.95
-96.86
-96.64
-96.65
-96.78
-96.89
-96.97
-96.70
-96.71
-96.69
-96.72
-96.84
-96.85
-96.59
-96.61
-96.64
-96.60
-96.62
-96.53
-96.62
-96.71
-96.81
-96.74
-96.73
-96.82
-96.70
-96.84
-96.88
-96.73
-96.90
-96.88
-96.86
-96.89
-97.01
-96.83
-96.71
-96.68
-96.66
-96.72
-96.79
-96.63
-96.48
-96.52
-96.67
-96.76
-96.78
-96.77
-96.79
-96.85
-97.00
-96.98
-97.01
-97.01
-96.87
-96.79
-96.72
-96.70
-96.72
-96.68
-96.75
-96.69
-96.65
-96.47
-96.37
-96.35
-96.44
-96.50
-96.58
-96.55
-96.56
-96.47
-96.43
-96.62
-96.62
-96.79
-96.92
-96.84
-96.77
-96.69
-96.60
-96.75
-96.70
-96.79
-96.90
-96.73
-96.71
-96.62
-96.62
-96.63
-96.61
-96.75
-96.84
-96.84
-96.67
-96.72
-96.67
-96.65
-96.77
-96.71
-96.65
-96.67
-96.65
-96.51
-96.50
-96.52
-96.59
-96.53
-96.63
-96.62
-96.57
-96.67
-96.56
-96.51
-96.41
-96.57
-96.56
-96.76
-96.85
-96.86
-96.75
-96.64
-96.76
-96.86
-97.00
-97.02
-96.87
-96.78
-96.67
-96.61
-96.80
-96.78
-96.84
-96.99
-96.93
-96.94
-96.82
-96.71
-96.73
-96.82
-96.92
-97.07
-96.97
-96.89
-96.65
-96.69
-96.80
-96.92
-97.12
-97.01
-96.85
-96.74
-96.69
-96.76
-97.14
-97.27
-97.38
-97.35
