Frequency: 1.000000
Sample Rate: 1000000.000000
Vector Length: 1
Notes: 
-379.30
-101.34
-99.03
-97.61
-96.74
-96.81
-96.87
-96.97
-96.84
-96.82
-96.86
-96.84
-96.79
-97.11
-97.06
-97.22
-97.10
-96.87
-96.75
-96.53
-96.65
-96.87
-96.93
-96.91
-96.79
-96.88
-96.93
-96.98
-96.81
-96.69
-96.56
-96.68
-96.82
-96.74
-96.66
-96.60
-96.67
-96.81
-96.85
-96.95
-97.00
-96.80
-96.75
-96.71
-96.73
-96.68
-96.59
-96.65
-96.65
-96.74
-96.61
-96.78
-96.76
-96.77
-97.08
-97.05
-97.08
-97.00
-97.07
-97.06
-97.15
-97.10
-97.00
-96.93
-96.61
-96.61
-96.47
-96.51
-96.50
-96.76
-96.89
-96.89
-96.84
-96.80
-96.81
-96.90
-97.05
-97.17
-97.05
-96.91
-96.78
-96.74
-96.80
-96.88
-96.92
-96.93
-96.97
-97.00
-96.89
-96.81
-96.72
-96.57
-96.63
-96.74
-96.81
-96.84
-96.83
-96.86
-96.66
-96.59
-96.59
-96.51
-96.81
-96.76
-96.87
-96.91
-96.79
-96.79
-96.82
-96.74
-96.93
-96.97
-96.96
-97.00
-96.93
-96.90
-97.10
-97.08
-97.13
-96.95
-96.96
-96.77
-96.71
-96.64
-96.78
-96.69
-96.73
-96.87
-96.84
-96.81
-96.67
-96.51
-96.54
-96.60
-96.70
-96.72
-96.68
-96.71
-96.94
-96.81
-96.93
-96.74
-96.71
-96.75
-96.83
-97.08
-97.14
-97.04
-97.03
-96.94
-96.94
-97.01
-96.98
-97.00
-96.97
-96.75
-96.84
-96.85
-96.79
-96.81
-96.74
-96.93
-97.01
-97.14
-97.20
-97.14
-97.06
-96.92
-96.90
-96.91
-96.76
-96.62
-96.53
-96.68
-96.77
-96.97
-97.07
-96.78
-96.62
-96.56
-96.67
-96.82
-96.87
-96.87
-96.89
-96.85
-97.08
-97.17
-97.05
-97.14
-97.01
-96.98
-96.99
-96.79
-96.82
-96.85
-96.79
-96.88
-96.89
-96.94
-97.04
-97.15
-97.22
-97.09
-97.07
-97.06
-96.86
-97.01
-96.97
-96.84
-96.85
-96.93
-96.60
-96.42
-96.50
-96.45
-96.74
-96.67
-96.63
-96.75
-96.74
-96.57
-96.65
-96.55
-96.66
-96.61
-96.75
-96.88
-96.84
-96.79
-96.93
-96.79
-96.75
-96.88
-96.76
-96.76
-96.88
-96.89
-96.93
-96.79
-96.92
-96.99
-96.93
-97.07
-97.14
-96.76
-96.64
-96.75
-96.72
-96.79
-96.83
-96.79
-96.65
-96.67
-96.64
-96.64
-96.74
-96.81
-96.81
-96.79
-96.83
-96.91
-96.90
-96.98
-96.89
-96.84
-96.83
-96.90
-96.98
-96.91
-97.03
-96.87
-96.87
-96.91
-96.88
-96.77
-96.67
-96.77
-96.82
-96.82
-96.74
-96.69
-96.73
-96.79
-96.93
-97.28
-97.09
-96.93
-96.92
-96.89
-96.81
-96.92
-96.75
-96.61
-96.68
-96.70
-96.76
-96.73
-96.80
-96.87
-96.95
-96.95
-96.72
-96.56
-96.62
-96.51
-96.66
-96.80
-96.71
-96.82
-96.81
-96.81
-96.71
-96.46
-96.43
-96.60
-96.74
-96.95
-96.98
-96.72
-96.68
-96.75
-96.67
-96.80
-96.81
-96.85
-96.84
-96.64
-96.59
-96.56
-96.52
-96.64
-96.68
-96.90
-97.07
-96.98
-97.01
-96.74
-96.63
-96.71
-96.80
-96.86
-97.03
-96.94
-96.97
-97.02
-96.77
-96.58
-96.40
-96.10
-93.65
-65.41
-65.39
-65.39
-65.39
-69.11
-96.37
-96.77
-96.82
-96.88
-96.96
-96.87
-96.73
-96.43
-96.54
-96.62
-96.69
-96.83
-96.98
-96.85
-96.89
-96.96
-96.78
-96.79
-96.85
-96.88
-96.99
-97.04
-96.77
-96.48
-96.38
-96.40
-96.60
-97.00
-96.81
-96.65
-96.68
-96.64
-96.57
-96.57
-96.64
-96.43
-96.62
-96.87
-96.75
-96.85
-96.52
-96.48
-96.45
-96.42
-96.63
-96.70
-96.75
-96.91
-96.66
-96.75
-96.64
-96.40
-96.63
-96.67
-96.54
-96.77
-96.74
-96.71
-96.90
-96.81
-96.73
-96.77
-96.78
