Frequency: 1.000000
Sample Rate: 1000000.000000
Vector Length: 1
Notes: 
-379.30
-102.16
-99.52
-97.94
-96.86
-96.78
-96.83
-96.75
-96.87
-97.03
-96.94
-97.14
-96.93
-96.98
-96.93
-96.88
-96.80
-96.84
-96.76
-96.81
-96.95
-96.88
-96.98
-97.10
-97.09
-97.13
-97.15
-97.06
-96.87
-96.86
-96.79
-96.74
-96.90
-97.02
-96.97
-96.98
-97.01
-96.96
-96.82
-96.91
-96.89
-96.89
-97.14
-96.98
-96.93
-96.90
-96.99
-96.97
-97.00
-97.06
-97.05
-97.15
-97.03
-96.83
-96.58
-96.41
-96.37
-96.55
-96.72
-96.86
-96.87
-96.83
-96.69
-96.73
-96.81
-96.75
-96.77
-96.69
-96.69
-96.76
-96.82
-96.89
-96.86
-96.93
-96.87
-96.76
-96.78
-96.82
-96.90
-97.02
-96.88
-96.86
-96.70
-96.79
-96.76
-96.61
-96.57
-96.60
-96.69
-96.86
-97.02
-96.88
-96.92
-96.77
-96.79
-96.85
-96.85
-96.80
-96.97
-96.91
-96.87
-96.77
-96.76
-96.87
-96.77
-96.92
-96.88
-97.03
-96.94
-97.18
-96.93
-96.78
-96.72
-96.79
-96.82
-96.98
-97.06
-96.98
-97.21
-97.05
-96.88
-96.81
-96.69
-96.53
-96.54
-96.53
-96.61
-96.85
-97.19
-97.40
-97.21
-97.10
-96.80
-96.68
-96.65
-96.58
-96.65
-96.74
-96.74
-96.60
-96.62
-96.51
-96.61
-96.78
-96.75
-96.80
-96.88
-96.78
-96.87
-96.85
-96.86
-97.04
-97.22
-97.17
-97.21
-97.15
-97.13
-96.95
-96.99
-97.04
-97.05
-97.03
-96.93
-96.60
-96.54
-96.73
-96.80
-97.10
-97.03
-96.96
-96.97
-97.07
-97.15
-97.15
-96.92
-96.97
-96.91
-96.88
-97.11
-97.03
-96.97
-96.77
-96.77
-96.76
-96.74
-96.97
-97.00
-96.85
-96.95
-96.94
-96.73
-96.77
-96.86
-96.94
-97.00
-97.06
-97.06
-97.00
-96.95
-96.96
-96.87
-96.79
-96.77
-96.83
-96.88
-96.80
-96.82
-96.79
-96.78
-96.89
-96.89
-96.93
-96.97
-97.02
-97.05
-96.88
-96.76
-96.89
-96.73
-96.79
-96.75
-96.73
-96.83
-96.83
-97.03
-96.98
-96.88
-96.87
-96.77
-96.79
-96.91
-97.16
-97.17
-97.28
-97.23
-97.18
-97.21
-97.05
-97.07
-97.09
-96.87
-96.91
-96.82
-96.81
-96.79
-96.73
-96.86
-96.72
-96.83
-96.94
-96.81
-96.82
-96.79
-96.86
-97.07
-97.03
-97.05
-97.04
-96.88
-96.94
-96.93
-96.89
-96.77
-96.76
-96.75
-96.74
-96.85
-97.03
-97.13
-96.98
-96.97
-96.86
-96.84
-96.97
-96.97
-96.95
-96.99
-96.80
-96.77
-96.83
-96.87
-96.97
-96.82
-96.93
-96.83
-96.84
-96.93
-96.78
-96.72
-96.68
-96.67
-96.87
-96.83
-96.96
-97.09
-97.07
-96.96
-96.69
-96.52
-96.47
-96.57
-96.58
-96.52
-96.55
-96.55
-96.79
-96.65
-96.75
-96.76
-96.60
-96.80
-96.81
-96.52
-96.48
-96.24
-95.43
-94.87
-94.79
-94.73
-94.87
-95.78
-95.47
-95.13
-94.51
-93.50
-85.94
-48.37
-46.15
-46.15
-46.15
-47.98
-86.63
-96.62
-96.56
-96.69
-96.71
-96.73
-96.80
-96.87
-96.69
-96.83
-96.64
-96.58
-96.67
-96.75
-96.86
-96.84
-96.89
-96.89
-96.77
-96.92
-96.79
-96.74
-96.85
-96.93
-97.11
-97.10
-96.94
-96.98
-96.90
-96.98
-96.95
-96.85
-96.87
-96.83
-96.85
-96.81
-96.73
-96.68
-96.55
-96.72
-96.75
-96.81
-96.86
-96.85
-96.74
-96.63
-96.52
-96.68
-96.70
-96.77
-96.75
-96.80
-96.83
-96.97
-97.03
-97.01
-96.93
-96.82
-96.60
-96.76
-96.94
-96.75
-96.88
-96.73
-96.69
-96.85
-96.93
-96.88
-96.97
-96.83
-96.87
-97.06
-96.89
-96.83
-96.77
-96.77
-96.73
-96.84
-96.82
-96.93
-96.91
-97.02
-96.93
-96.82
-96.94
-96.86
-96.99
-96.92
