Frequency: 1.000000
Sample Rate: 1000000.000000
Vector Length: 1
Notes: 
-379.30
-101.64
-98.85
-97.17
-96.11
-96.05
-96.21
-96.40
-96.31
-96.05
-96.02
-95.87
-95.87
-96.23
-96.22
-96.46
-96.61
-96.52
-96.54
-96.43
-96.28
-96.34
-96.23
-96.32
-96.50
-96.48
-96.48
-96.31
-96.18
-96.12
-96.13
-96.25
-96.18
-95.95
-95.98
-95.89
-96.16
-96.33
-96.60
-96.65
-96.65
-96.69
-96.61
-96.30
-96.32
-96.31
-96.25
-96.42
-96.34
-96.50
-96.52
-96.50
-96.49
-96.28
-96.34
-96.34
-96.39
-96.43
-96.58
-96.72
-96.65
-96.71
-96.60
-96.52
-96.46
-96.58
-96.40
-96.31
-96.32
-96.20
-96.34
-96.31
-96.31
-96.30
-96.19
-96.17
-96.27
-96.31
-96.47
-96.58
-96.59
-96.67
-96.49
-96.35
-96.40
-96.20
-96.24
-96.44
-96.38
-96.41
-96.41
-96.33
-96.26
-96.25
-96.00
-96.06
-96.13
-96.30
-96.35
-96.65
-96.74
-96.64
-96.63
-96.63
-96.61
-96.49
-96.41
-96.42
-96.36
-96.44
-96.53
-96.50
-96.48
-96.45
-96.29
-96.29
-96.23
-96.25
-96.29
-96.40
-96.32
-96.36
-96.47
-96.45
-96.49
-96.44
-96.53
-96.47
-96.53
-96.52
-96.42
-96.44
-96.53
-96.51
-96.54
-96.36
-96.35
-96.30
-96.23
-96.25
-96.30
-96.25
-96.21
-96.38
-96.48
-96.46
-96.65
-96.53
-96.50
-96.45
-96.31
-96.33
-96.32
-96.33
-96.16
-96.14
-96.08
-96.23
-96.25
-96.18
-96.11
-96.02
-96.30
-96.42
-96.33
-96.26
-96.03
-96.14
-96.20
-96.35
-96.45
-96.53
-96.40
-96.35
-96.25
-96.25
-96.25
-96.33
-96.40
-96.41
-96.42
-96.51
-96.48
-96.41
-96.38
-96.34
-96.23
-96.40
-96.23
-96.22
-96.21
-96.04
-96.08
-96.04
-96.20
-96.26
-96.37
-96.51
-96.47
-96.52
-96.52
-96.52
-96.52
-96.50
-96.46
-96.48
-96.43
-96.32
-96.37
-96.26
-96.34
-96.42
-96.49
-96.52
-96.45
-96.40
-96.46
-96.51
-96.69
-96.60
-96.41
-96.24
-96.13
-96.02
-96.07
-96.07
-96.27
-96.36
-96.42
-96.43
-96.35
-96.28
-96.29
-96.22
-96.19
-96.27
-96.14
-96.24
-96.42
-96.19
-96.35
-96.42
-96.29
-96.48
-96.46
-96.41
-96.63
-96.49
-96.50
-96.41
-96.36
-96.57
-96.43
-96.59
-96.58
-96.45
-96.48
-96.28
-96.31
-96.27
-96.19
-96.33
-96.27
-96.27
-96.17
-96.04
-96.02
-96.27
-96.46
-96.53
-96.50
-96.46
-96.34
-96.40
-96.44
-96.39
-96.46
-96.34
-96.49
-96.37
-96.45
-96.50
-96.36
-96.34
-96.25
-96.10
-96.17
-96.17
-96.39
-96.28
-96.30
-96.42
-96.26
-96.24
-96.24
-96.34
-96.42
-96.36
-96.47
-96.61
-96.54
-96.64
-96.85
-96.56
-96.47
-96.58
-96.53
-96.53
-96.63
-96.50
-96.43
-96.31
-96.24
-96.41
-96.38
-96.35
-96.39
-96.45
-96.44
-96.51
-96.32
-96.28
-96.14
-96.02
-96.26
-96.22
-96.30
-96.21
-96.12
-95.88
-96.02
-96.15
-96.10
-96.32
-96.40
-96.38
-96.32
-96.29
-96.15
-96.03
-96.19
-96.25
-96.47
-96.44
-96.26
-96.33
-96.10
-96.19
-96.32
-96.30
-96.34
-96.25
-96.22
-96.24
-95.95
-95.89
-95.80
-95.74
-95.94
-96.24
-96.46
-96.46
-96.57
-96.57
-96.48
-96.37
-96.42
-96.25
-96.15
-96.19
-96.31
-96.37
-96.38
-96.44
-96.46
-96.41
-96.53
-96.51
-96.64
-96.37
-96.47
-96.61
-96.42
-96.66
-96.60
-96.42
-96.57
-96.31
-96.25
-96.27
-96.43
-96.65
-96.61
-96.70
-96.63
-96.39
-96.40
-96.32
-96.26
-96.33
-96.36
-96.47
-96.51
-96.40
-96.61
-96.34
-96.38
-96.54
-96.48
-96.45
-96.65
-96.50
-96.50
-96.48
-96.48
-96.40
-96.50
-96.31
-96.40
-96.38
