Frequency: 1.000000
Sample Rate: 1000000.000000
Vector Length: 1
Notes: 
-379.30
-102.10
-99.67
-98.10
-97.08
-97.02
-97.13
-97.07
-97.11
-97.07
-97.29
-97.23
-97.18
-97.26
-97.16
-97.04
-97.04
-97.08
-97.00
-96.90
-96.93
-96.80
-96.85
-96.96
-97.01
-97.21
-97.17
-97.14
-97.02
-97.00
-97.00
-97.06
-97.36
-97.38
-97.25
-97.17
-97.04
-96.93
-96.80
-96.77
-96.77
-96.32
-92.69
-92.69
-92.69
-92.71
-96.96
-96.94
-96.93
-97.01
-96.83
-96.90
-96.87
-96.73
-96.73
-96.72
-96.78
-96.80
-97.05
-97.02
-96.84
-96.99
-96.92
-96.85
-96.95
-96.86
-96.89
-97.02
-97.01
-97.01
-97.11
-97.15
-97.13
-97.04
-97.16
-96.98
-97.13
-97.10
-97.18
-97.16
-97.10
-97.11
-97.14
-96.93
-97.02
-97.02
-97.03
-97.09
-96.91
-96.98
-97.18
-97.26
-97.24
-97.22
-97.09
-97.00
-97.01
-97.19
-97.12
-97.27
-97.14
-96.99
-97.17
-97.12
-97.18
-97.18
-97.28
-97.21
-97.15
-97.07
-96.87
-97.03
-97.18
-97.21
-97.32
-97.14
-96.97
-97.08
-97.04
-97.12
-97.32
-96.98
-97.02
-97.08
-96.92
-97.18
-97.08
-97.11
-97.14
-97.16
-97.29
-97.34
-97.43
-97.24
-97.32
-97.27
-97.13
-97.11
-97.03
-96.92
-97.08
-97.18
-97.21
-97.26
-97.12
-96.96
-96.92
-97.01
-97.08
-97.11
-97.18
-97.13
-97.07
-96.98
-97.08
-96.98
-96.99
-96.99
-97.11
-96.99
-97.11
-97.21
-97.23
-97.32
-97.35
-97.36
-97.25
-97.22
-97.26
-97.20
-97.33
-97.21
-97.07
-97.16
-97.05
-97.07
-97.12
-97.06
-97.10
-97.26
-97.21
-97.24
-97.12
-97.00
-96.90
-96.72
-96.73
-96.82
-97.09
-97.08
-97.19
-97.21
-97.20
-97.05
-97.04
-96.99
-96.96
-97.05
-97.09
-96.92
-96.92
-96.79
-96.83
-97.02
-97.08
-97.08
-96.93
-96.91
-96.95
-97.06
-97.22
-97.34
-97.30
-97.24
-97.19
-97.19
-97.10
-97.10
-97.01
-96.98
-97.06
-96.97
-96.93
-97.02
-96.97
-96.96
-97.17
-97.15
-97.00
-97.09
-97.05
-97.09
-97.17
-97.21
-97.20
-97.11
-97.12
-97.11
-97.08
-97.22
-97.11
-97.14
-97.15
-97.09
-97.10
-96.96
-96.97
-96.85
-96.93
-96.97
-97.05
-96.88
-96.91
-96.89
-97.02
-97.10
-97.20
-97.11
-97.06
-97.13
-97.08
-97.05
-97.09
-97.08
-97.24
-97.11
-97.18
-97.05
-96.97
-97.10
-97.01
-96.94
-96.83
-96.74
-96.79
-97.05
-97.15
-97.17
-97.24
-97.17
-97.10
-97.16
-97.21
-97.21
-97.24
-97.21
-97.16
-97.20
-97.09
-97.09
-97.04
-97.02
-97.03
-97.11
-97.17
-97.20
-97.18
-97.20
-97.12
-97.14
-97.20
-97.16
-97.16
-97.10
-97.14
-97.07
-97.02
-97.09
-97.12
-97.11
-97.30
-97.34
-97.18
-97.09
-97.10
-97.07
-97.00
-97.09
-97.17
-97.22
-97.36
-97.29
-97.20
-97.18
-97.25
-97.03
-97.08
-97.01
-96.89
-97.01
-96.86
-97.09
-97.19
-97.24
-97.25
-97.08
-96.81
-96.77
-96.79
-96.96
-97.18
-97.16
-97.06
-96.94
-97.11
-97.16
-97.20
-97.21
-97.26
-97.18
-97.17
-97.07
-97.01
-96.95
-96.95
-96.78
-96.74
-96.59
-96.62
-96.88
-96.89
-96.95
-97.00
-96.94
-97.01
-97.11
-97.16
-97.20
-97.29
-97.45
-97.46
-97.19
-97.00
-96.82
-96.73
-96.90
-96.99
-96.96
-97.11
-97.08
-96.95
-97.11
-97.15
-97.07
-96.96
-96.91
-96.82
-96.89
-97.05
-97.00
-97.08
-97.31
-97.30
-97.47
-97.35
-97.24
-97.14
-97.03
-97.11
-97.17
-97.12
-97.08
-97.17
-96.96
-96.91
-96.93
-96.80
-96.77
-96.87
-96.89
-96.91
-96.94
-96.72
-96.68
-96.76
-96.70
-96.83
-96.84
-96.91
-97.18
