Frequency: 1.000000
Sample Rate: 1000000.000000
Vector Length: 1
Notes: 
-379.30
-103.00
-100.28
-98.80
-97.88
-97.77
-97.70
-97.62
-97.45
-97.51
-97.70
-97.79
-97.86
-97.75
-97.58
-97.65
-97.78
-97.93
-97.79
-97.80
-97.63
-97.50
-97.51
-97.49
-97.54
-97.55
-97.60
-97.86
-97.70
-97.82
-97.90
-97.84
-97.90
-97.74
-97.54
-97.38
-97.43
-97.63
-97.64
-97.65
-97.60
-97.47
-97.66
-97.55
-97.70
-97.66
-97.64
-97.81
-97.67
-97.76
-97.79
-97.85
-97.82
-97.90
-97.97
-97.78
-97.81
-97.55
-97.58
-97.61
-97.52
-97.63
-97.59
-97.61
-97.77
-97.67
-97.70
-97.57
-97.62
-97.61
-97.68
-97.75
-97.77
-97.73
-97.78
-97.61
-97.61
-97.57
-97.51
-97.54
-97.62
-97.57
-97.68
-97.55
-97.61
-97.59
-97.58
-97.74
-97.51
-97.58
-97.64
-97.56
-97.66
-97.74
-97.77
-97.71
-97.69
-97.71
-97.62
-97.52
-97.40
-97.39
-97.44
-97.59
-97.74
-97.72
-97.86
-97.88
-97.76
-97.74
-97.54
-97.59
-97.40
-97.43
-97.44
-97.30
-97.40
-97.24
-97.22
-97.21
-97.22
-97.24
-97.32
-97.29
-97.29
-97.33
-97.48
-97.54
-97.49
-97.45
-97.35
-97.30
-97.48
-97.51
-97.68
-97.64
-97.57
-97.64
-97.71
-97.76
-97.89
-97.73
-97.66
-97.53
-97.61
-97.65
-97.54
-97.56
-97.42
-97.36
-97.23
-97.16
-97.15
-97.36
-97.49
-97.73
-97.83
-97.77
-97.66
-97.71
-97.64
-97.76
-97.86
-97.75
-97.92
-97.71
-97.71
-97.66
-97.51
-97.52
-97.49
-97.54
-97.60
-97.58
-97.69
-97.67
-97.60
-97.64
-89.35
-64.16
-64.15
-64.15
-64.16
-88.17
-96.22
-96.96
-97.34
-97.40
-97.37
-97.35
-97.39
-97.32
-97.52
-97.52
-97.63
-97.73
-97.44
-97.50
-97.45
-97.44
-97.53
-97.72
-97.83
-97.71
-97.64
-97.60
-97.36
-97.46
-97.32
-97.24
-97.18
-97.17
-97.15
-97.30
-97.40
-97.57
-97.37
-97.39
-97.34
-97.28
-97.34
-97.47
-97.52
-97.49
-97.58
-97.46
-97.40
-97.26
-97.39
-97.58
-97.64
-97.65
-97.56
-97.61
-97.46
-97.39
-97.43
-97.35
-97.52
-97.50
-97.68
-97.48
-97.43
-97.25
-97.23
-97.29
-97.43
-97.37
-97.37
-97.45
-97.36
-97.47
-97.47
-97.45
-97.44
-97.39
-97.51
-97.50
-97.55
-97.35
-97.38
-97.50
-97.57
-97.65
-97.72
-97.71
-97.62
-97.69
-97.69
-97.63
-97.52
-97.39
-97.31
-97.14
-97.15
-97.20
-97.21
-97.38
-97.45
-97.49
-97.43
-97.44
-97.50
-97.55
-97.42
-97.49
-97.46
-97.45
-97.64
-97.54
-97.57
-97.54
-97.57
-97.61
-97.79
-97.92
-97.80
-97.68
-97.72
-96.82
-96.84
-96.95
-97.09
-97.87
-97.95
-97.75
-97.42
-97.40
-97.33
-97.27
-97.29
-97.36
-97.44
-97.38
-97.45
-97.54
-97.36
-97.44
-97.40
-97.24
-97.34
-97.42
-97.65
-97.67
-97.72
-97.73
-97.62
-97.62
-97.57
-97.55
-97.54
-97.70
-97.72
-97.74
-97.73
-97.60
-97.47
-97.47
-97.39
-97.42
-97.50
-97.52
-97.53
-97.52
-97.64
-97.60
-97.54
-97.62
-97.62
-97.72
-97.70
-97.70
-97.68
-97.71
-97.85
-97.74
-97.80
-97.83
-97.82
-97.82
-97.94
-97.82
-97.77
-97.72
-97.77
-97.67
-97.70
-97.66
-97.63
-97.67
-97.60
-97.59
-97.70
-97.70
-97.73
-97.67
-97.62
-97.68
-97.72
-97.71
-97.72
-97.69
-97.72
-97.67
-97.60
-97.68
-97.69
-97.68
-97.78
-97.74
-97.83
-97.89
-97.93
-98.02
-97.84
-97.84
-97.80
-97.77
-97.74
-97.86
-97.87
-97.69
-97.77
-97.58
-97.56
-97.53
-97.50
-97.54
-97.64
-97.79
-97.87
-97.78
-97.84
-97.78
-97.68
-97.71
-97.81
-97.67
-97.75
-97.71
-97.53
