Frequency: 1.000000
Sample Rate: 1000000.000000
Vector Length: 1
Notes: 
-379.30
-97.30
-94.97
-93.45
-92.40
-92.31
-92.42
-92.59
-92.72
-92.88
-92.48
-91.98
-91.56
-91.29
-91.29
-91.29
-91.64
-91.81
-91.78
-91.99
-91.93
-92.43
-93.45
-94.78
-96.49
-97.38
-97.73
-97.69
-97.79
-97.74
-97.75
-97.73
-97.68
-97.76
-97.69
-97.63
-97.61
-97.56
-97.49
-97.46
-97.45
-97.57
-97.58
-97.69
-97.68
-97.70
-97.85
-97.80
-97.92
-97.99
-97.97
-97.87
-97.81
-97.84
-97.75
-97.76
-97.76
-97.73
-97.78
-97.86
-97.97
-98.03
-98.14
-98.13
-97.95
-97.89
-97.83
-97.78
-97.75
-97.76
-97.68
-97.82
-97.60
-97.59
-97.56
-97.47
-97.46
-97.59
-97.44
-97.45
-97.64
-97.56
-97.69
-97.53
-97.68
-97.77
-97.74
-97.76
-97.69
-97.77
-97.76
-97.83
-98.03
-97.95
-97.88
-97.98
-97.83
-97.69
-97.81
-97.74
-97.74
-97.84
-97.92
-97.94
-97.98
-97.96
-97.93
-97.85
-97.88
-97.82
-97.89
-97.94
-97.82
-97.84
-97.81
-97.79
-97.79
-97.77
-97.60
-97.61
-97.69
-97.82
-97.74
-97.60
-97.68
-97.43
-97.56
-97.65
-97.67
-97.91
-97.84
-97.91
-97.80
-97.46
-97.43
-97.39
-97.51
-97.52
-97.56
-97.54
-97.65
-97.87
-97.97
-98.02
-97.95
-97.71
-97.63
-97.63
-97.52
-97.70
-97.68
-97.78
-97.63
-97.62
-97.46
-97.43
-97.52
-97.61
-97.67
-97.66
-97.70
-97.81
-97.74
-97.81
-97.69
-97.80
-97.71
-97.73
-97.68
-97.79
-97.59
-97.71
-97.70
-97.80
-97.81
-97.76
-97.70
-97.71
-97.55
-97.57
-97.65
-97.69
-97.94
-97.94
-98.12
-98.11
-97.97
-97.92
-97.82
-97.82
-97.93
-98.08
-98.04
-97.92
-97.92
-97.74
-97.75
-97.64
-97.58
-97.76
-97.79
-97.91
-98.11
-97.82
-97.81
-97.71
-97.83
-97.87
-97.87
-97.79
-97.42
-97.54
-97.79
-97.88
-98.14
-98.03
-98.06
-98.05
-97.96
-97.95
-97.77
-97.83
-97.89
-97.88
-97.76
-97.79
-97.73
-97.65
-97.75
-97.76
-97.77
-97.77
-97.67
-97.63
-97.62
-97.58
-97.67
-97.60
-97.46
-97.59
-97.73
-97.57
-97.63
-97.52
-97.55
-97.72
-97.82
-97.81
-97.80
-97.81
-97.53
-97.46
-97.54
-97.55
-97.81
-97.92
-97.85
-97.81
-97.68
-97.67
-97.81
-97.80
-97.79
-97.78
-97.67
-97.81
-97.77
-97.82
-97.78
-97.64
-97.69
-97.49
-97.47
-97.60
-97.54
-97.68
-97.84
-97.89
-98.13
-98.02
-97.94
-97.90
-97.70
-97.60
-97.66
-97.48
-97.44
-97.40
-97.22
-97.44
-97.38
-97.62
-97.83
-97.64
-97.88
-97.86
-97.76
-97.77
-97.65
-97.54
-97.67
-97.63
-97.62
-97.66
-97.56
-97.62
-97.70
-97.63
-97.60
-97.57
-97.63
-97.74
-97.73
-97.74
-97.81
-97.59
-97.80
-97.82
-97.78
-97.90
-97.88
-97.69
-97.75
-97.64
-97.69
-97.75
-97.63
-97.72
-97.67
-97.55
-97.51
-97.48
-97.59
-97.46
-97.53
-97.58
-97.38
-97.44
-97.66
-97.72
-97.72
-97.74
-97.50
-97.55
-97.24
-97.37
-97.29
-96.78
-94.42
-69.36
-69.35
-69.35
-69.36
-78.30
-96.45
-97.32
-97.53
-97.48
-97.39
-97.44
-97.47
-97.43
-97.46
-97.65
-97.44
-97.52
-97.43
-97.47
-97.38
-97.43
-97.64
-97.64
-97.64
-97.75
-97.66
-97.67
-97.58
-97.67
-97.67
-97.65
-97.64
-97.64
-97.59
-97.59
-97.60
-97.47
-97.53
-97.48
-97.53
-97.80
-97.71
-97.78
-97.76
-97.75
-97.83
-97.84
-97.94
-97.82
-97.68
-97.58
-97.56
-97.54
-97.37
-97.55
-97.46
-97.56
-97.67
-97.72
-97.66
-97.69
-97.54
-97.54
-97.46
-97.69
-97.72
-97.71
-97.72
-97.66
-97.71
-97.80
-97.83
