Frequency: 1.000000
Sample Rate: 1000000.000000
Vector Length: 1
Notes: 
-379.30
-102.95
-100.42
-98.83
-97.72
-97.70
-97.66
-97.68
-97.70
-97.73
-97.74
-97.80
-97.81
-97.76
-97.65
-97.58
-97.48
-97.48
-97.61
-97.68
-97.65
-97.66
-97.78
-97.81
-97.83
-97.91
-97.87
-97.74
-97.70
-97.73
-97.78
-97.74
-97.80
-97.74
-97.57
-97.48
-97.51
-97.51
-97.51
-97.59
-97.50
-97.43
-97.43
-97.66
-97.76
-97.78
-97.97
-97.95
-98.08
-98.11
-98.09
-97.99
-97.72
-97.68
-97.32
-95.84
-67.23
-65.08
-65.08
-65.08
-65.63
-94.55
-96.98
-97.17
-97.08
-97.25
-97.33
-97.45
-97.76
-97.72
-97.61
-97.65
-97.48
-97.37
-97.53
-97.49
-97.50
-97.48
-97.62
-97.77
-97.78
-97.78
-97.71
-97.58
-97.55
-97.55
-97.29
-97.35
-97.26
-97.30
-97.64
-97.63
-97.69
-97.77
-97.65
-97.51
-97.39
-97.37
-97.49
-97.52
-97.54
-97.64
-97.59
-97.64
-97.80
-97.65
-97.70
-97.65
-97.58
-97.67
-97.69
-97.77
-97.90
-97.78
-97.81
-97.79
-97.55
-97.63
-97.66
-97.57
-97.81
-97.60
-97.54
-97.64
-97.57
-97.75
-97.70
-97.73
-97.82
-97.83
-97.82
-97.83
-97.68
-97.68
-97.68
-97.67
-97.72
-97.70
-97.79
-97.75
-97.63
-97.73
-97.72
-97.84
-97.97
-97.95
-97.96
-97.89
-97.76
-97.75
-97.74
-97.66
-97.71
-97.92
-97.98
-97.93
-97.83
-97.69
-97.70
-97.73
-97.95
-98.13
-98.03
-98.17
-97.89
-97.93
-97.99
-97.83
-97.85
-97.76
-97.79
-97.86
-97.73
-97.86
-97.78
-97.73
-97.98
-97.90
-98.01
-97.81
-97.69
-97.45
-97.39
-97.41
-97.32
-97.53
-97.55
-97.60
-97.77
-97.82
-97.79
-97.78
-97.69
-97.69
-97.68
-97.92
-97.82
-97.69
-97.83
-97.65
-97.77
-97.68
-97.59
-97.77
-97.78
-97.83
-97.93
-97.73
-97.59
-97.69
-97.56
-97.41
-97.47
-97.44
-97.63
-97.71
-97.79
-97.86
-97.70
-97.90
-97.67
-97.62
-97.60
-97.60
-97.74
-97.67
-97.67
-97.70
-97.64
-97.59
-97.67
-97.69
-97.68
-97.78
-97.79
-97.71
-97.64
-97.58
-97.63
-97.54
-97.77
-97.82
-97.75
-97.76
-97.71
-97.77
-97.70
-97.75
-97.80
-97.73
-97.82
-97.95
-97.85
-97.80
-97.66
-97.54
-97.60
-97.58
-97.44
-97.43
-97.55
-97.49
-97.60
-97.80
-97.87
-97.82
-97.83
-97.76
-97.56
-97.66
-97.77
-97.83
-97.88
-97.95
-97.71
-97.63
-97.68
-97.56
-97.64
-97.66
-97.57
-97.73
-97.85
-97.93
-97.87
-97.74
-97.56
-97.48
-97.47
-97.53
-97.63
-97.63
-97.53
-97.66
-97.55
-97.59
-97.49
-97.46
-97.50
-97.53
-97.78
-97.74
-97.58
-97.60
-97.57
-97.74
-97.79
-97.97
-97.69
-97.67
-97.72
-97.66
-97.51
-97.62
-97.45
-97.53
-97.62
-97.51
-97.51
-97.52
-97.64
-97.64
-97.82
-97.87
-97.75
-97.76
-97.80
-97.78
-97.67
-97.69
-97.63
-97.51
-97.44
-97.55
-97.70
-97.73
-97.91
-97.84
-97.84
-97.89
-97.91
-97.96
-97.98
-97.88
-97.74
-97.80
-97.56
-97.54
-97.59
-97.53
-97.69
-97.81
-97.75
-97.89
-97.73
-97.75
-97.76
-97.78
-97.91
-97.88
-97.87
-97.88
-97.87
-97.77
-97.64
-97.88
-97.75
-97.66
-97.71
-97.77
-97.65
-97.78
-97.84
-97.81
-97.98
-97.89
-97.83
-97.75
-97.44
-97.40
-97.42
-97.50
-97.58
-97.51
-97.55
-97.58
-97.54
-97.71
-97.66
-97.58
-97.59
-97.41
-97.47
-97.55
-97.64
-97.86
-97.75
-97.68
-97.65
-97.63
-97.59
-97.54
-97.44
-97.30
-97.28
-97.38
-97.40
-97.34
-97.38
-97.23
-97.35
-97.35
-97.44
-97.66
-97.59
-97.76
-97.72
-97.69
-97.66
-97.44
-97.49
