Frequency: 1.000000
Sample Rate: 1000000.000000
Vector Length: 1
Notes: 
-379.30
-102.43
-100.05
-98.70
-97.79
-97.71
-97.68
-97.56
-97.55
-97.61
-97.75
-97.87
-97.84
-97.87
-97.86
-97.64
-97.65
-97.55
-97.53
-97.64
-97.61
-97.58
-97.50
-97.62
-97.74
-97.77
-97.76
-97.64
-97.70
-97.74
-97.86
-97.98
-97.79
-97.78
-97.62
-97.54
-97.64
-97.66
-97.72
-97.95
-97.89
-98.02
-98.08
-98.01
-97.88
-97.77
-97.73
-97.72
-97.72
-97.85
-97.74
-97.71
-97.77
-97.74
-97.71
-97.73
-97.79
-97.67
-97.66
-97.71
-97.64
-97.54
-97.69
-97.54
-97.58
-97.73
-97.77
-97.85
-97.90
-97.96
-97.92
-97.84
-97.87
-97.72
-97.82
-97.81
-97.79
-97.86
-97.63
-97.64
-97.66
-97.70
-97.89
-97.82
-97.87
-97.78
-97.69
-97.65
-97.80
-97.71
-97.68
-97.76
-97.81
-97.66
-97.81
-97.89
-97.83
-98.00
-97.89
-97.84
-97.94
-97.79
-98.00
-97.88
-97.79
-97.67
-97.75
-97.82
-97.89
-97.97
-97.78
-97.78
-97.81
-97.94
-97.92
-97.96
-97.95
-98.03
-98.10
-98.08
-98.00
-97.87
-97.98
-97.91
-97.76
-98.00
-97.79
-97.90
-97.87
-97.71
-97.71
-97.61
-97.65
-97.64
-97.65
-97.70
-97.63
-97.70
-97.72
-97.80
-97.81
-97.66
-97.73
-97.64
-97.49
-97.62
-97.65
-97.74
-97.81
-97.94
-97.79
-97.97
-97.90
-97.83
-97.75
-97.71
-97.77
-97.90
-97.97
-98.02
-97.99
-97.87
-97.76
-97.77
-97.69
-97.83
-97.75
-97.84
-97.90
-97.95
-97.88
-97.89
-97.98
-97.98
-98.08
-97.82
-97.76
-97.53
-97.63
-97.80
-97.98
-97.89
-97.88
-97.84
-97.69
-97.79
-97.89
-97.78
-97.88
-97.97
-97.81
-97.66
-97.67
-97.46
-97.38
-97.55
-97.61
-97.80
-97.98
-98.04
-97.97
-97.86
-97.74
-97.68
-97.80
-97.95
-97.97
-97.87
-97.80
-97.76
-97.64
-97.78
-97.97
-97.85
-97.87
-97.89
-97.73
-97.74
-97.97
-98.06
-98.02
-97.99
-97.85
-97.89
-97.92
-97.88
-98.01
-97.88
-97.88
-97.84
-97.76
-97.73
-97.90
-97.98
-98.05
-98.17
-98.13
-97.99
-97.87
-97.92
-97.70
-97.83
-97.74
-97.65
-97.87
-97.77
-97.90
-97.80
-97.73
-97.76
-97.71
-97.76
-97.87
-97.77
-97.79
-97.68
-97.67
-97.76
-97.81
-97.93
-98.02
-98.08
-98.03
-97.81
-97.68
-97.70
-97.77
-97.92
-98.02
-98.00
-97.90
-97.71
-97.63
-97.68
-97.52
-97.67
-97.66
-97.57
-97.71
-97.74
-97.80
-97.77
-97.68
-97.63
-97.67
-97.83
-97.93
-98.13
-97.93
-97.76
-97.73
-97.61
-97.63
-97.60
-97.69
-97.65
-97.59
-97.65
-97.79
-97.84
-98.01
-98.08
-97.91
-97.85
-97.76
-97.74
-97.72
-97.80
-97.76
-97.74
-97.89
-97.61
-97.59
-97.50
-97.41
-97.49
-97.51
-97.48
-97.58
-97.64
-97.71
-97.86
-97.80
-97.88
-97.84
-97.91
-98.00
-97.93
-97.97
-97.76
-97.75
-97.74
-97.83
-97.83
-97.80
-97.75
-97.64
-97.60
-97.64
-97.62
-97.80
-97.84
-97.95
-98.07
-97.96
-98.02
-98.10
-97.97
-97.86
-97.70
-97.74
-97.69
-97.76
-97.83
-97.77
-97.61
-97.59
-97.58
-97.48
-97.53
-97.73
-97.81
-97.86
-97.95
-97.71
-97.70
-97.69
-97.80
-97.93
-97.80
-97.84
-97.82
-97.71
-97.76
-97.69
-97.76
-97.90
-97.87
-97.87
-97.91
-97.91
-97.85
-97.92
-98.01
-98.14
-98.04
-97.95
-97.93
-97.70
-97.67
-97.83
-97.88
-98.01
-98.14
-98.24
-98.16
-97.95
-97.93
-97.65
-97.58
-97.63
-97.66
-97.78
-97.91
-97.97
-98.09
-98.00
-97.91
-97.91
-97.91
-97.98
-98.02
-97.94
-97.82
-97.89
-97.88
-98.00
-97.92
-97.88
-97.96
