Frequency: 1.000000
Sample Rate: 1000000.000000
Vector Length: 1
Notes: 
-379.30
-103.18
-100.61
-98.98
-98.02
-97.89
-97.72
-97.80
-97.65
-97.64
-97.65
-97.50
-97.60
-97.54
-97.69
-97.56
-97.51
-97.46
-97.39
-97.64
-97.69
-97.77
-97.79
-97.65
-97.46
-97.51
-97.47
-97.60
-97.61
-97.70
-97.69
-97.62
-97.74
-97.79
-98.04
-98.09
-98.19
-98.05
-97.87
-97.69
-97.64
-97.48
-97.56
-97.47
-97.45
-97.59
-97.43
-97.54
-97.68
-97.64
-97.83
-97.91
-97.96
-97.83
-97.82
-97.67
-97.58
-97.63
-97.61
-97.61
-97.72
-97.55
-97.55
-97.55
-97.59
-97.73
-97.79
-97.87
-97.99
-97.94
-97.99
-97.93
-97.88
-97.94
-97.79
-97.80
-97.88
-97.91
-97.74
-97.87
-97.62
-97.36
-97.36
-97.42
-97.39
-97.43
-97.49
-97.51
-97.66
-97.77
-97.74
-97.96
-97.84
-97.95
-97.97
-98.01
-98.00
-97.79
-97.87
-97.75
-97.59
-97.74
-97.79
-97.77
-97.76
-97.77
-97.66
-97.71
-97.86
-97.89
-97.97
-97.78
-97.75
-97.73
-97.84
-97.86
-97.99
-97.94
-97.90
-98.01
-98.06
-98.09
-98.09
-97.95
-97.83
-97.81
-97.73
-97.78
-97.78
-97.83
-97.74
-98.00
-98.02
-98.03
-97.93
-97.94
-97.91
-97.81
-97.89
-97.98
-97.81
-97.89
-97.76
-97.83
-97.93
-97.71
-97.79
-97.89
-97.89
-98.02
-97.96
-97.97
-98.00
-98.00
-98.05
-98.02
-97.96
-97.79
-97.75
-97.81
-97.75
-97.75
-97.88
-97.77
-97.76
-97.88
-97.97
-97.98
-97.97
-97.86
-97.84
-97.76
-97.71
-97.71
-97.77
-97.65
-97.71
-97.64
-97.52
-97.54
-97.55
-97.63
-97.69
-97.68
-97.80
-97.76
-97.75
-97.79
-97.66
-97.68
-97.64
-97.65
-97.62
-97.57
-97.49
-97.49
-97.62
-97.63
-97.84
-97.75
-97.79
-97.98
-97.94
-98.01
-98.15
-98.05
-98.15
-98.12
-97.84
-97.71
-97.63
-97.73
-97.85
-97.80
-97.83
-97.53
-97.57
-97.65
-97.81
-97.87
-97.85
-97.84
-97.83
-97.81
-97.74
-97.67
-97.59
-97.56
-97.62
-97.61
-97.66
-97.65
-97.58
-97.59
-97.62
-97.56
-97.64
-97.58
-97.44
-97.37
-96.96
-94.43
-74.26
-69.98
-69.97
-69.97
-70.63
-92.87
-96.56
-97.43
-97.46
-97.55
-97.53
-97.52
-97.48
-97.61
-97.60
-97.70
-97.91
-97.95
-98.02
-97.92
-97.91
-97.84
-97.82
-97.90
-97.98
-97.95
-97.86
-97.92
-97.80
-97.79
-97.79
-97.65
-97.75
-97.68
-97.71
-97.75
-97.68
-97.55
-97.49
-97.35
-97.29
-97.31
-97.50
-97.52
-97.64
-97.89
-97.82
-97.91
-97.87
-97.73
-97.76
-97.51
-97.58
-97.75
-97.72
-97.65
-97.73
-97.78
-97.69
-97.83
-97.70
-97.87
-97.74
-97.69
-97.69
-97.52
-97.70
-97.78
-97.84
-97.74
-97.71
-97.68
-97.72
-97.76
-97.76
-97.78
-97.66
-97.86
-97.60
-97.50
-97.50
-97.47
-97.54
-97.75
-97.89
-97.81
-97.70
-97.80
-97.83
-97.77
-97.86
-97.76
-97.77
-97.64
-97.63
-97.73
-97.65
-97.73
-97.80
-97.88
-97.79
-97.65
-97.75
-97.79
-97.94
-97.89
-98.01
-98.10
-97.92
-97.82
-97.82
-97.71
-97.69
-97.80
-97.63
-97.64
-97.64
-97.68
-97.68
-97.69
-97.86
-97.92
-97.98
-97.98
-98.05
-98.02
-98.07
-98.14
-98.08
-98.06
-97.90
-97.93
-97.94
-97.94
-97.84
-97.93
-97.96
-97.90
-98.04
-98.01
-97.97
-98.05
-98.01
-97.86
-97.75
-97.73
-97.64
-97.72
-97.77
-97.71
-97.85
-97.80
-97.83
-97.91
-97.97
-97.82
-97.81
-97.70
-97.66
-97.75
-98.01
-98.04
-97.91
-97.86
-97.71
-97.63
-97.66
-97.66
-97.74
-97.71
-97.81
-97.93
-97.77
-97.80
-97.67
-97.61
-97.57
-97.58
-97.63
