Frequency: 1.000000
Sample Rate: 1000000.000000
Vector Length: 1
Notes: 
-379.30
-102.74
-100.32
-98.96
-97.91
-97.90
-97.87
-97.81
-97.82
-97.88
-97.97
-97.91
-97.92
-97.98
-97.97
-97.93
-97.86
-97.78
-97.53
-97.65
-97.74
-97.70
-97.66
-97.70
-97.74
-97.84
-97.95
-97.98
-98.01
-97.95
-97.97
-97.86
-97.89
-97.74
-97.76
-97.80
-97.79
-97.81
-97.75
-97.68
-97.56
-97.84
-97.76
-97.89
-97.97
-97.88
-97.88
-97.79
-97.65
-97.47
-97.42
-97.52
-97.71
-97.76
-97.90
-97.74
-97.54
-97.37
-97.38
-97.60
-97.68
-97.88
-97.82
-97.75
-97.63
-97.69
-97.80
-97.81
-97.91
-97.74
-97.70
-97.65
-97.74
-97.79
-97.54
-97.71
-97.65
-97.53
-97.77
-97.72
-97.73
-97.78
-97.63
-97.64
-97.63
-97.44
-97.51
-97.75
-97.80
-97.82
-97.71
-97.65
-97.57
-97.45
-97.77
-97.72
-97.83
-97.88
-97.84
-97.89
-97.83
-97.79
-97.70
-97.73
-97.89
-97.83
-97.82
-97.93
-97.76
-97.76
-97.93
-97.74
-97.81
-97.69
-97.46
-97.49
-97.38
-97.33
-97.41
-97.47
-97.58
-97.71
-97.77
-97.82
-97.99
-98.01
-98.14
-98.12
-97.95
-97.92
-97.86
-97.83
-97.90
-97.75
-97.52
-97.46
-97.35
-97.64
-97.56
-97.57
-97.51
-97.41
-97.60
-97.63
-97.67
-97.63
-97.52
-97.47
-97.59
-97.66
-97.69
-97.82
-97.59
-97.56
-97.61
-97.48
-97.55
-97.70
-97.69
-97.89
-97.99
-97.96
-97.85
-97.80
-97.75
-97.63
-97.78
-97.69
-97.67
-97.82
-97.74
-97.75
-97.69
-97.54
-97.55
-97.60
-97.44
-97.71
-97.66
-97.82
-97.94
-97.88
-98.04
-98.03
-97.95
-97.89
-97.78
-97.63
-97.72
-97.60
-97.60
-97.75
-97.77
-97.86
-97.73
-97.73
-97.62
-97.55
-97.67
-97.75
-97.84
-97.81
-97.91
-97.87
-97.73
-97.82
-97.75
-97.77
-98.01
-97.90
-98.02
-98.09
-97.97
-98.04
-97.87
-97.78
-97.67
-97.67
-97.80
-97.71
-97.73
-97.59
-97.55
-97.65
-97.68
-97.77
-97.76
-97.65
-97.69
-97.68
-97.64
-97.58
-97.60
-97.71
-97.72
-97.77
-97.93
-97.96
-98.02
-98.00
-97.90
-97.84
-97.84
-97.76
-97.76
-97.66
-97.52
-97.53
-97.42
-97.51
-97.52
-97.56
-97.65
-97.86
-97.75
-97.85
-97.99
-97.84
-97.88
-97.80
-97.80
-97.84
-97.78
-97.68
-97.72
-97.49
-97.70
-97.83
-97.82
-97.96
-97.73
-97.84
-97.77
-97.82
-97.91
-97.86
-97.99
-97.78
-97.81
-97.78
-97.82
-97.85
-97.88
-97.89
-97.77
-97.69
-97.68
-97.73
-97.63
-97.91
-97.78
-97.58
-97.63
-97.54
-97.52
-97.61
-97.77
-97.88
-97.91
-97.82
-97.68
-97.57
-97.54
-97.57
-97.64
-97.76
-97.69
-97.70
-97.82
-97.82
-98.04
-97.97
-97.97
-97.93
-97.69
-97.94
-97.78
-97.76
-97.92
-97.88
-97.85
-97.90
-97.82
-97.77
-97.61
-97.81
-97.73
-97.79
-97.89
-97.57
-97.50
-97.38
-97.39
-97.47
-97.68
-97.80
-97.79
-98.01
-97.99
-97.90
-97.89
-97.78
-97.66
-97.73
-97.80
-97.78
-97.74
-97.67
-97.62
-97.71
-97.63
-97.78
-97.82
-97.74
-97.86
-97.82
-97.75
-97.74
-97.85
-97.80
-97.93
-98.04
-97.99
-97.77
-97.78
-97.56
-97.63
-97.64
-97.58
-97.63
-97.63
-97.61
-97.67
-97.69
-97.68
-97.67
-97.60
-97.65
-97.67
-97.72
-97.70
-97.65
-97.67
-97.80
-97.80
-97.78
-97.70
-97.61
-97.61
-97.65
-97.61
-97.49
-97.47
-97.43
-97.55
-97.70
-97.81
-97.90
-97.88
-97.68
-97.67
-97.64
-97.72
-97.81
-97.79
-97.84
-97.74
-97.67
-97.76
-97.73
-97.80
-97.83
-97.74
-97.67
-97.46
-97.41
-97.42
-97.32
-97.54
-97.67
-97.75
