Frequency: 1.000000
Sample Rate: 1000000.000000
Vector Length: 1
Notes: 
-379.30
-102.70
-100.30
-98.98
-97.88
-98.05
-98.11
-98.14
-98.02
-97.94
-97.81
-97.78
-97.83
-97.78
-97.79
-97.81
-97.75
-97.93
-97.97
-97.92
-97.77
-97.78
-97.77
-97.86
-97.92
-98.07
-97.91
-97.99
-97.85
-97.79
-97.72
-97.66
-97.89
-97.82
-97.95
-97.88
-97.82
-97.80
-97.69
-97.56
-97.45
-97.39
-97.51
-97.71
-97.88
-97.92
-97.87
-97.82
-97.74
-97.77
-97.96
-97.77
-97.86
-97.87
-97.72
-97.66
-97.66
-97.71
-97.82
-97.92
-97.93
-97.92
-97.90
-97.85
-97.86
-97.73
-97.84
-98.00
-97.83
-97.81
-97.56
-97.45
-97.47
-97.42
-97.60
-97.54
-97.55
-97.68
-97.71
-97.78
-97.83
-97.75
-97.77
-97.76
-97.82
-97.78
-97.82
-97.88
-97.91
-98.01
-98.00
-98.08
-97.93
-97.97
-98.02
-97.98
-98.09
-97.87
-97.70
-97.70
-97.53
-97.55
-97.62
-97.61
-97.51
-97.71
-97.60
-97.64
-97.69
-97.53
-97.43
-97.74
-97.66
-97.88
-97.96
-97.89
-97.77
-97.71
-97.74
-97.72
-97.81
-97.93
-97.98
-97.89
-97.89
-97.74
-97.81
-97.90
-98.05
-97.95
-97.85
-97.71
-97.58
-97.35
-97.45
-97.73
-97.93
-98.02
-98.10
-97.90
-97.96
-97.75
-97.72
-97.79
-97.75
-97.76
-97.68
-97.62
-97.48
-97.51
-97.52
-97.69
-97.70
-97.60
-97.58
-97.80
-97.69
-97.72
-97.78
-97.45
-97.43
-97.61
-97.59
-97.68
-97.72
-97.66
-97.73
-97.86
-97.94
-97.93
-97.89
-97.74
-97.64
-97.74
-97.70
-97.77
-97.86
-97.80
-97.76
-97.59
-97.63
-97.43
-97.37
-97.39
-97.49
-97.58
-97.75
-97.95
-97.89
-97.82
-97.78
-97.67
-97.74
-97.61
-97.56
-97.59
-97.65
-97.71
-97.82
-97.94
-97.95
-97.99
-97.86
-97.86
-97.94
-98.06
-97.97
-98.07
-97.88
-97.76
-97.92
-97.90
-98.06
-98.20
-98.21
-98.17
-97.96
-97.97
-97.84
-97.79
-97.88
-97.79
-97.94
-97.92
-97.91
-97.89
-97.82
-97.76
-97.74
-97.77
-97.78
-97.96
-97.97
-97.94
-97.97
-97.84
-97.82
-97.83
-97.82
-97.93
-98.00
-97.90
-97.66
-97.68
-97.54
-97.91
-97.98
-98.10
-97.98
-97.75
-97.66
-97.65
-97.83
-97.95
-98.00
-97.88
-97.85
-97.66
-97.61
-97.72
-97.54
-97.53
-97.55
-97.61
-97.72
-97.74
-97.76
-97.69
-97.48
-97.63
-97.58
-97.62
-97.79
-97.71
-97.83
-97.89
-97.94
-98.04
-97.88
-97.84
-97.56
-97.63
-97.50
-97.54
-97.86
-97.74
-97.97
-97.93
-97.88
-98.03
-97.95
-97.94
-97.86
-97.78
-97.88
-97.78
-97.84
-97.82
-97.71
-97.65
-97.60
-97.53
-97.59
-97.67
-97.64
-97.59
-97.63
-97.56
-97.70
-97.81
-97.69
-97.68
-97.60
-97.59
-97.77
-97.80
-97.70
-97.76
-97.74
-97.72
-97.87
-97.90
-97.69
-97.83
-97.52
-97.65
-97.77
-97.84
-97.77
-97.88
-97.74
-97.77
-97.86
-98.04
-98.05
-98.01
-97.95
-97.69
-97.53
-97.44
-97.30
-97.22
-97.42
-97.50
-97.54
-97.61
-97.66
-97.71
-97.71
-97.83
-97.86
-97.84
-97.92
-97.87
-97.77
-97.76
-97.66
-97.61
-97.65
-97.63
-97.68
-97.74
-97.80
-97.85
-97.93
-97.85
-97.87
-97.76
-97.60
-97.58
-97.46
-97.37
-97.32
-97.50
-97.44
-97.42
-97.35
-97.23
-97.17
-97.31
-97.41
-97.47
-97.45
-97.47
-97.32
-97.24
-97.40
-97.45
-97.47
-97.56
-97.48
-97.37
-97.51
-97.55
-97.66
-97.73
-97.63
-97.48
-97.36
-97.50
-97.44
-97.49
-97.41
-97.20
-97.27
-97.18
-97.39
-97.56
-97.51
-97.69
-97.49
-97.45
-97.33
-97.37
-97.49
-97.30
-97.33
-97.25
-97.16
-97.47
