Frequency: 1.000000
Sample Rate: 1000000.000000
Vector Length: 1
Notes: 
-379.30
-102.90
-100.36
-98.94
-97.82
-97.51
-97.32
-97.18
-97.08
-97.27
-97.36
-97.49
-97.57
-97.49
-97.46
-97.47
-97.50
-97.58
-97.65
-97.59
-97.64
-97.56
-97.39
-97.22
-97.30
-97.29
-97.50
-97.67
-97.61
-97.67
-97.54
-97.46
-97.58
-97.56
-97.50
-97.59
-97.47
-97.42
-97.51
-97.58
-97.43
-97.40
-97.48
-97.36
-97.34
-97.37
-97.21
-97.15
-97.33
-97.39
-97.45
-97.40
-97.35
-97.32
-97.36
-97.39
-97.59
-97.62
-97.53
-97.54
-97.45
-97.33
-97.45
-97.55
-97.55
-97.69
-97.50
-97.33
-97.27
-97.23
-97.31
-97.42
-97.43
-97.34
-97.42
-97.37
-97.39
-97.51
-97.41
-97.45
-97.44
-97.46
-97.54
-97.53
-97.64
-97.64
-97.64
-97.65
-97.54
-97.76
-97.82
-97.79
-97.93
-97.64
-97.59
-97.44
-97.42
-97.38
-97.35
-97.50
-97.50
-97.55
-97.53
-97.38
-97.36
-95.63
-93.34
-93.30
-93.36
-93.73
-97.64
-97.61
-97.75
-97.67
-97.63
-97.86
-97.55
-97.43
-97.41
-97.31
-97.39
-97.65
-97.46
-97.37
-97.27
-97.14
-97.24
-97.39
-97.55
-97.81
-97.74
-97.75
-97.64
-97.51
-97.26
-97.38
-97.48
-97.36
-97.56
-97.40
-97.57
-97.53
-97.64
-97.65
-97.67
-97.42
-97.23
-97.22
-97.19
-97.36
-97.52
-97.64
-97.41
-97.32
-97.48
-97.42
-97.54
-97.66
-97.62
-97.60
-97.48
-97.49
-97.47
-97.52
-97.60
-97.57
-97.59
-97.41
-97.35
-97.33
-97.38
-97.49
-97.39
-97.57
-97.52
-97.49
-97.65
-97.53
-97.43
-97.36
-97.39
-97.31
-97.47
-97.39
-97.31
-97.34
-97.27
-97.31
-97.42
-97.53
-97.46
-97.62
-97.40
-97.43
-97.48
-97.37
-97.45
-97.34
-97.26
-97.27
-97.52
-97.71
-97.69
-97.70
-97.71
-97.69
-97.62
-97.49
-97.42
-97.31
-97.34
-97.54
-97.43
-97.44
-97.58
-97.70
-97.83
-97.95
-97.90
-97.61
-97.56
-97.77
-97.63
-97.72
-97.62
-97.44
-97.45
-97.48
-97.59
-97.62
-97.55
-97.46
-97.29
-97.32
-97.32
-97.39
-97.55
-97.54
-97.49
-97.56
-97.51
-97.62
-97.56
-97.56
-97.42
-97.38
-97.38
-97.49
-97.48
-97.54
-97.41
-97.31
-97.26
-97.31
-97.48
-97.60
-97.65
-97.59
-97.44
-97.28
-97.32
-97.39
-97.53
-97.54
-97.54
-97.58
-97.58
-97.68
-97.50
-97.56
-97.61
-97.56
-97.53
-97.36
-97.48
-97.51
-97.57
-97.53
-97.54
-97.48
-97.41
-97.43
-97.48
-97.44
-97.55
-97.51
-97.48
-97.34
-97.26
-97.30
-97.38
-97.38
-97.47
-97.58
-97.65
-97.63
-97.61
-97.52
-97.36
-97.39
-97.44
-97.47
-97.45
-97.50
-97.43
-97.45
-97.44
-97.43
-97.35
-97.37
-97.58
-97.56
-97.64
-97.54
-97.56
-97.33
-97.42
-97.49
-97.37
-97.64
-97.55
-97.51
-97.63
-97.51
-97.59
-97.54
-97.43
-97.43
-97.43
-97.59
-97.53
-97.50
-97.48
-97.44
-97.32
-97.33
-97.46
-97.52
-97.58
-97.53
-97.39
-97.33
-97.22
-97.34
-97.38
-97.54
-97.58
-97.57
-97.68
-97.65
-97.68
-97.70
-97.65
-97.54
-97.36
-97.20
-96.96
-94.38
-88.51
-62.84
-62.83
-62.83
-62.84
-87.71
-93.23
-96.81
-97.51
-97.69
-97.67
-97.52
-97.58
-97.41
-97.46
-97.53
-97.58
-97.63
-97.52
-97.50
-97.45
-97.33
-97.36
-97.33
-97.46
-97.58
-97.47
-97.46
-97.51
-97.32
-97.35
-97.48
-97.52
-97.62
-97.59
-97.71
-97.56
-97.53
-97.49
-97.38
-97.22
-97.25
-97.41
-97.36
-97.41
-97.49
-97.34
-97.46
-97.51
-97.40
-97.43
-97.43
-97.44
-97.65
-97.75
-97.65
-97.77
-97.67
-97.54
-97.57
-97.53
-97.50
