Frequency: 1.000000
Sample Rate: 1000000.000000
Vector Length: 1
Notes: 
-379.30
-102.32
-99.90
-98.47
-97.57
-97.50
-97.46
-97.45
-97.31
-97.25
-97.16
-97.03
-97.01
-97.06
-97.06
-97.24
-97.28
-97.39
-97.50
-97.49
-97.46
-97.47
-97.55
-97.54
-97.68
-97.67
-97.54
-97.51
-97.38
-97.33
-97.22
-97.30
-97.11
-97.11
-97.18
-97.16
-97.37
-97.38
-97.39
-97.46
-97.53
-97.56
-97.69
-97.60
-97.78
-97.66
-97.59
-97.62
-97.47
-97.49
-97.53
-97.40
-97.32
-97.16
-97.11
-97.22
-97.36
-97.59
-97.68
-97.64
-97.52
-97.46
-97.40
-97.45
-97.57
-97.61
-97.65
-97.73
-97.73
-97.89
-97.75
-97.83
-97.73
-97.55
-97.65
-97.65
-97.69
-97.59
-97.38
-97.41
-97.63
-97.76
-97.79
-97.58
-97.54
-97.43
-97.30
-97.44
-97.38
-97.16
-97.06
-96.29
-73.50
-70.90
-70.90
-70.90
-71.16
-96.26
-97.12
-97.06
-97.13
-96.99
-96.78
-96.39
-96.18
-95.21
-94.83
-93.72
-90.89
-83.34
-44.39
-44.39
-44.39
-44.39
-57.81
-90.50
-93.64
-94.96
-95.97
-96.69
-97.05
-97.00
-96.35
-96.30
-96.36
-96.45
-97.13
-97.36
-97.40
-97.50
-97.38
-97.38
-97.36
-97.31
-97.38
-97.46
-97.53
-97.64
-97.68
-97.64
-97.49
-97.30
-97.20
-97.06
-97.15
-97.17
-97.33
-97.47
-97.38
-97.35
-97.27
-97.07
-97.17
-97.18
-97.26
-97.30
-97.40
-97.22
-97.34
-97.40
-97.26
-97.33
-97.47
-97.25
-97.49
-97.54
-97.43
-97.61
-97.37
-97.47
-97.67
-97.40
-97.37
-97.47
-97.38
-97.41
-97.58
-97.62
-97.70
-97.63
-97.49
-97.42
-97.30
-97.40
-97.33
-97.34
-97.32
-97.19
-97.33
-97.28
-97.38
-97.50
-97.42
-97.30
-97.19
-97.22
-97.19
-97.36
-97.49
-97.54
-97.65
-97.55
-97.52
-97.39
-97.33
-97.32
-97.18
-97.28
-97.29
-97.28
-97.51
-97.53
-97.33
-97.34
-97.28
-97.32
-97.37
-97.30
-97.31
-97.38
-97.22
-97.45
-97.45
-97.42
-97.57
-97.62
-97.58
-97.41
-97.38
-97.29
-97.27
-97.31
-97.24
-97.18
-97.16
-97.05
-97.18
-97.21
-97.26
-97.37
-97.41
-97.53
-97.56
-97.37
-97.43
-97.48
-97.34
-97.51
-97.56
-97.53
-97.43
-97.50
-97.49
-97.42
-97.34
-97.26
-97.11
-97.18
-97.18
-97.32
-97.28
-97.31
-97.35
-97.31
-97.43
-97.33
-97.19
-97.08
-97.14
-97.09
-97.29
-97.17
-97.21
-97.29
-97.29
-97.43
-97.49
-97.55
-97.53
-97.39
-97.46
-97.44
-97.51
-97.47
-97.45
-97.59
-97.52
-97.54
-97.50
-97.47
-97.29
-97.31
-97.17
-97.23
-97.19
-97.33
-97.37
-97.36
-97.53
-97.57
-97.50
-97.62
-97.44
-97.40
-97.45
-97.32
-97.43
-97.37
-97.34
-97.43
-97.41
-97.57
-97.71
-97.77
-97.73
-97.64
-97.46
-97.25
-97.21
-97.16
-97.34
-97.36
-97.61
-97.67
-97.63
-97.62
-97.56
-97.40
-97.35
-97.27
-97.34
-97.53
-97.48
-97.59
-97.38
-97.28
-97.33
-97.42
-97.59
-97.61
-97.63
-97.52
-97.58
-97.62
-97.67
-97.63
-97.42
-97.31
-97.37
-97.44
-97.47
-97.63
-97.40
-97.35
-97.40
-97.42
-97.48
-97.33
-97.44
-97.34
-97.38
-97.43
-97.51
-97.57
-97.59
-97.56
-97.50
-97.36
-97.39
-97.31
-97.23
-97.13
-97.22
-97.22
-97.29
-97.46
-97.49
-97.50
-97.39
-97.37
-97.50
-97.44
-97.54
-97.44
-97.51
-97.48
-97.55
-97.53
-97.46
-97.40
-97.34
-97.34
-97.39
-97.39
-97.41
-97.37
-97.26
-97.29
-97.28
-97.40
-97.53
-97.63
-97.56
-97.45
-97.38
-97.44
-97.33
-97.54
-97.57
-97.31
-97.33
-97.31
-97.28
-97.38
-97.39
-97.40
-97.35
-97.20
-97.21
-97.19
-97.12
-97.05
