Frequency: 1.000000
Sample Rate: 1000000.000000
Vector Length: 1
Notes: 
-379.30
-102.68
-100.55
-98.75
-97.80
-97.90
-97.84
-97.75
-97.62
-97.61
-97.46
-97.60
-97.72
-97.71
-97.78
-97.72
-97.56
-97.58
-97.59
-97.48
-97.67
-97.74
-97.72
-97.71
-97.65
-97.68
-97.68
-97.77
-97.66
-97.79
-97.81
-97.91
-98.05
-97.97
-97.82
-97.83
-97.83
-97.79
-97.81
-97.92
-97.75
-97.79
-97.85
-97.81
-97.87
-97.64
-97.55
-97.49
-97.51
-97.56
-97.69
-97.67
-97.71
-97.96
-97.89
-97.66
-97.70
-97.78
-97.79
-97.83
-97.93
-97.82
-97.73
-97.75
-97.72
-97.76
-97.90
-98.00
-98.09
-97.92
-97.84
-97.81
-97.72
-97.74
-97.77
-97.81
-97.81
-97.84
-97.76
-97.83
-97.85
-97.84
-97.82
-97.53
-97.53
-97.53
-97.64
-97.73
-97.80
-97.67
-97.64
-97.61
-97.62
-97.71
-97.73
-97.80
-97.84
-97.79
-97.76
-97.73
-97.78
-97.79
-97.83
-97.80
-97.87
-97.88
-97.95
-97.68
-97.58
-97.69
-97.62
-97.75
-97.91
-97.93
-97.95
-97.92
-97.95
-97.84
-97.69
-97.56
-97.57
-97.40
-97.66
-97.56
-97.52
-97.66
-97.71
-97.88
-97.80
-97.78
-97.90
-97.91
-98.10
-97.97
-97.95
-97.72
-97.82
-97.90
-97.93
-97.85
-97.73
-97.74
-97.71
-97.77
-97.79
-97.79
-97.76
-97.82
-97.94
-97.81
-97.64
-97.73
-97.65
-97.79
-97.74
-97.61
-97.61
-97.70
-97.88
-97.86
-97.81
-97.81
-97.95
-97.96
-98.09
-97.93
-97.89
-97.75
-97.70
-97.64
-97.58
-97.68
-97.70
-97.55
-97.65
-97.66
-97.69
-97.53
-97.69
-97.69
-97.67
-97.92
-98.00
-97.86
-97.76
-97.68
-97.62
-97.69
-97.82
-97.96
-98.10
-98.11
-98.10
-98.16
-98.12
-98.09
-97.94
-97.80
-97.73
-97.84
-97.81
-97.83
-97.69
-97.72
-97.66
-97.56
-97.63
-97.49
-97.49
-97.55
-97.69
-97.77
-97.74
-97.91
-97.95
-97.79
-97.75
-97.73
-97.72
-97.90
-97.98
-97.94
-97.77
-97.69
-97.69
-97.65
-97.79
-97.72
-97.74
-97.67
-97.53
-97.71
-97.77
-97.74
-97.91
-97.84
-97.72
-97.77
-97.80
-97.81
-97.72
-97.78
-97.85
-97.84
-97.79
-97.80
-97.63
-97.54
-97.50
-97.69
-97.86
-97.95
-98.09
-98.00
-97.96
-97.87
-97.80
-98.10
-98.03
-98.04
-97.96
-97.82
-97.80
-97.84
-97.91
-97.89
-97.83
-97.74
-97.80
-97.79
-97.73
-97.87
-97.81
-97.82
-97.77
-97.82
-97.93
-97.93
-97.83
-97.69
-97.65
-96.41
-96.45
-96.56
-96.56
-97.58
-97.81
-97.67
-97.56
-97.53
-97.49
-97.48
-97.48
-97.57
-97.48
-97.61
-97.66
-97.76
-97.71
-97.65
-97.69
-97.72
-97.81
-97.79
-97.76
-97.75
-97.78
-97.93
-97.80
-97.86
-97.88
-97.87
-98.08
-98.00
-97.87
-97.71
-97.54
-97.66
-97.57
-97.79
-97.79
-97.86
-97.86
-97.98
-97.93
-98.08
-98.22
-98.04
-97.95
-97.93
-97.89
-97.75
-97.80
-97.52
-97.55
-97.63
-97.64
-97.77
-97.81
-97.70
-97.65
-97.57
-97.37
-97.27
-97.39
-97.46
-97.74
-97.86
-97.72
-97.86
-97.86
-97.96
-98.03
-97.91
-97.84
-97.93
-97.92
-97.83
-97.94
-97.88
-97.83
-97.88
-97.69
-97.73
-97.76
-97.83
-98.02
-98.02
-97.95
-98.02
-97.94
-97.89
-97.77
-97.69
-97.59
-97.72
-97.68
-97.70
-97.57
-97.60
-97.49
-97.46
-97.61
-97.59
-97.73
-97.87
-97.84
-97.90
-97.92
-97.90
-97.93
-97.93
-97.81
-97.80
-97.71
-97.59
-97.70
-97.74
-97.81
-97.69
-97.72
-97.65
-97.70
-97.79
-97.89
-97.71
-97.69
-97.69
-97.54
-97.58
-97.57
-97.63
-97.69
-97.78
-97.81
-97.66
-97.59
-97.54
-97.57
