Frequency: 1.000000
Sample Rate: 1000000.000000
Vector Length: 1
Notes: 
-379.30
-103.21
-100.21
-98.83
-97.76
-97.72
-97.70
-97.74
-97.68
-97.56
-97.78
-97.80
-97.91
-97.96
-97.84
-97.85
-97.87
-97.93
-97.87
-97.67
-97.63
-97.50
-97.66
-97.73
-97.77
-97.78
-97.77
-97.67
-97.57
-97.56
-97.66
-97.76
-97.93
-97.96
-97.82
-97.76
-97.70
-97.56
-97.68
-97.59
-97.65
-97.72
-97.68
-97.71
-97.69
-97.45
-97.35
-97.24
-97.39
-97.50
-97.65
-97.66
-97.62
-97.70
-97.69
-97.65
-97.64
-97.72
-97.79
-97.89
-97.80
-97.59
-97.52
-97.19
-97.19
-97.17
-97.18
-97.28
-97.45
-97.56
-97.64
-97.72
-97.77
-97.90
-97.71
-97.70
-97.52
-97.46
-97.58
-97.57
-97.59
-97.63
-97.67
-97.61
-97.66
-97.70
-97.60
-97.57
-97.53
-97.56
-97.43
-97.43
-97.41
-97.44
-97.46
-97.45
-97.29
-97.21
-97.30
-97.39
-97.58
-97.77
-97.67
-97.66
-97.56
-97.42
-97.50
-97.58
-97.63
-97.75
-97.78
-97.73
-97.53
-97.52
-97.35
-97.25
-97.32
-97.31
-97.55
-97.48
-97.47
-97.48
-97.54
-97.62
-97.71
-97.72
-97.72
-97.70
-97.68
-97.62
-97.58
-97.59
-97.55
-97.37
-97.53
-97.60
-97.55
-97.63
-97.50
-97.56
-97.66
-97.89
-98.01
-97.90
-97.77
-97.73
-97.67
-97.54
-97.52
-97.47
-97.53
-97.51
-97.51
-97.46
-97.34
-97.49
-97.55
-97.56
-97.47
-97.61
-97.38
-97.49
-97.51
-97.52
-97.54
-97.59
-97.58
-97.40
-97.48
-97.50
-97.56
-97.59
-97.57
-97.47
-97.52
-97.57
-97.63
-97.47
-97.38
-97.44
-97.43
-97.58
-97.61
-97.67
-97.76
-97.73
-97.76
-97.61
-97.56
-97.51
-97.58
-97.69
-97.63
-97.75
-97.69
-97.62
-97.62
-97.43
-96.66
-93.36
-71.89
-71.87
-71.87
-71.88
-93.05
-96.07
-97.29
-97.48
-97.48
-97.54
-97.33
-97.41
-97.33
-97.33
-97.40
-97.41
-97.41
-97.40
-97.44
-97.38
-97.45
-97.43
-97.39
-97.52
-97.45
-97.50
-97.68
-97.53
-97.52
-97.49
-97.41
-97.55
-97.63
-97.66
-97.60
-97.49
-97.51
-97.43
-97.49
-97.35
-97.38
-97.27
-97.34
-97.32
-97.30
-97.28
-97.32
-97.26
-97.23
-97.39
-97.22
-97.24
-97.39
-97.38
-97.62
-97.47
-97.63
-97.46
-97.45
-97.60
-97.46
-97.42
-97.50
-97.52
-97.31
-97.29
-97.21
-97.27
-97.24
-97.41
-97.42
-97.39
-97.35
-97.34
-97.43
-97.28
-97.37
-97.46
-97.32
-97.41
-97.41
-97.40
-97.26
-97.40
-97.43
-97.51
-97.70
-97.74
-97.73
-97.76
-97.78
-97.72
-97.62
-97.51
-97.41
-97.44
-97.43
-97.39
-97.54
-97.60
-97.42
-97.48
-97.46
-97.20
-97.43
-97.50
-97.48
-97.60
-97.48
-97.60
-97.57
-97.36
-97.38
-97.42
-97.38
-97.54
-97.58
-97.62
-97.57
-97.49
-97.51
-97.48
-97.58
-97.71
-97.55
-97.69
-97.59
-97.50
-97.52
-97.42
-97.26
-97.22
-97.16
-97.04
-97.18
-97.24
-97.34
-97.37
-97.38
-97.44
-97.54
-97.44
-94.91
-75.45
-75.44
-75.44
-75.45
-95.65
-97.62
-97.65
-97.82
-97.93
-97.71
-97.67
-97.63
-97.27
-97.41
-97.57
-97.47
-97.77
-97.66
-97.51
-97.51
-97.57
-97.44
-97.42
-97.36
-97.27
-97.18
-97.25
-97.45
-97.49
-97.56
-97.68
-97.66
-97.63
-97.58
-97.53
-97.49
-97.65
-97.72
-97.74
-97.77
-97.69
-97.63
-97.61
-97.52
-97.59
-97.68
-97.55
-97.57
-97.46
-97.40
-97.33
-97.48
-97.60
-97.47
-97.58
-97.41
-97.39
-97.71
-97.70
-97.75
-97.75
-97.63
-97.61
-97.60
-97.48
-97.43
-97.54
-97.51
-97.64
-97.84
-97.67
-97.56
-97.60
-97.49
-97.51
-97.55
-97.60
