Frequency: 1.000000
Sample Rate: 1000000.000000
Vector Length: 1
Notes: 
-379.30
-102.11
-100.01
-98.31
-97.27
-97.34
-97.23
-97.26
-97.28
-97.21
-97.27
-97.06
-97.16
-97.19
-97.02
-97.10
-97.10
-97.13
-97.19
-97.28
-97.07
-97.12
-96.98
-97.00
-97.19
-97.14
-97.29
-97.25
-97.34
-97.32
-97.26
-97.27
-97.20
-97.35
-97.22
-97.29
-97.26
-97.04
-97.19
-97.25
-97.32
-97.15
-97.20
-97.33
-97.27
-97.51
-97.46
-97.26
-97.23
-97.14
-97.01
-97.02
-97.21
-97.18
-97.41
-97.53
-97.42
-97.40
-97.41
-97.33
-97.45
-97.34
-97.31
-97.41
-97.33
-97.35
-97.31
-97.46
-97.46
-97.45
-97.53
-97.35
-97.40
-97.43
-97.41
-97.43
-97.48
-97.44
-97.39
-97.15
-97.06
-96.92
-96.81
-97.02
-97.11
-97.09
-97.24
-97.16
-97.20
-97.19
-97.47
-97.43
-97.32
-97.36
-97.24
-97.19
-97.27
-97.31
-97.16
-97.22
-97.17
-97.22
-97.05
-96.94
-97.02
-96.99
-96.67
-96.72
-96.72
-96.59
-96.84
-96.86
-96.66
-96.72
-96.62
-96.18
-95.55
-94.89
-93.69
-91.23
-49.62
-44.77
-44.77
-44.77
-44.77
-81.73
-92.59
-96.26
-97.00
-96.98
-96.91
-88.21
-88.22
-88.24
-88.25
-94.56
-97.37
-97.28
-97.18
-97.12
-97.24
-97.40
-97.31
-97.35
-97.26
-97.10
-97.18
-97.20
-97.21
-97.27
-97.24
-97.22
-97.26
-97.25
-97.18
-97.22
-97.15
-97.20
-97.30
-97.14
-97.15
-97.13
-97.27
-97.27
-97.38
-97.39
-97.24
-97.33
-97.43
-97.44
-97.26
-97.17
-97.04
-97.01
-97.18
-97.08
-97.16
-97.30
-97.39
-97.49
-97.43
-97.30
-97.31
-97.42
-97.55
-97.55
-97.52
-97.41
-97.16
-97.04
-97.02
-96.92
-97.03
-97.24
-97.31
-97.34
-97.28
-97.20
-97.10
-97.15
-97.18
-97.34
-97.42
-97.41
-97.44
-97.35
-97.16
-97.20
-97.10
-97.18
-97.33
-97.24
-97.28
-97.38
-97.32
-97.19
-97.24
-97.26
-97.18
-97.28
-97.42
-97.42
-97.37
-97.43
-97.41
-97.34
-97.16
-97.14
-97.21
-97.29
-97.25
-97.20
-97.20
-97.08
-97.22
-97.28
-97.35
-97.40
-97.36
-97.46
-97.28
-97.19
-97.33
-97.21
-97.19
-97.29
-97.38
-97.47
-97.65
-97.65
-97.34
-97.32
-97.18
-97.08
-97.20
-97.14
-97.12
-97.25
-97.40
-97.33
-97.27
-97.29
-97.21
-97.35
-97.31
-97.43
-97.36
-97.48
-97.71
-97.72
-97.50
-97.47
-97.26
-97.25
-97.32
-97.43
-97.45
-97.51
-97.53
-97.39
-97.58
-97.46
-97.31
-97.33
-97.16
-97.16
-97.18
-97.21
-97.14
-97.31
-97.24
-97.29
-97.33
-97.39
-97.43
-97.43
-97.55
-97.60
-97.46
-97.49
-97.42
-97.36
-97.30
-97.27
-97.33
-97.23
-97.40
-97.31
-97.39
-97.36
-97.20
-97.19
-97.21
-97.36
-97.54
-97.43
-97.47
-97.44
-97.35
-97.51
-97.41
-97.32
-97.40
-97.40
-97.50
-97.55
-97.56
-97.59
-97.55
-97.73
-97.54
-97.33
-97.22
-97.23
-97.29
-97.47
-97.46
-97.41
-97.36
-97.29
-97.40
-97.33
-97.34
-97.35
-97.28
-97.31
-97.26
-97.34
-97.30
-97.19
-97.32
-97.24
-97.45
-97.50
-97.38
-97.49
-97.33
-97.41
-97.48
-97.41
-97.32
-97.29
-97.28
-97.24
-97.38
-97.40
-97.27
-96.56
-71.20
-69.01
-69.01
-69.01
-70.91
-96.10
-97.20
-97.33
-97.51
-97.69
-97.77
-97.66
-97.26
-97.12
-97.21
-97.15
-97.41
-97.60
-97.55
-97.48
-97.30
-97.23
-97.27
-97.35
-97.38
-97.31
-97.35
-97.34
-97.50
-97.43
-97.38
-97.41
-97.44
-97.48
-97.56
-97.29
-97.22
-97.22
-97.26
-97.25
-97.29
-97.26
-97.18
-97.08
-97.10
-96.89
-97.00
-97.09
-97.23
-97.42
-97.30
-97.22
-97.19
