Frequency: 1.000000
Sample Rate: 1000000.000000
Vector Length: 1
Notes: 
-379.30
-102.57
-99.93
-98.56
-97.45
-97.50
-97.63
-97.62
-97.65
-97.70
-97.52
-97.43
-97.41
-97.42
-97.51
-97.56
-97.37
-97.50
-97.45
-97.31
-97.46
-97.28
-97.37
-97.43
-97.27
-97.43
-97.49
-97.57
-97.65
-97.57
-97.50
-97.29
-97.37
-97.43
-97.51
-97.52
-97.49
-97.49
-97.25
-97.29
-97.27
-97.21
-97.18
-97.19
-97.06
-97.25
-97.29
-97.29
-97.46
-97.37
-97.40
-97.57
-97.62
-97.78
-97.82
-97.65
-97.58
-97.49
-97.53
-97.58
-97.50
-97.53
-97.42
-97.51
-97.43
-97.50
-97.41
-97.37
-97.41
-97.39
-97.60
-97.66
-97.68
-97.56
-97.39
-97.38
-97.44
-97.47
-97.54
-97.49
-97.46
-97.37
-97.17
-97.29
-97.29
-97.37
-97.48
-97.62
-97.66
-97.79
-97.59
-97.53
-97.43
-97.23
-97.15
-97.28
-97.20
-97.27
-97.32
-97.07
-97.06
-96.92
-96.72
-96.72
-96.51
-96.33
-96.35
-94.07
-84.59
-56.51
-55.67
-55.67
-55.67
-57.86
-97.42
-97.52
-97.49
-97.52
-97.60
-97.45
-97.56
-97.63
-97.59
-97.60
-97.60
-97.47
-97.42
-97.40
-97.47
-97.54
-88.82
-88.82
-88.81
-88.80
-95.50
-97.41
-97.31
-97.30
-97.26
-97.15
-97.33
-97.44
-97.40
-97.67
-97.61
-97.53
-97.63
-97.44
-97.48
-97.45
-97.36
-97.46
-97.49
-97.50
-97.58
-97.57
-97.47
-97.66
-97.62
-97.41
-97.55
-97.48
-97.44
-97.44
-97.43
-97.31
-97.26
-97.43
-97.55
-97.53
-97.56
-97.61
-97.47
-97.31
-97.33
-97.37
-97.44
-97.69
-97.65
-97.67
-97.74
-97.65
-97.65
-97.47
-97.44
-97.40
-97.48
-97.43
-97.26
-97.28
-97.38
-97.38
-97.45
-97.42
-97.54
-97.62
-97.56
-97.73
-97.62
-97.74
-97.64
-97.66
-97.58
-97.54
-97.57
-97.67
-97.58
-97.54
-97.62
-97.50
-97.30
-97.34
-97.28
-97.29
-97.45
-97.48
-97.45
-97.47
-97.44
-97.46
-97.52
-97.63
-97.70
-97.77
-97.74
-97.62
-97.62
-97.55
-97.61
-97.61
-97.62
-97.55
-97.42
-97.39
-97.55
-97.52
-97.59
-97.51
-97.63
-97.64
-97.74
-97.79
-97.55
-97.46
-97.47
-97.35
-97.40
-97.33
-97.49
-97.52
-97.43
-97.48
-97.47
-97.39
-97.57
-97.65
-97.72
-97.71
-97.60
-97.52
-97.34
-97.27
-97.22
-97.33
-97.37
-97.49
-97.46
-97.48
-97.46
-97.57
-97.55
-97.68
-97.63
-97.57
-97.54
-97.56
-97.51
-97.56
-97.52
-97.59
-97.55
-97.61
-97.59
-97.53
-97.47
-97.40
-97.43
-97.31
-97.26
-97.25
-97.32
-97.47
-97.44
-97.44
-97.40
-97.29
-97.38
-97.42
-97.55
-97.64
-97.49
-97.46
-97.25
-97.23
-97.36
-97.47
-97.56
-97.62
-97.55
-97.52
-97.51
-97.46
-97.32
-97.26
-97.38
-97.40
-97.37
-97.39
-97.35
-97.14
-97.31
-97.41
-97.48
-97.52
-97.40
-97.30
-97.27
-97.34
-97.39
-97.41
-97.38
-97.39
-97.35
-97.40
-97.30
-97.25
-97.17
-97.10
-97.22
-97.28
-97.39
-97.43
-97.58
-97.55
-97.51
-97.50
-97.36
-97.41
-97.39
-97.60
-97.64
-97.79
-97.69
-97.46
-97.34
-97.25
-97.18
-97.32
-97.31
-97.47
-97.59
-97.51
-97.44
-97.50
-97.31
-97.19
-97.16
-97.11
-97.17
-97.32
-97.24
-97.28
-97.33
-97.34
-97.50
-97.46
-97.45
-97.54
-97.51
-97.53
-97.40
-97.47
-97.51
-97.40
-97.45
-97.40
-97.29
-97.20
-97.20
-97.01
-97.00
-97.11
-97.25
-97.36
-97.47
-97.41
-97.49
-97.59
-97.70
-97.62
-97.73
-97.52
-97.48
-97.31
-97.17
-97.21
-97.27
-97.47
-97.50
-97.38
-97.27
-97.20
-97.25
-97.31
-97.30
-97.41
-97.38
-97.32
-97.45
-97.44
-97.45
