Frequency: 1.000000
Sample Rate: 1000000.000000
Vector Length: 1
Notes: 
-379.30
-102.08
-99.52
-98.07
-97.17
-97.08
-97.20
-97.31
-97.09
-97.30
-97.27
-97.29
-97.13
-96.96
-96.94
-96.98
-97.14
-97.25
-97.30
-97.26
-97.30
-97.23
-97.12
-97.04
-97.13
-97.12
-96.84
-96.91
-96.88
-96.98
-97.29
-97.19
-97.19
-96.92
-97.03
-96.88
-96.87
-96.93
-96.95
-97.06
-97.00
-97.13
-97.08
-97.02
-96.98
-97.05
-97.06
-97.02
-97.09
-97.14
-97.14
-97.17
-97.23
-97.34
-97.36
-97.36
-97.32
-97.21
-97.24
-97.33
-97.11
-97.00
-96.78
-96.82
-96.89
-96.96
-97.16
-97.09
-97.17
-97.16
-97.29
-97.48
-97.49
-97.50
-97.49
-97.29
-97.23
-97.30
-97.26
-97.23
-97.17
-97.20
-97.17
-97.16
-97.19
-97.25
-97.26
-97.22
-97.15
-97.13
-97.02
-96.96
-96.89
-96.86
-96.91
-97.12
-97.15
-97.11
-97.09
-97.05
-97.07
-97.10
-97.18
-97.18
-96.98
-96.87
-96.51
-96.24
-91.73
-83.85
-83.86
-83.88
-83.97
-97.12
-97.14
-97.00
-96.95
-96.95
-97.01
-97.12
-97.28
-97.25
-97.12
-97.10
-97.10
-97.12
-97.23
-97.24
-97.09
-97.18
-97.08
-97.06
-97.11
-97.07
-97.16
-97.15
-97.11
-97.13
-97.18
-97.19
-97.36
-97.44
-97.29
-97.22
-97.26
-97.17
-97.19
-97.23
-97.36
-97.23
-97.22
-97.11
-97.08
-97.31
-97.29
-97.27
-97.23
-97.26
-97.27
-97.27
-97.35
-97.29
-97.36
-97.27
-97.16
-97.25
-97.13
-97.10
-97.01
-96.96
-97.08
-97.09
-97.13
-97.07
-97.09
-97.09
-97.10
-97.03
-97.06
-97.02
-97.05
-97.11
-97.21
-97.30
-97.39
-97.46
-97.39
-97.33
-97.24
-97.26
-97.15
-97.07
-97.10
-97.13
-97.37
-97.22
-97.17
-97.12
-97.02
-97.24
-97.22
-97.10
-97.12
-96.98
-97.13
-97.22
-97.28
-97.30
-97.25
-96.98
-97.01
-97.06
-96.97
-97.04
-97.08
-97.08
-97.04
-97.33
-97.44
-97.51
-97.50
-97.49
-97.36
-97.20
-97.08
-97.16
-97.07
-97.17
-97.12
-97.13
-96.99
-97.06
-97.04
-96.99
-97.08
-97.25
-97.34
-97.40
-97.30
-97.02
-96.95
-96.98
-97.06
-97.25
-97.39
-97.42
-97.35
-97.25
-97.05
-96.90
-97.00
-97.04
-97.15
-97.33
-97.22
-97.19
-96.97
-96.84
-96.84
-96.79
-96.92
-96.97
-97.03
-97.12
-97.13
-97.18
-97.16
-97.25
-97.27
-97.24
-97.23
-97.05
-97.05
-97.11
-96.99
-96.99
-97.03
-96.90
-97.00
-97.13
-97.15
-97.01
-96.98
-96.95
-96.94
-96.93
-97.05
-97.15
-97.29
-97.20
-97.13
-97.02
-96.97
-96.95
-97.20
-97.31
-97.48
-97.63
-97.50
-97.21
-97.19
-97.34
-97.29
-97.39
-97.29
-97.09
-96.95
-97.01
-97.05
-97.10
-97.23
-97.11
-97.12
-97.14
-97.04
-97.22
-97.27
-97.23
-97.31
-97.37
-97.33
-97.19
-96.94
-96.80
-96.81
-96.95
-97.05
-97.14
-97.01
-97.00
-97.05
-97.04
-97.07
-97.12
-97.12
-97.19
-97.29
-97.20
-97.27
-97.12
-97.01
-97.03
-97.10
-97.15
-97.35
-97.42
-97.27
-97.27
-97.23
-97.05
-97.13
-97.06
-97.04
-96.95
-96.90
-96.84
-96.98
-96.98
-97.10
-97.20
-97.14
-97.09
-97.21
-97.19
-97.20
-97.33
-97.17
-97.20
-97.19
-97.18
-97.09
-96.99
-97.03
-96.93
-97.02
-97.23
-97.18
-97.24
-97.30
-97.32
-97.28
-97.34
-97.29
-97.23
-97.27
-97.26
-97.28
-97.39
-97.39
-97.45
-97.55
-97.46
-97.42
-97.34
-97.04
-97.05
-97.01
-97.03
-97.22
-97.45
-97.34
-97.26
-97.28
-97.08
-97.12
-97.16
-97.09
-97.21
-97.08
-97.13
-97.08
-97.06
-97.22
-97.14
-97.18
-97.23
-97.10
-97.18
-97.23
-97.09
