Frequency: 1.000000
Sample Rate: 1000000.000000
Vector Length: 1
Notes: 
-379.30
-102.81
-100.26
-98.44
-97.26
-97.19
-97.10
-97.11
-97.38
-97.17
-97.18
-97.22
-97.17
-97.31
-97.37
-97.46
-97.45
-97.36
-97.30
-97.25
-97.31
-97.30
-97.29
-97.28
-97.14
-97.08
-97.17
-97.20
-97.44
-97.31
-97.18
-96.95
-96.88
-96.84
-97.14
-97.09
-97.22
-97.24
-97.22
-97.06
-97.05
-97.13
-97.19
-97.33
-97.33
-97.28
-97.29
-97.19
-97.13
-97.14
-97.17
-97.33
-97.38
-97.44
-97.41
-97.24
-97.15
-97.20
-97.18
-97.23
-97.20
-97.26
-97.22
-97.26
-97.27
-97.16
-97.16
-97.04
-96.96
-97.14
-97.11
-97.34
-97.42
-97.40
-97.41
-97.43
-97.35
-97.36
-97.38
-97.27
-97.41
-97.23
-97.11
-97.12
-97.07
-97.10
-97.17
-97.12
-97.29
-97.33
-97.30
-97.44
-97.22
-97.20
-97.11
-96.96
-97.07
-97.00
-97.06
-97.19
-97.07
-97.09
-97.22
-97.05
-97.32
-97.28
-97.08
-97.11
-96.88
-96.77
-96.76
-96.93
-96.96
-97.16
-97.31
-97.33
-97.23
-97.33
-97.36
-97.36
-97.38
-97.30
-97.27
-97.13
-97.18
-97.26
-97.29
-97.35
-97.23
-97.14
-97.09
-97.16
-97.24
-97.35
-97.18
-91.89
-91.83
-91.80
-91.80
-96.85
-96.91
-97.09
-97.08
-97.18
-97.18
-97.17
-97.09
-97.08
-96.92
-96.96
-97.00
-96.96
-97.09
-97.09
-97.18
-97.18
-97.16
-97.18
-96.99
-96.74
-96.86
-96.91
-97.15
-97.23
-97.47
-97.28
-97.32
-97.17
-97.05
-97.13
-97.10
-97.12
-97.21
-97.05
-97.02
-96.99
-97.12
-97.35
-97.40
-97.32
-97.31
-97.30
-97.23
-97.20
-97.09
-97.08
-97.01
-97.11
-97.10
-96.98
-97.00
-97.12
-97.06
-97.09
-97.19
-97.17
-97.24
-97.40
-97.44
-97.28
-97.22
-97.33
-97.20
-97.44
-97.34
-97.22
-97.19
-97.13
-97.29
-97.38
-97.32
-97.34
-97.25
-97.04
-97.01
-97.12
-97.19
-97.25
-97.36
-97.38
-97.40
-97.54
-97.70
-97.62
-97.46
-97.46
-97.22
-97.18
-97.13
-97.04
-97.02
-96.95
-97.12
-97.14
-97.17
-97.37
-97.40
-97.23
-97.33
-97.17
-97.10
-97.22
-97.11
-97.14
-97.16
-97.28
-97.16
-97.36
-97.24
-97.08
-96.99
-97.08
-97.03
-97.06
-96.98
-96.96
-96.99
-97.11
-97.12
-97.19
-97.07
-97.05
-97.18
-97.04
-97.09
-96.97
-96.99
-96.89
-96.96
-97.05
-97.04
-97.17
-97.27
-97.23
-97.34
-97.36
-97.32
-97.12
-97.23
-97.10
-97.25
-97.28
-97.25
-97.10
-97.18
-97.08
-97.13
-97.23
-97.27
-97.29
-97.31
-97.33
-97.29
-97.20
-97.06
-97.02
-96.95
-97.14
-97.10
-97.16
-97.25
-97.27
-97.21
-97.44
-97.22
-97.29
-97.16
-96.94
-97.09
-97.12
-97.24
-97.30
-97.29
-97.15
-97.10
-97.19
-97.20
-97.13
-97.24
-97.16
-97.10
-97.27
-97.29
-97.31
-97.37
-97.41
-97.36
-97.31
-97.29
-97.16
-97.17
-97.23
-97.29
-97.38
-97.28
-97.26
-97.03
-97.14
-97.23
-97.25
-97.36
-97.38
-97.36
-97.50
-97.62
-97.55
-97.48
-97.44
-97.36
-97.19
-97.25
-97.21
-97.32
-97.35
-97.41
-97.38
-97.33
-97.26
-97.17
-97.18
-97.21
-97.27
-97.29
-97.39
-97.27
-97.42
-97.42
-97.29
-97.37
-97.18
-97.15
-97.18
-97.28
-97.38
-97.41
-97.40
-97.25
-97.17
-97.23
-97.30
-97.57
-97.72
-97.76
-97.71
-97.66
-97.38
-97.25
-97.22
-97.04
-97.22
-97.11
-97.13
-97.10
-97.04
-97.13
-97.19
-97.33
-97.39
-97.49
-97.31
-97.27
-97.28
-97.23
-97.33
-97.20
-97.07
-96.88
-96.83
-96.86
-96.86
-97.02
-97.16
-97.32
-97.40
-97.31
-97.43
-97.33
-97.29
-97.45
