Frequency: 1.000000
Sample Rate: 1000000.000000
Vector Length: 1
Notes: 
-379.30
-102.45
-100.16
-98.57
-97.45
-97.39
-97.60
-97.58
-97.77
-97.69
-97.69
-97.67
-97.71
-97.66
-97.61
-97.86
-97.65
-97.80
-97.73
-97.61
-97.70
-97.57
-97.49
-97.34
-97.35
-97.26
-97.53
-97.63
-97.68
-97.87
-97.95
-98.01
-97.94
-97.96
-97.87
-97.73
-97.76
-97.67
-97.56
-97.57
-97.62
-97.44
-97.54
-97.49
-97.54
-97.59
-97.53
-97.55
-97.60
-97.48
-97.52
-97.48
-97.57
-97.56
-97.58
-97.59
-97.54
-97.53
-97.72
-97.65
-97.90
-97.99
-97.80
-98.00
-97.81
-97.65
-97.60
-97.43
-97.49
-97.52
-97.58
-97.59
-97.48
-97.46
-97.47
-97.52
-97.70
-97.76
-97.77
-97.67
-97.59
-97.52
-97.53
-97.53
-97.62
-97.77
-97.94
-98.19
-98.05
-98.02
-97.82
-97.62
-97.59
-97.53
-97.50
-97.55
-97.74
-97.78
-97.76
-97.73
-97.59
-97.72
-97.69
-97.67
-97.60
-97.44
-97.51
-97.50
-97.44
-97.57
-97.78
-97.74
-97.68
-97.70
-97.59
-97.44
-97.34
-97.26
-97.26
-97.47
-97.65
-97.90
-97.73
-97.50
-97.51
-97.47
-97.52
-97.66
-97.72
-97.73
-97.58
-97.52
-97.31
-97.15
-97.26
-97.38
-97.41
-97.56
-97.53
-97.53
-97.45
-97.43
-97.51
-97.33
-97.61
-97.70
-97.62
-97.36
-97.30
-97.30
-97.46
-97.63
-97.46
-97.48
-97.13
-97.12
-97.08
-97.12
-97.30
-97.44
-97.43
-97.47
-97.51
-97.42
-97.55
-97.54
-97.58
-97.62
-97.56
-97.66
-97.58
-97.40
-97.38
-97.36
-97.58
-97.58
-97.70
-97.68
-97.56
-97.43
-97.42
-97.41
-97.44
-97.32
-97.33
-97.29
-97.42
-97.48
-97.62
-97.69
-97.73
-97.90
-97.76
-97.74
-97.61
-97.61
-97.52
-97.69
-97.59
-97.64
-97.48
-97.58
-97.55
-97.56
-97.65
-97.57
-97.61
-97.77
-97.83
-97.74
-97.68
-97.60
-97.52
-97.55
-97.69
-97.58
-97.53
-97.63
-97.60
-97.40
-97.55
-97.41
-97.37
-97.37
-97.26
-97.50
-97.72
-97.70
-97.80
-97.67
-97.53
-97.38
-97.39
-97.42
-97.49
-97.54
-97.59
-97.77
-97.69
-97.66
-97.72
-97.54
-97.52
-97.40
-97.39
-97.52
-97.64
-97.77
-97.76
-97.72
-97.65
-97.66
-97.29
-97.35
-97.46
-97.48
-97.57
-97.76
-97.54
-97.61
-97.66
-97.60
-97.57
-97.59
-97.48
-97.41
-97.60
-97.59
-97.64
-97.70
-97.71
-97.72
-97.74
-97.70
-97.63
-97.54
-97.65
-97.58
-97.49
-97.42
-97.37
-97.31
-97.55
-97.58
-97.51
-97.54
-97.47
-97.47
-97.60
-97.63
-97.53
-97.42
-97.31
-97.17
-97.17
-97.30
-97.31
-97.41
-97.39
-97.34
-97.36
-97.27
-97.27
-97.41
-97.40
-97.57
-97.57
-97.65
-97.60
-97.47
-97.51
-97.35
-97.44
-97.45
-97.37
-97.42
-97.38
-97.29
-97.43
-97.54
-97.60
-97.71
-97.69
-97.60
-97.58
-97.50
-97.55
-97.52
-97.46
-97.46
-97.64
-97.58
-97.57
-97.65
-97.56
-97.56
-97.55
-97.59
-97.63
-97.66
-97.63
-97.62
-97.44
-97.36
-97.29
-97.27
-97.39
-97.39
-97.45
-97.48
-97.50
-97.45
-97.46
-97.40
-97.36
-97.43
-97.29
-97.24
-97.26
-97.30
-97.43
-97.62
-97.52
-97.28
-97.23
-97.26
-97.34
-97.36
-97.40
-97.36
-97.21
-97.38
-97.46
-97.44
-97.60
-97.59
-97.69
-97.69
-97.68
-97.80
-97.73
-97.63
-97.57
-97.56
-97.58
-97.60
-97.62
-97.60
-97.47
-97.44
-97.57
-97.58
-97.79
-97.65
-97.47
-97.26
-97.25
-97.28
-97.31
-97.29
-97.24
-97.09
-97.24
-97.26
-97.49
-97.62
-97.54
-97.48
-92.63
-86.18
-59.19
-59.19
-59.19
-59.19
-78.09
-92.51
-95.87
-96.47
-96.63
