Frequency: 1.000000
Sample Rate: 1000000.000000
Vector Length: 1
Notes: 
-379.30
-101.66
-99.13
-97.69
-96.72
-96.63
-96.77
-96.63
-96.64
-96.61
-96.49
-96.65
-96.64
-96.58
-96.51
-96.46
-96.49
-96.48
-96.64
-96.81
-96.70
-96.73
-96.71
-96.70
-96.78
-96.71
-96.78
-96.78
-96.70
-96.60
-96.58
-96.61
-96.70
-96.71
-96.65
-96.53
-96.66
-96.83
-96.80
-96.85
-96.61
-96.64
-96.74
-96.71
-96.81
-96.80
-96.82
-96.78
-96.77
-96.78
-96.70
-96.62
-96.73
-96.75
-96.85
-96.79
-96.81
-96.69
-96.60
-96.61
-96.58
-96.52
-96.64
-96.67
-96.53
-96.49
-96.60
-96.62
-96.73
-96.81
-96.81
-96.92
-96.80
-96.91
-96.87
-96.61
-96.74
-96.72
-96.62
-96.79
-96.74
-96.68
-96.55
-96.48
-96.36
-96.20
-96.38
-96.48
-96.58
-96.89
-96.82
-96.80
-96.71
-96.67
-96.73
-96.76
-96.89
-96.90
-96.96
-97.01
-96.97
-96.78
-96.69
-96.63
-96.66
-96.74
-96.80
-96.85
-96.84
-96.77
-96.79
-96.79
-96.73
-96.84
-96.75
-96.67
-96.61
-96.57
-96.64
-96.81
-96.72
-96.74
-96.79
-96.69
-96.71
-96.56
-96.61
-96.65
-96.52
-96.52
-96.51
-96.49
-96.77
-96.92
-96.98
-96.79
-96.68
-96.72
-96.73
-96.86
-96.85
-96.80
-96.89
-96.70
-96.89
-96.89
-96.97
-97.02
-96.94
-96.91
-96.82
-96.88
-96.98
-96.88
-97.01
-96.94
-88.46
-88.41
-88.41
-88.41
-92.18
-96.96
-96.88
-96.85
-96.91
-96.74
-96.78
-96.69
-96.58
-96.51
-96.69
-96.69
-96.86
-97.01
-96.69
-95.22
-90.87
-66.27
-66.26
-66.26
-66.27
-91.25
-95.04
-96.50
-96.62
-96.86
-96.79
-96.82
-96.65
-96.76
-96.64
-96.69
-96.71
-96.57
-96.66
-96.63
-96.46
-96.61
-96.60
-96.76
-96.74
-96.57
-96.56
-96.50
-96.50
-96.77
-96.90
-96.88
-97.00
-96.78
-96.60
-96.67
-96.75
-96.88
-96.92
-96.99
-96.81
-96.71
-96.67
-96.53
-96.71
-96.66
-96.73
-96.76
-96.77
-96.69
-96.62
-96.67
-96.53
-96.69
-96.63
-96.49
-96.51
-96.39
-96.51
-96.85
-96.86
-96.95
-96.82
-96.85
-97.00
-96.90
-96.90
-96.90
-96.72
-96.73
-96.66
-96.70
-96.72
-96.71
-96.77
-96.71
-96.80
-96.88
-96.94
-96.90
-96.96
-96.97
-96.91
-96.90
-96.76
-96.73
-96.81
-96.77
-96.84
-96.79
-96.75
-96.76
-96.62
-96.76
-96.66
-96.71
-96.69
-96.73
-96.74
-96.75
-96.90
-96.79
-96.71
-96.74
-96.67
-96.59
-96.63
-96.77
-96.70
-96.60
-96.73
-96.57
-96.69
-96.88
-96.82
-96.89
-96.55
-96.49
-96.42
-96.39
-96.64
-96.66
-96.59
-96.81
-96.78
-96.79
-96.81
-96.82
-96.88
-96.93
-96.99
-96.98
-96.91
-96.86
-96.83
-96.66
-96.67
-96.74
-96.77
-96.75
-96.63
-96.63
-96.55
-96.65
-96.88
-96.82
-96.84
-96.80
-96.93
-96.94
-96.88
-96.79
-96.69
-96.45
-96.48
-96.41
-96.52
-96.72
-96.93
-96.93
-96.90
-96.95
-96.83
-96.87
-96.90
-96.80
-96.67
-96.60
-96.48
-96.45
-96.35
-96.22
-96.28
-96.23
-96.47
-96.63
-96.77
-97.09
-96.88
-96.92
-96.80
-96.81
-96.86
-96.95
-97.02
-97.05
-96.72
-96.69
-96.55
-96.47
-96.70
-96.73
-96.84
-96.75
-96.61
-96.73
-96.70
-96.76
-96.75
-96.76
-96.67
-96.73
-96.76
-96.79
-96.79
-96.70
-96.62
-96.70
-96.72
-96.92
-96.87
-96.73
-96.84
-96.54
-96.57
-96.60
-96.44
-96.53
-96.60
-96.66
-96.80
-96.92
-96.87
-96.73
-96.77
-96.68
-96.77
-96.83
-96.86
-96.97
-96.90
-96.92
-96.83
-96.79
-96.56
-96.45
-96.38
-96.49
-96.64
-96.65
-96.63
-96.54
-96.61
