Frequency: 1.000000
Sample Rate: 1000000.000000
Vector Length: 1
Notes: 
-379.30
-102.48
-99.95
-98.32
-97.24
-97.22
-97.28
-97.21
-97.31
-97.18
-97.15
-97.21
-97.00
-96.92
-96.86
-96.87
-96.97
-97.11
-97.09
-97.13
-97.07
-97.21
-97.27
-97.23
-97.33
-97.26
-97.47
-97.34
-97.13
-97.08
-97.08
-97.01
-97.05
-97.08
-96.92
-97.10
-97.10
-97.14
-97.14
-97.27
-97.24
-97.29
-97.34
-97.19
-97.16
-97.08
-97.13
-97.10
-97.13
-97.13
-96.96
-96.92
-97.15
-97.07
-97.23
-97.32
-97.15
-97.22
-97.18
-97.08
-97.11
-97.05
-97.02
-97.04
-97.06
-97.12
-97.13
-97.09
-97.31
-97.23
-97.23
-97.43
-97.25
-97.27
-97.09
-97.14
-97.11
-97.20
-97.19
-97.25
-97.31
-97.22
-97.17
-97.09
-97.14
-97.19
-97.10
-97.20
-97.21
-97.24
-97.30
-97.49
-97.49
-97.53
-97.42
-97.36
-97.15
-97.09
-97.22
-97.21
-97.17
-97.15
-97.11
-97.18
-97.35
-97.45
-97.25
-97.09
-96.99
-96.92
-96.90
-97.02
-97.12
-97.16
-97.18
-97.14
-97.09
-96.93
-97.13
-97.06
-97.09
-97.08
-97.07
-97.07
-96.93
-96.96
-96.93
-97.15
-97.14
-97.24
-97.04
-97.07
-97.03
-97.02
-97.07
-97.15
-97.15
-97.33
-97.37
-97.13
-97.12
-96.93
-96.86
-97.01
-96.88
-97.05
-96.81
-96.78
-96.87
-96.87
-97.13
-97.00
-97.12
-97.17
-97.16
-97.13
-97.01
-97.02
-97.04
-97.08
-97.12
-96.91
-96.85
-96.51
-95.24
-90.78
-67.70
-65.10
-65.09
-65.10
-66.27
-89.84
-95.40
-96.59
-96.58
-96.98
-97.05
-97.06
-97.10
-97.01
-96.86
-96.78
-96.85
-96.91
-96.96
-97.21
-97.18
-97.24
-97.35
-97.31
-97.21
-97.22
-97.06
-96.99
-97.03
-97.01
-97.12
-97.19
-97.06
-97.14
-97.03
-97.06
-97.03
-97.04
-97.14
-97.18
-97.33
-97.30
-97.14
-97.10
-96.93
-96.87
-97.03
-97.13
-97.10
-97.05
-97.14
-96.99
-97.14
-97.12
-97.20
-97.13
-97.16
-97.03
-97.07
-97.06
-96.85
-96.91
-96.91
-96.96
-97.29
-97.11
-97.05
-97.02
-97.03
-97.20
-97.43
-97.46
-97.41
-97.33
-97.06
-97.01
-96.84
-96.93
-96.99
-97.22
-97.38
-97.44
-97.45
-97.26
-97.24
-97.04
-97.02
-97.00
-96.99
-97.11
-97.15
-97.13
-96.91
-97.00
-96.98
-97.05
-97.09
-97.24
-97.21
-97.24
-97.20
-97.24
-97.29
-97.39
-97.32
-97.28
-97.23
-97.26
-97.27
-97.29
-97.27
-97.25
-97.17
-97.15
-96.96
-96.87
-96.83
-97.04
-97.17
-97.23
-97.29
-97.02
-97.12
-97.05
-97.18
-97.35
-97.39
-97.39
-97.38
-97.36
-97.25
-97.13
-97.08
-96.97
-96.99
-97.05
-97.30
-97.33
-97.42
-97.32
-97.30
-97.06
-97.08
-97.18
-97.25
-97.42
-97.34
-97.31
-97.24
-97.18
-97.27
-97.34
-97.29
-97.22
-97.13
-97.07
-97.02
-97.08
-96.95
-97.05
-97.00
-97.12
-97.03
-97.06
-96.86
-96.74
-96.81
-96.89
-97.16
-97.44
-97.51
-97.47
-97.31
-97.24
-97.04
-97.02
-97.08
-97.13
-97.07
-97.11
-97.15
-97.14
-97.07
-96.98
-97.00
-96.99
-97.08
-97.29
-97.33
-97.15
-97.20
-97.03
-97.12
-97.03
-96.76
-93.83
-68.45
-68.44
-68.44
-68.44
-80.20
-96.49
-97.01
-97.23
-97.16
-97.10
-96.68
-96.50
-96.48
-96.59
-96.85
-97.16
-97.02
-97.13
-97.12
-97.09
-97.15
-97.29
-97.34
-97.20
-97.07
-96.99
-97.04
-97.05
-96.95
-95.90
-93.04
-68.73
-68.72
-68.72
-68.73
-91.88
-95.27
-96.72
-97.00
-97.14
-97.23
-97.18
-97.11
-96.94
-96.79
-96.90
-96.91
-97.02
-97.12
-97.11
-97.13
-96.98
-96.90
-96.94
-96.88
-96.96
-97.11
-97.20
