Frequency: 1.000000
Sample Rate: 1000000.000000
Vector Length: 1
Notes: 
-379.30
-102.37
-100.01
-98.60
-97.63
-97.68
-97.74
-97.56
-97.37
-97.41
-97.45
-97.54
-97.68
-97.68
-97.57
-97.50
-97.60
-97.56
-97.45
-97.48
-97.44
-97.39
-97.32
-97.19
-97.24
-97.16
-97.31
-97.29
-96.99
-97.05
-97.19
-97.08
-97.32
-97.50
-97.34
-97.40
-97.37
-97.33
-97.28
-97.36
-97.44
-97.49
-97.55
-97.70
-97.74
-97.56
-97.43
-97.33
-97.33
-97.36
-97.44
-97.59
-97.50
-97.55
-97.52
-97.56
-97.59
-97.49
-97.38
-97.34
-97.32
-97.34
-97.38
-97.37
-97.23
-97.26
-97.20
-97.17
-97.34
-97.35
-97.45
-97.44
-97.51
-97.39
-97.34
-97.26
-97.19
-97.07
-97.12
-96.92
-96.54
-96.08
-95.46
-94.97
-93.97
-85.88
-47.44
-46.50
-46.50
-46.50
-49.98
-85.37
-94.47
-92.14
-92.09
-92.38
-92.49
-96.26
-96.57
-96.69
-96.70
-97.09
-96.64
-76.26
-68.33
-68.32
-68.33
-68.33
-94.73
-96.79
-96.36
-96.37
-96.41
-96.36
-96.59
-97.18
-97.19
-97.14
-97.51
-97.66
-97.49
-97.49
-97.22
-97.09
-97.20
-97.17
-97.26
-97.35
-97.34
-97.49
-97.52
-97.55
-97.57
-97.26
-97.23
-97.31
-97.33
-97.45
-97.66
-97.55
-97.59
-97.43
-97.40
-97.40
-97.24
-97.42
-97.33
-97.41
-97.54
-97.57
-97.59
-97.42
-97.40
-97.35
-97.27
-97.45
-97.58
-97.48
-97.46
-97.48
-97.50
-97.57
-97.47
-97.28
-97.18
-97.17
-97.26
-97.46
-97.55
-97.54
-97.56
-97.55
-97.56
-97.65
-97.54
-97.55
-97.47
-97.37
-97.36
-97.43
-97.53
-97.49
-97.58
-97.58
-97.44
-97.50
-97.47
-97.61
-97.57
-97.54
-97.49
-97.41
-97.58
-97.62
-97.71
-97.83
-97.81
-97.76
-97.60
-97.64
-97.64
-97.70
-97.62
-97.45
-97.51
-97.49
-97.46
-97.53
-97.41
-97.41
-97.47
-97.49
-97.37
-97.15
-97.26
-97.32
-97.41
-97.53
-97.64
-97.57
-97.60
-97.60
-97.65
-97.59
-97.62
-97.63
-97.50
-97.53
-97.49
-97.30
-97.27
-97.37
-97.39
-97.50
-97.56
-97.37
-97.49
-97.46
-97.33
-97.44
-97.25
-97.43
-97.61
-97.59
-97.84
-97.75
-97.58
-97.45
-97.19
-97.09
-97.09
-97.11
-97.24
-97.28
-97.39
-97.65
-97.50
-97.56
-97.50
-97.37
-97.42
-97.22
-97.35
-97.25
-97.24
-97.49
-97.52
-97.49
-97.48
-97.30
-97.20
-97.36
-97.29
-97.50
-97.46
-97.43
-97.62
-97.57
-97.49
-97.53
-97.40
-97.30
-97.45
-97.42
-97.44
-97.52
-97.39
-97.38
-97.43
-97.46
-97.58
-97.55
-97.52
-97.40
-97.36
-97.41
-97.44
-97.48
-97.60
-97.54
-97.58
-97.63
-97.51
-97.62
-97.64
-97.43
-97.45
-97.40
-97.38
-97.58
-97.57
-97.54
-97.42
-97.44
-97.27
-97.08
-97.17
-97.16
-97.27
-97.48
-97.49
-97.49
-97.55
-97.51
-97.65
-97.59
-97.63
-97.58
-97.53
-97.42
-97.48
-97.48
-97.37
-97.43
-97.29
-97.49
-97.57
-97.54
-97.66
-97.60
-97.50
-97.51
-97.54
-97.58
-97.58
-97.64
-97.54
-97.41
-97.33
-97.38
-97.42
-97.57
-97.55
-97.58
-97.50
-97.48
-97.42
-97.30
-97.24
-97.20
-97.10
-97.22
-97.41
-97.50
-97.62
-97.70
-97.64
-97.54
-97.53
-97.60
-97.51
-97.50
-97.55
-97.53
-97.52
-97.52
-97.59
-97.78
-97.66
-97.71
-97.73
-97.41
-97.35
-97.24
-97.02
-97.14
-97.16
-97.33
-97.47
-97.55
-97.72
-97.64
-97.69
-97.69
-97.51
-97.60
-97.70
-97.75
-97.82
-97.66
-97.52
-97.46
-97.34
-97.30
-97.34
-97.42
-97.46
-97.50
-97.64
-97.65
-97.68
-97.74
-97.75
-97.74
-97.75
-97.58
-97.59
-97.54
-97.47
-97.37
-97.32
