Frequency: 1.000000
Sample Rate: 1000000.000000
Vector Length: 1
Notes: 
-379.30
-102.43
-100.23
-98.81
-97.74
-97.68
-97.58
-97.34
-97.31
-97.47
-97.44
-97.52
-97.79
-97.70
-97.58
-97.62
-97.30
-97.35
-97.58
-97.41
-97.62
-97.59
-97.41
-97.34
-97.40
-97.47
-97.64
-97.51
-97.50
-97.38
-97.25
-97.49
-97.49
-97.57
-97.62
-97.54
-97.45
-97.42
-97.50
-97.56
-97.73
-97.79
-97.65
-97.77
-97.75
-97.80
-97.82
-97.85
-97.84
-97.69
-97.57
-97.67
-97.52
-97.56
-97.50
-97.48
-97.54
-97.56
-97.72
-97.77
-97.81
-97.80
-97.79
-97.72
-97.53
-97.52
-97.45
-97.43
-97.54
-97.61
-97.51
-97.53
-97.42
-97.53
-97.61
-97.61
-97.60
-97.67
-97.80
-97.91
-97.92
-97.89
-97.71
-97.62
-97.52
-97.68
-97.72
-97.70
-97.73
-97.67
-97.64
-97.66
-97.65
-97.76
-97.65
-97.59
-97.42
-97.35
-97.39
-97.55
-97.68
-97.69
-97.74
-97.84
-97.62
-97.64
-97.56
-97.59
-97.65
-97.65
-97.63
-97.54
-97.45
-97.33
-97.23
-97.31
-97.33
-97.55
-97.67
-97.52
-97.55
-97.47
-97.44
-97.56
-97.46
-97.49
-97.58
-97.66
-97.66
-97.60
-97.61
-97.60
-97.49
-97.56
-97.57
-97.49
-97.50
-97.39
-97.44
-97.47
-97.55
-97.66
-97.54
-97.49
-97.51
-97.48
-97.58
-97.55
-97.63
-97.52
-97.51
-97.48
-97.31
-97.32
-97.38
-97.39
-97.44
-97.47
-97.26
-97.28
-97.31
-97.36
-97.44
-97.59
-97.30
-97.50
-97.58
-97.55
-97.69
-97.66
-97.60
-97.63
-97.61
-97.67
-97.52
-97.41
-97.27
-97.32
-97.48
-97.49
-97.66
-97.58
-97.63
-97.62
-97.66
-97.57
-97.54
-97.55
-97.48
-97.68
-97.74
-97.69
-97.68
-97.62
-97.65
-97.55
-97.63
-97.46
-97.33
-97.38
-97.44
-97.49
-97.63
-97.60
-97.49
-97.53
-97.58
-97.64
-97.65
-97.53
-97.41
-97.44
-97.56
-97.55
-97.61
-97.64
-97.49
-97.34
-97.22
-97.29
-97.36
-97.62
-97.89
-97.73
-97.70
-97.55
-97.43
-97.36
-97.45
-97.28
-97.40
-97.58
-97.66
-97.79
-97.87
-97.78
-97.67
-97.64
-97.61
-97.66
-97.68
-97.64
-97.60
-97.63
-97.56
-97.65
-97.62
-97.61
-97.76
-97.76
-97.73
-97.75
-97.80
-97.80
-97.82
-97.64
-97.14
-97.05
-96.96
-97.05
-97.58
-97.61
-97.54
-97.64
-97.68
-97.62
-97.70
-97.65
-97.63
-97.66
-97.59
-97.53
-97.39
-97.51
-97.44
-97.35
-97.48
-97.26
-97.24
-97.36
-97.38
-97.63
-97.71
-97.77
-97.81
-97.67
-97.50
-97.48
-97.34
-97.41
-97.33
-97.39
-97.47
-97.59
-97.65
-97.82
-97.82
-97.65
-97.72
-97.46
-97.52
-97.63
-97.70
-97.75
-97.73
-97.66
-97.49
-97.41
-97.34
-97.41
-97.42
-97.42
-97.58
-97.62
-97.67
-97.67
-97.68
-97.52
-97.50
-97.45
-97.49
-97.51
-97.47
-97.45
-97.35
-97.34
-97.47
-97.47
-97.48
-97.65
-97.77
-97.87
-97.73
-97.62
-97.69
-97.63
-97.50
-97.61
-97.50
-97.44
-97.34
-97.36
-97.38
-97.48
-97.58
-97.65
-97.57
-97.52
-97.57
-97.62
-97.82
-98.02
-97.98
-97.86
-97.70
-97.50
-97.31
-97.25
-97.38
-97.45
-97.62
-97.74
-97.86
-97.72
-97.68
-97.74
-97.78
-97.71
-97.56
-97.39
-97.14
-97.24
-97.25
-97.37
-97.62
-97.54
-97.69
-97.58
-97.61
-97.73
-97.68
-97.69
-97.57
-97.50
-97.54
-97.46
-97.58
-97.72
-97.70
-97.79
-97.82
-97.61
-97.73
-97.59
-97.60
-97.68
-97.67
-97.68
-97.56
-97.51
-97.53
-97.65
-97.74
-97.71
-97.52
-97.48
-97.53
-97.66
-97.76
-97.78
-97.81
-97.67
-97.56
-97.42
-97.33
-97.39
-97.48
-97.44
-97.45
-97.41
-97.41
-97.51
