Frequency: 1.000000
Sample Rate: 1000000.000000
Vector Length: 1
Notes: 
-379.30
-102.55
-100.16
-98.51
-97.22
-97.27
-97.11
-97.16
-97.33
-97.18
-97.29
-97.25
-97.28
-97.12
-97.24
-97.08
-96.94
-96.81
-96.82
-96.88
-96.98
-97.28
-97.20
-97.09
-97.11
-97.12
-97.25
-97.29
-97.26
-97.26
-97.15
-97.16
-97.27
-97.19
-97.25
-97.36
-97.31
-97.33
-97.24
-97.20
-97.15
-97.09
-97.12
-97.13
-97.02
-97.06
-96.99
-96.87
-96.82
-96.88
-97.16
-97.16
-97.23
-97.28
-97.24
-97.30
-97.30
-97.24
-97.15
-96.93
-96.95
-96.94
-96.97
-97.02
-97.09
-97.12
-97.09
-97.08
-97.13
-97.00
-97.00
-96.90
-97.10
-97.21
-97.39
-97.41
-97.31
-97.24
-97.16
-97.14
-97.09
-97.18
-97.24
-97.35
-97.47
-97.29
-97.15
-97.08
-97.05
-97.21
-97.20
-97.24
-97.24
-97.35
-97.23
-97.00
-96.86
-96.66
-96.57
-96.04
-94.21
-86.26
-48.43
-48.43
-48.43
-48.43
-84.97
-94.97
-95.97
-96.42
-96.84
-96.95
-89.93
-89.97
-89.94
-89.94
-97.17
-97.12
-97.21
-97.14
-97.17
-97.44
-97.42
-97.39
-97.57
-97.49
-97.36
-97.18
-97.05
-96.90
-96.99
-96.97
-97.09
-97.15
-97.29
-97.24
-97.19
-97.19
-97.10
-97.13
-97.06
-97.11
-97.04
-97.05
-97.02
-97.12
-96.96
-97.12
-97.17
-97.20
-97.28
-97.40
-97.30
-97.36
-97.23
-97.42
-97.34
-97.15
-97.06
-96.89
-96.84
-96.91
-97.13
-97.20
-97.26
-97.29
-97.24
-97.00
-97.20
-97.12
-97.13
-97.21
-97.11
-97.29
-97.43
-97.55
-97.41
-97.24
-97.12
-96.92
-97.06
-97.10
-97.00
-97.13
-97.11
-97.10
-97.17
-97.25
-97.12
-97.17
-97.08
-97.04
-97.21
-97.18
-97.29
-97.43
-97.43
-97.26
-97.22
-97.15
-97.09
-97.12
-97.16
-97.09
-97.18
-97.10
-97.05
-97.03
-96.95
-96.96
-97.11
-97.09
-97.36
-97.48
-97.19
-97.29
-97.14
-97.18
-97.21
-97.16
-97.28
-97.27
-97.26
-97.20
-97.17
-97.11
-97.07
-97.13
-97.06
-97.16
-96.98
-97.05
-96.96
-97.01
-97.15
-97.27
-97.23
-97.15
-97.24
-97.14
-97.12
-97.27
-97.13
-97.17
-97.03
-97.15
-97.15
-97.20
-97.18
-97.15
-97.00
-96.89
-96.94
-96.90
-97.12
-97.19
-97.31
-97.41
-97.49
-97.37
-97.29
-97.11
-97.10
-97.17
-97.23
-97.33
-97.33
-97.24
-97.19
-97.14
-97.22
-97.23
-97.23
-97.12
-97.04
-96.90
-96.96
-96.94
-96.99
-97.05
-96.96
-97.20
-97.20
-97.30
-97.20
-97.06
-96.98
-97.00
-97.04
-97.03
-96.95
-97.03
-96.90
-97.11
-97.18
-97.19
-97.33
-97.20
-97.25
-97.16
-97.20
-97.19
-97.20
-97.27
-97.14
-97.20
-97.19
-97.17
-97.33
-97.24
-97.19
-97.05
-96.98
-97.01
-97.22
-97.30
-97.43
-97.36
-97.23
-97.20
-97.19
-97.25
-97.11
-97.14
-97.03
-96.95
-96.98
-97.03
-97.02
-96.90
-96.99
-97.06
-96.97
-97.13
-97.16
-97.32
-97.31
-97.22
-97.23
-97.12
-97.17
-97.36
-97.26
-97.51
-97.46
-97.28
-97.42
-97.44
-97.28
-97.40
-97.25
-97.27
-97.29
-97.25
-97.31
-97.21
-97.17
-97.11
-97.20
-97.20
-97.26
-97.17
-97.14
-97.09
-96.92
-97.10
-97.11
-97.06
-97.18
-97.14
-97.22
-97.22
-97.34
-97.35
-97.13
-97.09
-97.03
-96.73
-96.71
-96.88
-96.83
-96.98
-97.09
-97.11
-97.02
-97.11
-97.15
-97.22
-97.42
-97.30
-97.22
-97.11
-97.11
-97.09
-97.23
-97.15
-97.16
-97.25
-97.15
-97.19
-97.20
-97.15
-97.02
-97.11
-96.99
-97.07
-96.97
-97.06
-97.04
-97.17
-97.15
-97.27
-97.24
-97.20
-97.17
-97.23
-97.20
-97.29
-97.36
-97.16
-97.14
