Frequency: 1.000000
Sample Rate: 1000000.000000
Vector Length: 1
Notes: 
-379.30
-101.77
-99.27
-97.63
-96.52
-96.59
-96.71
-96.66
-96.76
-96.84
-96.77
-96.77
-96.67
-96.72
-96.64
-96.65
-96.52
-96.37
-96.53
-96.63
-96.79
-97.08
-97.13
-97.13
-96.96
-96.75
-96.57
-96.56
-96.48
-96.66
-96.81
-96.84
-96.97
-97.07
-96.91
-96.72
-96.64
-96.52
-96.53
-96.74
-96.79
-96.88
-96.82
-97.00
-97.01
-96.86
-96.93
-96.86
-96.83
-97.04
-96.93
-97.06
-97.15
-97.25
-97.11
-96.97
-96.96
-96.81
-96.60
-96.72
-96.58
-96.63
-96.59
-96.65
-96.72
-96.80
-96.91
-96.87
-96.99
-96.90
-96.81
-96.82
-96.76
-96.73
-96.78
-96.77
-96.80
-96.72
-96.81
-96.81
-96.76
-96.75
-96.66
-96.61
-96.58
-96.78
-96.75
-96.76
-96.74
-96.65
-96.78
-96.96
-97.05
-97.13
-97.03
-96.88
-96.97
-96.98
-96.87
-97.06
-97.05
-97.03
-97.09
-97.17
-97.02
-97.07
-96.95
-96.69
-96.56
-96.56
-96.69
-96.84
-96.76
-96.65
-96.76
-96.68
-96.81
-97.00
-96.83
-96.83
-96.90
-96.80
-96.93
-97.16
-97.21
-97.14
-97.13
-96.93
-96.87
-96.89
-96.73
-96.76
-96.79
-96.92
-96.97
-97.05
-97.06
-97.05
-97.07
-96.74
-96.53
-95.98
-91.92
-67.16
-65.67
-65.66
-65.67
-67.35
-92.83
-96.06
-96.50
-96.76
-96.89
-96.85
-96.81
-96.94
-96.87
-96.91
-96.99
-96.74
-96.79
-96.72
-96.64
-96.71
-96.63
-96.65
-96.81
-96.93
-96.75
-96.73
-96.64
-96.60
-96.81
-96.82
-96.82
-96.91
-96.89
-97.00
-97.01
-96.89
-96.84
-96.74
-96.57
-96.71
-96.63
-96.68
-96.72
-96.70
-96.70
-96.72
-96.87
-96.77
-96.63
-96.68
-96.78
-96.87
-96.92
-96.80
-96.70
-96.46
-96.59
-96.62
-96.48
-96.63
-96.66
-96.67
-96.73
-96.89
-96.73
-96.85
-96.83
-96.76
-96.74
-96.60
-96.70
-96.59
-96.60
-96.69
-96.67
-96.64
-96.82
-96.93
-97.04
-97.02
-96.87
-96.91
-96.71
-96.77
-96.64
-96.70
-96.91
-96.99
-96.89
-97.04
-97.02
-96.99
-97.03
-97.01
-96.89
-96.80
-96.76
-96.73
-96.69
-96.67
-96.53
-96.61
-96.66
-96.65
-96.84
-97.02
-97.11
-97.05
-96.92
-96.88
-96.89
-96.90
-96.91
-96.77
-96.77
-96.62
-96.80
-96.75
-96.72
-96.71
-96.62
-96.68
-96.74
-96.73
-96.70
-96.79
-96.85
-96.82
-96.79
-96.87
-96.91
-97.11
-97.08
-97.13
-97.01
-96.85
-96.76
-96.64
-96.60
-96.62
-96.66
-96.72
-96.72
-96.68
-96.81
-96.88
-97.00
-97.01
-96.81
-96.63
-96.59
-96.57
-96.58
-96.76
-96.67
-96.63
-96.58
-96.60
-96.67
-96.75
-96.72
-96.71
-96.74
-96.80
-96.83
-96.97
-96.87
-96.82
-96.80
-96.70
-96.63
-96.57
-96.59
-96.69
-96.81
-96.80
-96.82
-96.66
-96.47
-96.50
-96.47
-96.50
-96.52
-96.68
-96.82
-96.91
-96.91
-96.98
-96.90
-96.96
-96.77
-96.57
-96.45
-96.29
-96.24
-96.34
-96.73
-96.81
-96.97
-96.99
-96.87
-96.89
-96.81
-96.85
-96.97
-96.82
-96.89
-96.81
-96.75
-96.72
-96.37
-73.33
-71.16
-71.16
-71.16
-71.78
-95.71
-96.63
-96.78
-96.69
-96.71
-96.86
-96.86
-97.00
-96.96
-96.95
-96.96
-96.95
-97.10
-97.11
-97.13
-96.96
-96.87
-96.74
-96.55
-96.48
-96.59
-96.58
-96.57
-96.69
-96.77
-96.61
-96.75
-96.80
-96.84
-97.05
-96.98
-97.01
-97.04
-96.99
-96.98
-96.99
-96.90
-96.83
-96.90
-96.81
-96.89
-97.03
-96.94
-96.93
-96.87
-96.79
-96.75
-96.87
-97.01
-96.91
-97.00
-96.98
-96.86
-96.94
-96.88
-96.79
-96.69
-96.73
-96.74
-96.79
-96.91
