Frequency: 1.000000
Sample Rate: 1000000.000000
Vector Length: 1
Notes: 
-379.30
-100.23
-97.65
-96.07
-95.31
-95.31
-95.43
-95.53
-95.65
-95.38
-95.21
-94.85
-94.93
-94.97
-94.87
-94.91
-94.94
-94.81
-94.81
-94.95
-94.92
-95.15
-95.19
-95.34
-95.36
-95.38
-95.34
-95.24
-95.36
-95.30
-95.31
-95.43
-95.48
-95.63
-95.52
-95.52
-95.47
-95.50
-95.59
-95.53
-95.37
-95.30
-95.11
-95.17
-95.25
-95.28
-95.17
-95.23
-95.14
-95.19
-95.08
-95.38
-95.30
-95.29
-95.48
-95.17
-95.29
-95.48
-95.24
-95.40
-95.29
-95.22
-95.19
-95.35
-95.22
-95.18
-95.20
-95.05
-95.00
-94.99
-95.01
-94.98
-95.01
-95.01
-95.15
-95.16
-95.22
-95.33
-95.36
-95.42
-95.51
-95.43
-95.42
-95.40
-95.42
-95.32
-95.51
-95.48
-95.54
-95.62
-95.37
-95.34
-95.31
-95.30
-95.55
-95.61
-95.52
-95.50
-95.44
-95.44
-95.42
-95.31
-95.18
-95.07
-95.08
-95.28
-95.44
-95.55
-95.47
-95.28
-95.20
-95.37
-95.52
-95.62
-95.68
-95.59
-95.41
-95.47
-95.42
-95.40
-95.41
-95.47
-95.46
-95.41
-95.37
-95.37
-95.34
-95.46
-95.52
-95.57
-95.71
-95.74
-95.67
-95.37
-95.22
-95.27
-95.28
-95.45
-95.51
-95.36
-95.37
-95.43
-95.40
-95.43
-95.21
-95.22
-95.25
-95.19
-95.07
-95.15
-95.16
-95.26
-95.33
-95.36
-95.31
-95.25
-95.23
-95.21
-95.26
-95.22
-95.18
-95.55
-95.83
-95.89
-96.10
-95.90
-95.67
-95.54
-95.42
-95.45
-95.49
-95.58
-95.52
-95.41
-95.28
-95.15
-95.02
-95.10
-95.28
-95.30
-95.52
-95.48
-95.43
-95.32
-95.39
-95.33
-95.60
-95.63
-95.69
-95.66
-95.66
-95.48
-95.41
-95.27
-95.23
-95.30
-95.51
-95.67
-95.62
-95.42
-95.35
-95.23
-95.11
-95.35
-95.28
-95.38
-95.50
-95.33
-95.41
-95.47
-95.50
-95.84
-95.69
-95.62
-95.48
-95.24
-95.33
-95.19
-95.06
-95.22
-95.23
-95.26
-95.32
-95.36
-95.51
-95.49
-95.41
-95.29
-95.28
-95.22
-95.31
-95.22
-95.21
-95.20
-95.38
-95.63
-95.70
-95.70
-95.65
-95.64
-95.53
-95.31
-95.21
-95.19
-95.06
-95.34
-95.44
-95.41
-95.40
-95.40
-95.38
-95.48
-95.41
-95.53
-95.53
-95.46
-95.56
-95.48
-95.36
-95.29
-95.22
-95.22
-95.15
-95.19
-95.18
-95.27
-95.47
-95.51
-95.44
-95.52
-95.32
-95.38
-95.42
-95.41
-95.22
-95.18
-95.08
-95.07
-95.27
-95.43
-95.41
-95.35
-95.35
-95.18
-95.31
-95.36
-95.52
-95.64
-95.57
-95.49
-95.31
-94.99
-94.95
-94.92
-95.15
-95.35
-95.40
-95.38
-95.28
-95.30
-95.10
-95.34
-95.30
-95.37
-95.44
-95.36
-95.33
-95.24
-95.18
-95.18
-95.26
-95.30
-95.41
-95.15
-94.99
-95.17
-94.83
-94.97
-95.18
-95.12
-95.34
-95.43
-95.51
-95.61
-95.61
-95.50
-95.35
-95.18
-95.18
-95.25
-95.13
-95.19
-95.16
-95.19
-95.37
-95.32
-95.26
-95.37
-95.09
-95.19
-95.35
-95.24
-95.31
-95.60
-95.57
-95.78
-95.73
-95.61
-95.41
-95.30
-95.28
-95.33
-95.26
-95.45
-95.55
-95.46
-95.58
-95.57
-95.39
-95.26
-95.23
-95.13
-95.26
-95.19
-95.16
-95.25
-95.22
-95.38
-95.34
-95.36
-95.28
-95.23
-95.29
-95.32
-95.45
-95.68
-95.65
-95.70
-95.60
-95.41
-95.38
-95.31
-95.38
-95.39
-95.46
-95.59
-95.40
-95.54
-95.38
-95.42
-95.76
-95.61
-95.56
-95.61
-95.35
-95.35
-95.56
-95.46
-95.47
-95.66
-95.57
-95.43
-95.32
-95.20
-95.11
-95.20
-95.40
-95.53
-95.55
-95.51
-95.36
-95.31
-95.30
-95.17
-95.05
-94.82
-94.83
-94.92
-95.12
-95.27
-95.38
