Frequency: 1.000000
Sample Rate: 1000000.000000
Vector Length: 1
Notes: 
-379.30
-103.12
-100.20
-98.38
-97.02
-96.84
-96.53
-96.45
-96.44
-96.34
-96.17
-96.29
-96.31
-96.50
-96.57
-96.63
-96.55
-96.48
-96.31
-96.39
-96.19
-96.24
-96.26
-96.23
-96.37
-96.39
-96.40
-96.59
-96.44
-96.30
-96.26
-96.13
-96.10
-96.23
-96.37
-96.55
-96.61
-96.49
-96.44
-96.29
-96.27
-96.24
-96.21
-96.27
-96.15
-95.99
-96.06
-96.17
-96.30
-96.67
-96.63
-96.61
-96.64
-96.49
-96.53
-96.42
-96.39
-96.45
-96.50
-96.43
-96.39
-96.42
-96.27
-96.43
-96.46
-96.42
-96.41
-96.41
-96.45
-96.64
-96.66
-96.63
-96.76
-96.58
-96.42
-96.36
-96.30
-96.27
-96.49
-96.50
-96.53
-96.48
-96.45
-91.21
-91.24
-91.25
-91.23
-96.46
-96.50
-96.36
-96.25
-96.35
-96.18
-96.20
-96.30
-96.26
-96.42
-96.37
-96.46
-96.57
-96.40
-96.23
-96.12
-95.95
-95.89
-96.06
-96.18
-96.39
-96.65
-96.62
-96.59
-96.45
-96.35
-96.33
-96.46
-96.35
-96.34
-96.47
-96.54
-96.83
-96.55
-96.61
-96.45
-96.40
-96.34
-96.33
-96.39
-96.45
-96.35
-96.46
-96.25
-96.26
-96.45
-96.45
-96.56
-96.54
-96.54
-96.60
-96.68
-96.67
-96.66
-96.72
-96.57
-96.60
-96.60
-96.44
-96.53
-96.56
-96.39
-96.41
-96.49
-96.51
-96.60
-96.57
-96.42
-96.39
-96.36
-96.29
-96.49
-96.47
-96.50
-96.63
-96.62
-96.54
-96.40
-96.34
-96.25
-96.38
-96.41
-96.49
-96.44
-96.54
-96.68
-96.74
-96.53
-96.38
-96.36
-96.32
-96.23
-96.40
-96.38
-96.28
-96.48
-96.46
-96.46
-91.52
-89.30
-89.26
-89.27
-89.69
-96.28
-96.21
-96.31
-96.25
-96.46
-96.21
-96.10
-95.72
-95.10
-92.71
-50.69
-48.73
-48.73
-48.73
-48.73
-85.45
-94.64
-95.21
-95.64
-95.72
-95.98
-96.32
-96.29
-96.57
-96.61
-96.50
-96.66
-96.65
-96.58
-96.50
-96.19
-96.06
-95.95
-95.91
-96.04
-96.29
-96.52
-96.59
-96.50
-96.54
-96.37
-96.22
-96.24
-96.34
-96.32
-96.44
-96.34
-96.47
-96.44
-96.42
-96.44
-96.22
-96.22
-96.12
-96.01
-96.08
-96.24
-96.42
-96.36
-96.43
-96.38
-96.29
-96.40
-96.35
-96.32
-96.34
-96.07
-95.97
-95.99
-96.04
-96.20
-96.29
-96.17
-96.20
-96.37
-96.33
-96.48
-96.34
-96.29
-96.17
-96.24
-96.21
-96.19
-96.25
-96.26
-96.37
-96.35
-96.42
-96.50
-96.53
-96.59
-96.42
-96.36
-96.30
-96.28
-96.45
-96.46
-96.42
-96.43
-96.52
-96.41
-96.49
-96.45
-96.25
-96.37
-96.20
-96.25
-96.31
-96.33
-96.44
-96.49
-96.44
-96.36
-96.37
-96.37
-96.38
-96.39
-96.39
-96.38
-96.42
-96.34
-96.39
-96.31
-96.28
-96.38
-96.19
-96.20
-96.24
-96.33
-96.40
-96.61
-96.66
-96.63
-96.64
-96.35
-96.31
-96.10
-96.12
-96.43
-96.40
-96.61
-96.69
-96.48
-96.38
-96.38
-96.03
-96.14
-96.37
-96.34
-96.44
-96.48
-96.44
-96.44
-96.39
-96.11
-96.19
-96.28
-96.36
-96.72
-96.66
-96.52
-96.36
-96.27
-96.22
-96.32
-96.40
-96.47
-96.46
-96.39
-96.53
-96.59
-96.63
-96.62
-96.69
-96.56
-96.48
-96.40
-96.23
-96.32
-96.40
-96.48
-96.58
-96.59
-96.40
-96.53
-96.48
-96.60
-96.47
-96.31
-96.21
-96.30
-96.40
-96.70
-96.74
-96.57
-96.69
-96.46
-96.48
-96.51
-96.48
-96.67
-96.40
-96.58
-96.52
-96.36
-96.64
-96.55
-96.54
-96.69
-96.41
-96.45
-96.33
-96.07
-96.07
-96.03
-96.07
-96.26
-96.30
-96.35
-96.47
-96.39
-96.58
-96.50
-96.43
-96.36
-96.17
-96.22
-96.32
-96.29
-96.44
-96.40
