Frequency: 1.000000
Sample Rate: 1000000.000000
Vector Length: 1
Notes: 
-379.30
-96.23
-93.09
-91.14
-89.78
-89.39
-89.51
-89.53
-89.32
-89.55
-89.38
-89.45
-89.49
-89.45
-89.42
-89.60
-89.32
-89.40
-89.33
-89.22
-89.42
-89.48
-89.39
-89.72
-89.68
-89.51
-89.57
-89.37
-89.38
-89.63
-89.49
-89.55
-89.56
-89.44
-89.58
-89.61
-89.53
-89.84
-89.70
-89.51
-89.50
-89.14
-88.55
-70.08
-69.11
-69.10
-69.11
-72.28
-88.42
-89.04
-89.15
-89.50
-89.56
-89.94
-90.11
-90.07
-90.42
-90.19
-90.08
-90.26
-90.10
-89.98
-90.18
-89.92
-89.74
-89.89
-89.63
-89.48
-89.65
-89.50
-89.51
-89.62
-89.51
-89.49
-89.51
-89.34
-89.54
-89.47
-89.47
-89.56
-89.57
-89.50
-89.68
-89.49
-89.52
-89.54
-89.47
-89.50
-89.42
-89.23
-89.34
-89.42
-89.53
-89.63
-89.62
-89.48
-89.75
-89.61
-89.52
-89.62
-89.45
-89.39
-89.54
-89.19
-89.43
-89.53
-89.46
-89.70
-89.60
-89.38
-89.64
-89.43
-89.45
-89.55
-89.39
-89.44
-89.57
-89.33
-89.56
-89.36
-89.45
-89.59
-89.50
-89.44
-89.58
-89.42
-89.38
-89.50
-89.40
-89.53
-89.74
-89.56
-89.67
-89.61
-89.49
-89.60
-89.50
-89.47
-89.69
-89.49
-89.49
-89.58
-89.44
-89.49
-89.50
-89.23
-89.41
-89.30
-89.38
-89.52
-89.42
-89.50
-89.67
-89.46
-89.58
-89.64
-89.46
-89.61
-89.49
-89.47
-89.63
-89.56
-89.51
-89.62
-89.54
-89.67
-89.72
-89.55
-89.52
-89.37
-89.29
-89.42
-89.50
-89.51
-89.68
-89.68
-89.56
-89.72
-89.57
-89.45
-89.52
-89.37
-89.43
-89.64
-89.42
-89.65
-89.54
-89.42
-89.56
-89.64
-89.65
-89.90
-89.63
-89.63
-89.64
-89.46
-89.53
-89.61
-89.35
-89.46
-89.46
-89.30
-89.51
-89.46
-89.32
-89.67
-89.42
-89.46
-89.60
-89.59
-89.64
-89.78
-89.50
-89.67
-89.62
-89.57
-89.76
-89.66
-89.50
-89.75
-89.51
-89.53
-89.60
-89.43
-89.41
-89.53
-89.28
-89.57
-89.59
-89.55
-89.68
-89.65
-89.50
-89.67
-89.45
-89.38
-89.40
-89.33
-89.52
-89.66
-89.50
-89.66
-89.69
-89.75
-89.79
-89.64
-89.49
-89.64
-89.48
-89.51
-89.56
-89.46
-89.63
-89.57
-89.51
-89.67
-89.65
-89.58
-89.67
-89.44
-89.33
-89.60
-89.34
-89.47
-89.61
-89.50
-89.55
-89.47
-89.29
-89.47
-89.45
-89.37
-89.45
-89.35
-89.43
-89.60
-89.53
-89.58
-89.51
-89.28
-89.41
-89.41
-89.36
-89.60
-89.52
-89.46
-89.75
-89.69
-89.60
-89.62
-89.50
-89.37
-89.52
-89.32
-89.47
-89.47
-89.42
-89.54
-89.56
-89.58
-89.65
-89.42
-89.63
-89.55
-89.40
-89.70
-89.55
-89.50
-89.71
-89.60
-89.55
-89.64
-89.37
-89.52
-89.61
-89.52
-89.69
-89.68
-89.57
-89.75
-89.75
-89.43
-89.63
-89.40
-89.40
-89.61
-89.40
-89.50
-89.63
-89.42
-89.57
-89.45
-89.39
-89.48
-89.43
-89.37
-89.59
-89.44
-89.42
-89.53
-89.39
-89.44
-89.64
-89.42
-89.60
-89.60
-89.42
-89.60
-89.39
-89.28
-89.54
-89.40
-89.49
-89.54
-89.52
-89.50
-89.64
-89.41
-89.56
-89.62
-89.55
-89.65
-89.64
-89.47
-89.61
-89.54
-89.52
-89.53
-89.46
-89.49
-89.66
-89.43
-89.68
-89.66
-89.67
-89.79
-89.84
-89.62
-89.74
-89.52
-89.43
-89.53
-89.38
-89.47
-89.70
-89.50
-89.74
-89.60
-89.45
-89.62
-89.49
-89.44
-89.72
-89.49
-89.54
-89.59
-89.35
-89.49
-89.42
-89.26
-89.61
-89.59
-89.69
-89.87
-89.61
-89.46
-89.63
-89.31
-89.44
-89.50
-89.36
-89.63
-89.64
-89.52
-89.76
-89.67
-89.56
-89.71
-89.54
-89.49
-89.61
-89.45
