Frequency: 1.000000
Sample Rate: 1000000.000000
Vector Length: 1
Notes: 
-379.30
-100.34
-97.64
-96.32
-95.42
-95.41
-95.35
-95.26
-95.13
-95.06
-95.13
-95.23
-95.42
-95.41
-95.50
-95.34
-95.36
-95.36
-95.30
-95.46
-95.53
-95.37
-95.47
-95.38
-95.24
-95.48
-95.60
-95.56
-95.56
-95.25
-95.35
-95.31
-95.38
-95.54
-95.50
-95.37
-95.31
-95.33
-95.36
-95.41
-95.53
-95.46
-95.40
-95.54
-95.46
-95.60
-95.60
-95.65
-95.45
-95.50
-95.50
-95.23
-95.29
-95.45
-95.19
-95.23
-95.34
-95.19
-95.11
-95.19
-95.13
-95.07
-95.22
-95.25
-95.33
-95.47
-95.54
-95.36
-95.21
-95.32
-95.42
-95.53
-95.41
-95.43
-95.39
-95.61
-95.63
-95.45
-95.38
-95.06
-95.02
-95.13
-95.14
-95.34
-95.54
-95.46
-95.69
-95.42
-95.25
-95.37
-95.23
-95.30
-95.45
-95.65
-95.58
-95.59
-95.51
-95.42
-95.46
-95.63
-95.64
-95.62
-95.48
-95.22
-95.28
-95.28
-95.45
-95.49
-95.33
-95.42
-95.30
-95.41
-95.37
-95.39
-95.45
-95.39
-95.31
-95.47
-95.29
-95.46
-95.35
-95.13
-95.13
-95.30
-95.48
-95.71
-95.77
-95.50
-95.53
-95.61
-95.65
-95.69
-95.57
-95.51
-95.60
-95.36
-95.21
-95.30
-95.34
-95.33
-95.47
-95.30
-95.20
-95.33
-95.40
-95.47
-95.55
-95.59
-95.73
-95.78
-95.80
-95.52
-95.33
-95.33
-95.45
-95.36
-95.26
-95.40
-95.26
-95.59
-95.67
-95.57
-95.66
-95.49
-95.50
-95.41
-95.23
-95.32
-95.26
-95.49
-95.49
-95.41
-95.43
-95.45
-95.47
-95.40
-95.36
-95.20
-95.22
-95.30
-95.21
-95.17
-95.21
-95.13
-95.20
-95.21
-95.27
-95.45
-95.31
-95.42
-95.51
-95.44
-95.53
-95.40
-95.23
-95.29
-95.25
-95.42
-95.56
-95.57
-95.47
-95.37
-95.27
-95.16
-95.17
-95.06
-95.25
-95.26
-95.22
-95.34
-95.37
-95.44
-95.51
-95.46
-95.44
-95.42
-95.20
-95.27
-95.38
-95.34
-95.54
-95.66
-95.55
-95.60
-95.44
-95.27
-95.53
-95.47
-95.50
-95.46
-95.43
-95.39
-95.29
-95.35
-95.39
-95.43
-95.56
-95.64
-95.76
-95.81
-95.82
-95.62
-95.44
-95.33
-95.29
-95.25
-95.41
-95.30
-95.31
-95.41
-95.26
-95.31
-95.43
-95.67
-95.85
-95.66
-95.57
-95.38
-95.36
-95.49
-95.48
-95.49
-95.54
-95.62
-95.58
-95.56
-95.45
-95.41
-95.53
-95.56
-95.62
-95.55
-95.44
-95.40
-95.43
-95.40
-95.42
-95.32
-95.26
-95.42
-95.50
-95.54
-95.69
-95.59
-95.61
-95.51
-95.33
-95.30
-95.43
-95.48
-95.51
-95.33
-95.14
-95.21
-95.47
-95.43
-95.75
-95.64
-95.37
-95.50
-95.30
-95.29
-95.28
-95.31
-95.50
-95.58
-95.54
-95.49
-95.46
-95.38
-95.51
-95.44
-95.31
-95.28
-95.28
-95.40
-95.51
-95.64
-95.65
-95.58
-95.56
-95.50
-95.46
-95.41
-95.63
-95.64
-95.50
-95.63
-95.57
-95.38
-95.50
-95.37
-95.46
-95.67
-95.58
-95.57
-95.50
-95.25
-95.16
-95.16
-95.11
-95.30
-95.19
-95.39
-95.42
-95.37
-95.38
-95.45
-95.31
-95.49
-95.51
-95.31
-95.44
-95.34
-95.27
-95.54
-95.49
-95.56
-95.79
-95.50
-95.51
-95.46
-95.28
-95.51
-95.40
-95.26
-95.32
-95.41
-95.32
-95.38
-95.37
-95.33
-95.50
-95.30
-95.28
-95.32
-95.17
-95.18
-95.19
-95.24
-95.21
-95.40
-95.41
-95.39
-95.33
-95.41
-95.47
-95.61
-95.68
-95.55
-95.30
-95.37
-95.25
-95.30
-95.36
-95.34
-95.44
-95.52
-95.61
-95.55
-95.61
-95.53
-95.51
-95.51
-95.33
-95.41
-95.25
-95.22
-95.45
-95.27
-95.36
-95.62
-95.41
-95.57
-95.64
-95.48
-95.38
-95.31
-95.27
-95.20
