Frequency: 1.000000
Sample Rate: 1000000.000000
Vector Length: 1
Notes: 
-379.30
-101.67
-99.30
-97.73
-96.54
-96.49
-96.35
-96.45
-96.46
-96.46
-96.42
-96.38
-96.50
-96.56
-96.69
-96.79
-96.62
-96.73
-96.71
-96.73
-96.63
-96.60
-96.42
-96.41
-96.54
-96.54
-96.68
-96.64
-96.55
-96.67
-96.69
-96.72
-96.62
-96.47
-96.27
-96.43
-96.50
-96.73
-96.73
-96.70
-96.61
-96.41
-96.30
-96.20
-96.17
-96.53
-96.29
-96.48
-96.51
-96.21
-96.35
-96.46
-96.35
-96.46
-96.49
-96.33
-96.51
-96.64
-96.75
-96.89
-96.77
-96.69
-96.61
-96.59
-96.57
-96.62
-96.69
-96.62
-96.75
-96.64
-96.77
-96.59
-96.58
-96.56
-96.52
-96.50
-96.48
-96.37
-96.31
-96.45
-96.53
-96.62
-96.78
-96.74
-96.63
-96.69
-96.44
-96.63
-96.68
-96.81
-96.90
-96.65
-96.52
-96.42
-96.35
-96.40
-96.55
-96.62
-96.81
-96.81
-96.96
-96.68
-96.56
-96.63
-96.48
-96.37
-96.45
-96.40
-96.48
-96.59
-96.65
-96.78
-96.77
-96.78
-96.74
-96.68
-96.70
-96.82
-96.78
-96.71
-96.56
-96.43
-96.50
-96.51
-96.69
-96.62
-96.60
-96.72
-96.71
-96.79
-96.74
-96.70
-96.71
-96.56
-96.61
-96.80
-96.89
-96.92
-96.93
-96.88
-96.75
-96.79
-96.55
-96.51
-96.46
-96.41
-96.55
-96.58
-96.60
-96.68
-96.71
-96.59
-96.55
-96.56
-96.53
-96.48
-96.47
-96.46
-96.56
-96.55
-96.44
-96.33
-96.43
-96.42
-96.66
-96.60
-96.56
-96.40
-96.26
-96.42
-96.42
-96.53
-96.62
-96.55
-96.52
-96.51
-96.33
-96.39
-96.29
-96.29
-96.44
-96.37
-96.44
-96.65
-96.56
-96.53
-96.61
-96.39
-96.35
-96.47
-96.53
-96.50
-96.55
-96.65
-96.55
-96.61
-96.66
-96.51
-96.52
-96.57
-96.65
-96.64
-96.69
-96.69
-96.59
-96.52
-96.58
-96.51
-96.57
-96.57
-96.53
-96.41
-96.45
-96.48
-96.64
-96.70
-96.70
-96.55
-96.44
-96.27
-96.49
-96.45
-96.42
-96.44
-96.32
-96.40
-96.39
-96.33
-96.37
-96.14
-96.41
-96.64
-96.68
-96.72
-96.74
-96.55
-96.50
-96.41
-96.22
-96.33
-96.39
-96.44
-96.63
-96.64
-96.64
-96.64
-96.50
-96.46
-96.42
-96.43
-96.43
-96.43
-96.45
-96.28
-96.39
-96.46
-96.56
-96.51
-96.52
-96.34
-96.29
-96.35
-96.41
-96.52
-96.74
-96.78
-96.79
-96.68
-96.78
-96.73
-96.71
-96.77
-96.58
-96.56
-96.50
-96.54
-96.64
-96.57
-96.58
-96.70
-96.63
-96.62
-96.70
-96.63
-96.72
-96.78
-96.73
-96.79
-96.77
-96.89
-96.99
-96.93
-96.68
-96.71
-96.69
-96.73
-96.84
-96.83
-96.56
-96.43
-96.30
-96.40
-96.51
-96.68
-96.67
-96.53
-96.35
-96.43
-96.53
-96.45
-96.55
-96.54
-96.43
-96.49
-96.46
-96.46
-96.45
-96.43
-96.49
-96.49
-96.52
-96.58
-96.76
-96.87
-96.79
-96.67
-96.63
-96.59
-96.67
-96.62
-96.59
-96.46
-96.50
-96.51
-96.49
-96.70
-96.71
-96.58
-96.73
-96.69
-96.68
-96.85
-96.91
-97.05
-96.91
-96.78
-96.61
-96.46
-96.53
-96.69
-96.65
-96.67
-96.47
-96.50
-96.33
-96.46
-96.49
-96.38
-96.36
-96.29
-96.26
-96.54
-96.44
-96.50
-96.56
-96.35
-96.45
-96.45
-96.57
-96.62
-96.52
-96.57
-96.51
-96.54
-96.58
-96.64
-96.67
-96.68
-96.71
-96.61
-96.67
-96.53
-96.59
-96.62
-96.60
-96.55
-96.64
-96.69
-96.77
-96.82
-96.63
-96.38
-96.49
-96.51
-96.37
-96.48
-96.49
-96.43
-96.51
-96.49
-96.46
-96.51
-96.50
-96.55
-96.57
-96.54
-96.48
-96.72
-96.65
-96.81
-96.77
-96.57
-96.52
-96.41
-96.44
-96.55
-96.63
-96.50
-96.39
-96.33
-96.31
