Frequency: 1.000000
Sample Rate: 1000000.000000
Vector Length: 1
Notes: 
-379.30
-103.51
-100.51
-98.55
-97.21
-96.91
-96.93
-96.90
-96.96
-96.90
-97.00
-97.02
-97.07
-97.13
-97.06
-97.10
-97.00
-97.13
-97.01
-97.07
-97.19
-97.04
-97.18
-97.09
-97.04
-96.91
-96.82
-96.86
-96.90
-96.90
-96.98
-96.99
-96.96
-97.09
-97.07
-97.09
-97.01
-97.12
-97.12
-97.12
-97.29
-97.07
-96.97
-96.84
-96.63
-96.63
-96.80
-96.86
-96.93
-97.11
-96.89
-96.93
-96.95
-96.74
-96.86
-96.88
-96.84
-96.96
-97.07
-97.01
-96.98
-97.07
-96.82
-97.05
-96.97
-97.01
-97.05
-96.96
-96.93
-96.73
-96.85
-96.85
-96.90
-97.04
-96.97
-97.12
-96.97
-96.87
-96.87
-96.87
-96.90
-96.99
-96.94
-96.99
-96.84
-97.12
-97.01
-96.93
-96.93
-96.81
-96.93
-97.07
-97.01
-97.13
-97.04
-97.17
-97.17
-97.07
-97.11
-97.01
-96.98
-97.07
-96.90
-97.00
-96.80
-96.68
-96.81
-96.85
-96.83
-96.89
-96.78
-96.87
-96.92
-96.98
-97.06
-96.98
-97.09
-97.16
-97.06
-97.02
-97.07
-97.06
-97.05
-97.10
-97.15
-97.09
-97.17
-96.99
-97.02
-96.94
-97.03
-96.99
-96.92
-97.00
-97.10
-97.14
-97.23
-97.22
-97.15
-97.01
-96.94
-96.93
-96.85
-96.93
-97.13
-97.09
-97.10
-97.10
-96.95
-97.03
-97.01
-96.93
-96.76
-96.81
-96.81
-96.90
-96.80
-96.80
-96.84
-96.85
-97.02
-97.05
-96.98
-96.99
-96.94
-96.86
-96.80
-96.82
-96.87
-97.01
-97.04
-97.20
-97.17
-97.12
-97.14
-97.10
-96.90
-97.01
-97.01
-96.92
-96.93
-96.77
-96.70
-96.30
-89.51
-85.66
-64.95
-64.93
-64.93
-64.96
-73.51
-92.36
-96.03
-96.62
-96.72
-96.76
-96.85
-96.93
-96.92
-97.06
-97.18
-97.01
-97.04
-96.88
-96.88
-96.93
-97.05
-97.05
-97.07
-97.20
-96.91
-97.06
-96.84
-96.65
-96.59
-96.50
-96.62
-96.87
-97.07
-97.03
-97.07
-96.89
-96.97
-96.86
-96.96
-96.82
-96.72
-96.79
-96.78
-96.87
-97.05
-97.19
-97.35
-97.52
-97.33
-97.19
-97.11
-97.04
-97.00
-97.12
-97.09
-96.91
-96.84
-96.80
-96.83
-96.98
-97.00
-97.06
-97.14
-96.94
-97.06
-97.07
-97.05
-97.17
-97.29
-97.09
-97.14
-96.96
-96.93
-96.99
-96.86
-96.94
-97.09
-97.18
-96.91
-96.89
-96.66
-96.46
-96.80
-96.71
-96.91
-96.95
-96.87
-97.02
-96.96
-97.10
-97.02
-97.04
-96.85
-96.84
-96.95
-96.62
-96.62
-96.57
-96.52
-96.63
-96.72
-96.69
-96.73
-96.73
-96.74
-96.80
-96.70
-96.66
-96.77
-96.86
-96.92
-96.86
-96.93
-96.91
-96.89
-96.98
-96.81
-96.90
-96.82
-96.82
-96.78
-96.75
-96.85
-96.84
-97.09
-97.04
-96.93
-97.18
-96.93
-96.93
-96.96
-96.76
-96.79
-96.98
-97.01
-97.16
-97.21
-97.29
-97.25
-97.34
-97.32
-97.07
-97.04
-96.99
-97.05
-97.07
-97.15
-97.01
-96.87
-96.93
-96.86
-97.01
-97.19
-97.07
-97.10
-96.94
-96.97
-96.84
-97.00
-96.99
-96.93
-97.02
-96.86
-97.08
-96.99
-96.96
-96.92
-96.83
-96.89
-96.87
-96.88
-96.96
-96.95
-97.04
-97.08
-96.97
-96.77
-96.86
-96.90
-97.05
-97.20
-97.26
-97.14
-97.20
-97.02
-96.94
-96.98
-96.88
-96.84
-96.73
-96.69
-96.70
-96.75
-96.86
-96.86
-96.81
-96.91
-96.90
-97.05
-96.97
-97.11
-96.94
-96.94
-96.87
-96.79
-96.76
-96.65
-96.76
-96.83
-96.75
-96.81
-96.81
-96.94
-96.96
-97.03
-96.91
-96.85
-97.02
-97.05
-97.11
-97.32
-97.23
-97.19
-97.14
-97.13
-96.92
-96.79
-96.72
-96.70
-96.89
-97.03
-97.14
-97.13
-97.08
-96.95
-96.87
