Frequency: 1.000000
Sample Rate: 1000000.000000
Vector Length: 1
Notes: 
-379.30
-102.57
-99.95
-98.56
-97.43
-97.42
-97.31
-97.29
-97.11
-97.26
-97.26
-97.27
-97.33
-97.31
-97.36
-97.28
-97.52
-97.53
-97.41
-97.56
-97.42
-97.44
-97.29
-97.22
-97.23
-97.11
-97.12
-97.23
-97.45
-97.43
-97.55
-97.49
-97.30
-97.21
-97.14
-97.28
-97.43
-97.43
-97.27
-96.96
-96.89
-96.99
-97.07
-97.36
-97.38
-97.29
-97.16
-97.20
-97.13
-97.28
-97.21
-97.19
-97.32
-97.34
-97.47
-97.45
-97.63
-97.61
-97.42
-97.56
-97.42
-97.25
-97.32
-97.49
-97.53
-97.53
-97.32
-97.33
-97.28
-97.37
-97.52
-97.56
-97.65
-97.58
-97.65
-97.60
-97.47
-97.42
-97.25
-97.32
-97.32
-97.22
-97.28
-97.23
-97.37
-97.65
-97.86
-97.77
-97.78
-97.78
-97.64
-97.79
-97.70
-97.61
-97.51
-97.47
-97.43
-97.46
-97.59
-97.59
-97.70
-97.50
-97.44
-97.33
-97.33
-97.58
-97.36
-97.35
-97.19
-96.97
-97.08
-97.24
-97.51
-97.66
-97.57
-97.50
-97.27
-97.21
-97.19
-97.21
-97.32
-97.52
-97.69
-97.59
-97.55
-97.35
-97.38
-97.46
-97.42
-97.52
-97.45
-97.39
-97.30
-97.28
-97.15
-97.11
-97.14
-97.13
-97.10
-97.20
-97.27
-97.27
-97.40
-97.31
-97.30
-97.38
-97.57
-97.51
-97.55
-97.54
-97.40
-97.25
-97.34
-97.36
-97.17
-97.37
-97.32
-97.23
-97.47
-97.39
-97.33
-97.33
-97.25
-97.24
-97.26
-97.23
-97.17
-97.14
-97.14
-97.15
-97.26
-97.44
-97.47
-97.53
-97.47
-97.36
-97.40
-97.29
-97.42
-97.70
-97.65
-97.55
-97.53
-97.46
-97.38
-97.43
-97.36
-97.41
-97.45
-97.56
-97.76
-97.74
-97.65
-97.60
-97.56
-97.54
-97.44
-97.35
-97.34
-97.38
-97.42
-97.40
-97.29
-97.19
-97.23
-97.27
-97.33
-97.54
-97.75
-97.94
-97.71
-97.61
-97.36
-97.29
-97.29
-97.42
-97.41
-97.34
-97.50
-97.56
-97.62
-97.30
-97.01
-96.80
-95.42
-70.35
-68.23
-68.23
-68.23
-68.69
-95.76
-97.26
-97.20
-97.44
-97.36
-97.31
-97.34
-97.38
-97.41
-97.48
-97.66
-97.84
-97.69
-97.76
-97.73
-97.54
-97.73
-97.75
-97.77
-97.53
-97.51
-97.31
-97.36
-97.39
-97.46
-97.58
-97.62
-97.60
-97.52
-97.43
-97.25
-97.20
-97.04
-97.12
-97.25
-97.07
-97.15
-97.08
-96.95
-96.91
-95.90
-81.03
-69.13
-69.12
-69.12
-69.13
-92.92
-95.77
-96.59
-96.71
-96.77
-96.78
-96.33
-92.34
-66.25
-65.29
-65.28
-65.29
-67.33
-92.66
-95.87
-96.55
-96.88
-97.10
-97.22
-97.31
-97.20
-97.15
-97.19
-97.35
-97.46
-97.52
-97.51
-97.57
-97.61
-97.61
-97.63
-97.67
-97.50
-97.45
-97.51
-97.48
-97.38
-97.23
-97.28
-97.26
-97.35
-97.43
-97.47
-97.36
-97.44
-97.45
-97.39
-97.47
-97.30
-97.19
-97.19
-97.20
-97.16
-97.45
-97.55
-97.57
-97.80
-97.87
-97.69
-97.56
-97.69
-97.33
-97.46
-97.46
-97.42
-97.49
-97.11
-97.28
-97.40
-97.59
-97.76
-97.68
-97.63
-97.61
-97.68
-97.70
-97.67
-97.61
-97.69
-97.45
-97.38
-97.47
-97.37
-97.54
-97.55
-97.41
-97.31
-97.23
-97.36
-97.68
-97.88
-97.91
-97.73
-97.51
-97.30
-97.33
-97.18
-97.36
-97.37
-97.26
-97.38
-97.41
-97.33
-97.40
-97.34
-97.43
-97.46
-97.45
-97.50
-97.37
-97.37
-97.27
-97.27
-97.43
-97.52
-97.53
-97.53
-97.46
-97.46
-97.49
-97.56
-97.48
-97.42
-97.38
-97.29
-97.31
-97.46
-97.36
-97.45
-97.20
-97.26
-97.29
-97.27
-97.57
-97.62
-97.73
-97.74
-97.68
-97.55
-97.46
-97.50
-97.60
-97.75
-97.74
-97.58
