Frequency: 1.000000
Sample Rate: 1000000.000000
Vector Length: 1
Notes: 
-379.30
-101.93
-99.51
-97.73
-96.54
-96.43
-96.36
-96.41
-96.44
-96.45
-96.34
-96.35
-96.48
-96.46
-96.55
-96.58
-96.54
-96.48
-96.63
-96.49
-96.38
-96.51
-96.35
-96.46
-96.46
-96.33
-96.41
-96.36
-96.37
-96.32
-96.24
-96.24
-96.26
-96.48
-96.47
-96.55
-96.71
-96.78
-96.70
-96.50
-96.45
-96.40
-96.31
-96.60
-96.66
-96.58
-96.57
-96.52
-96.50
-96.38
-96.45
-96.38
-96.41
-96.58
-96.73
-96.77
-96.65
-96.60
-96.61
-96.54
-96.56
-96.62
-96.60
-96.35
-96.34
-96.24
-96.25
-96.48
-96.32
-96.34
-96.31
-96.28
-96.43
-96.48
-96.54
-96.75
-96.67
-96.59
-96.56
-96.17
-96.21
-96.47
-96.39
-96.56
-96.60
-96.49
-96.61
-96.51
-96.45
-96.42
-96.45
-96.56
-96.54
-96.45
-96.37
-96.51
-96.37
-94.47
-71.23
-71.22
-71.22
-71.23
-94.31
-96.06
-96.16
-96.42
-96.53
-96.56
-96.61
-96.52
-96.57
-96.62
-96.62
-96.67
-96.65
-96.70
-96.63
-96.64
-96.49
-96.49
-96.41
-96.41
-96.48
-96.47
-96.42
-96.39
-96.30
-96.39
-96.53
-96.47
-96.62
-96.77
-96.73
-96.62
-96.49
-96.30
-96.30
-96.35
-96.31
-96.49
-96.45
-96.41
-96.71
-96.86
-96.71
-96.70
-96.48
-96.16
-96.23
-96.39
-96.61
-96.69
-96.50
-96.30
-96.31
-96.35
-96.28
-96.48
-96.45
-96.49
-96.49
-96.62
-96.50
-96.46
-96.64
-96.66
-96.47
-96.55
-96.40
-96.39
-96.44
-96.27
-96.22
-96.21
-96.09
-96.13
-96.24
-96.33
-96.34
-96.56
-96.60
-96.63
-96.69
-96.65
-96.63
-96.47
-96.34
-96.24
-96.30
-96.38
-96.44
-96.30
-96.43
-96.40
-96.56
-96.59
-96.68
-96.74
-96.71
-96.51
-96.39
-96.22
-96.19
-96.37
-96.69
-96.54
-96.65
-96.54
-96.32
-96.50
-96.46
-96.50
-96.54
-96.51
-96.34
-96.18
-96.18
-96.21
-96.30
-96.50
-96.58
-96.50
-96.39
-96.42
-96.42
-96.63
-96.59
-96.51
-96.54
-96.45
-96.42
-96.54
-96.57
-96.56
-96.38
-96.44
-96.48
-96.42
-96.74
-96.71
-96.52
-96.49
-96.52
-96.69
-96.74
-96.96
-96.71
-96.47
-96.46
-96.29
-96.26
-96.34
-96.31
-96.21
-96.21
-96.26
-96.36
-96.50
-96.83
-96.86
-96.84
-96.68
-96.63
-96.58
-96.57
-96.63
-96.77
-96.69
-96.60
-96.66
-96.47
-96.53
-96.58
-96.65
-96.55
-96.40
-96.29
-96.15
-96.25
-96.35
-96.59
-96.57
-96.51
-96.55
-96.50
-96.37
-96.44
-96.48
-96.52
-96.44
-96.41
-96.52
-96.44
-96.51
-96.52
-96.39
-96.32
-96.60
-96.78
-96.68
-96.63
-96.67
-96.57
-96.59
-96.52
-96.38
-96.41
-96.41
-96.52
-96.62
-96.73
-96.67
-96.65
-96.48
-96.35
-96.40
-96.53
-96.52
-96.56
-96.63
-96.80
-96.79
-96.85
-96.83
-96.56
-96.67
-96.62
-96.55
-96.64
-96.65
-96.42
-96.51
-96.46
-96.31
-96.47
-96.62
-96.67
-96.93
-96.83
-96.79
-96.53
-96.50
-96.41
-96.31
-96.40
-96.52
-96.66
-96.59
-96.63
-96.62
-96.53
-96.58
-96.60
-96.57
-96.57
-96.46
-96.41
-96.41
-96.46
-96.77
-96.91
-96.84
-96.78
-96.56
-96.49
-96.43
-96.46
-96.44
-96.32
-96.26
-96.32
-96.51
-96.80
-96.69
-96.69
-96.51
-96.29
-96.47
-96.56
-96.47
-96.58
-96.44
-96.46
-96.49
-96.49
-96.60
-96.73
-96.62
-96.72
-96.60
-96.49
-96.57
-96.28
-96.29
-96.15
-96.29
-96.44
-96.51
-96.64
-96.70
-96.65
-96.54
-96.52
-96.52
-96.45
-96.54
-96.52
-96.56
-96.58
-96.67
-96.61
-96.70
-96.78
-96.71
-96.74
-96.72
-96.57
-96.54
-96.55
-96.43
