Frequency: 1.000000
Sample Rate: 1000000.000000
Vector Length: 1
Notes: 
-379.30
-102.33
-99.66
-98.03
-97.05
-96.91
-96.89
-96.91
-96.90
-96.70
-96.78
-96.83
-96.92
-97.04
-97.02
-97.12
-96.98
-97.09
-96.99
-96.97
-96.93
-96.94
-96.96
-96.97
-96.81
-96.88
-96.89
-96.85
-96.90
-96.75
-96.84
-96.79
-96.86
-96.77
-96.60
-96.56
-96.62
-96.78
-96.83
-96.78
-96.80
-96.84
-96.90
-96.91
-96.94
-96.78
-96.76
-96.71
-96.61
-96.65
-96.69
-96.75
-96.64
-96.79
-96.79
-96.82
-96.81
-96.74
-96.62
-96.74
-96.64
-96.68
-96.78
-96.73
-96.72
-96.79
-97.01
-97.00
-96.99
-96.91
-96.76
-96.62
-96.57
-96.60
-96.67
-96.83
-96.64
-96.63
-96.76
-96.70
-96.54
-96.66
-96.43
-96.48
-96.50
-96.58
-96.64
-96.71
-96.69
-96.81
-96.64
-96.67
-96.68
-96.63
-96.67
-96.73
-96.86
-96.90
-97.06
-96.85
-96.82
-96.62
-96.61
-96.74
-96.66
-96.77
-96.68
-96.63
-96.65
-96.55
-96.64
-96.77
-96.86
-96.83
-96.77
-96.68
-96.63
-96.67
-96.81
-96.72
-96.76
-96.81
-96.79
-96.64
-96.72
-96.60
-96.53
-96.72
-96.88
-97.00
-96.98
-96.93
-96.92
-97.07
-97.00
-96.95
-96.90
-96.72
-96.65
-96.74
-96.77
-96.85
-96.80
-96.81
-96.93
-96.93
-97.05
-97.21
-97.12
-96.86
-96.77
-96.69
-96.65
-96.80
-96.83
-96.91
-96.90
-96.79
-96.86
-96.81
-96.88
-96.83
-96.76
-96.83
-96.79
-96.75
-96.79
-96.66
-96.72
-96.98
-97.01
-96.98
-96.97
-96.62
-96.75
-96.68
-96.69
-96.75
-96.85
-96.97
-97.09
-97.03
-96.96
-96.97
-96.93
-96.97
-96.81
-96.77
-96.60
-96.53
-96.72
-96.61
-96.70
-96.63
-96.56
-96.51
-96.38
-96.50
-96.65
-96.58
-96.60
-96.73
-96.60
-96.94
-96.91
-96.90
-97.07
-96.93
-96.82
-96.98
-96.83
-96.87
-96.98
-96.86
-96.78
-96.91
-96.87
-96.98
-96.98
-96.77
-96.80
-96.74
-96.87
-96.85
-96.86
-96.96
-96.91
-96.88
-96.96
-96.85
-96.86
-96.99
-96.91
-96.97
-97.01
-96.79
-96.99
-96.85
-96.88
-97.06
-97.15
-97.12
-97.06
-96.89
-96.72
-96.68
-96.71
-96.87
-96.88
-96.89
-96.88
-96.93
-96.84
-96.85
-96.89
-96.83
-97.00
-97.02
-96.85
-96.88
-96.78
-96.68
-96.73
-96.72
-96.82
-96.88
-96.98
-97.13
-97.14
-97.03
-97.02
-96.78
-96.67
-96.75
-96.80
-96.92
-97.00
-96.79
-96.88
-96.63
-96.66
-96.74
-96.77
-96.83
-96.93
-96.98
-96.82
-96.84
-96.72
-96.75
-96.85
-96.90
-97.11
-96.99
-97.00
-97.03
-96.96
-96.98
-96.99
-96.88
-96.92
-96.97
-96.93
-97.08
-97.03
-97.01
-97.01
-96.81
-96.89
-96.83
-96.77
-96.78
-96.94
-96.91
-96.94
-96.79
-96.68
-96.78
-96.78
-96.92
-97.01
-96.96
-97.02
-96.98
-96.95
-96.89
-96.72
-96.64
-96.60
-96.82
-96.83
-97.15
-97.13
-97.15
-97.14
-97.10
-96.96
-96.74
-96.58
-96.58
-96.56
-96.84
-96.99
-97.02
-96.93
-96.88
-96.80
-96.76
-96.80
-96.62
-96.51
-96.56
-96.48
-96.64
-96.86
-96.82
-97.01
-96.96
-96.55
-96.47
-96.38
-96.41
-96.63
-96.52
-96.41
-96.05
-92.88
-87.11
-60.41
-60.40
-60.40
-60.41
-86.68
-92.65
-95.53
-96.05
-96.37
-96.45
-96.48
-96.56
-96.59
-96.59
-96.70
-96.78
-96.69
-96.80
-96.78
-96.65
-96.76
-96.79
-96.92
-97.02
-97.23
-97.24
-97.12
-97.16
-97.01
-96.99
-97.13
-97.00
-97.04
-96.82
-96.80
-96.90
-96.76
-96.88
-96.96
-96.94
-97.03
-96.97
-96.96
-96.92
-96.90
-96.83
-96.93
-96.73
-96.67
-96.72
-96.72
-96.81
-96.77
