Frequency: 1.000000
Sample Rate: 1000000.000000
Vector Length: 1
Notes: 
-379.30
-102.41
-99.93
-98.21
-97.27
-97.23
-97.23
-97.43
-97.26
-97.36
-97.13
-97.15
-97.28
-97.29
-97.61
-97.55
-97.41
-97.25
-97.22
-97.03
-97.14
-97.23
-97.12
-97.14
-97.25
-97.31
-97.41
-97.56
-97.46
-97.34
-97.34
-97.18
-97.16
-97.21
-97.18
-97.27
-97.14
-97.11
-97.03
-97.03
-97.07
-97.06
-97.14
-97.24
-97.30
-97.23
-97.17
-97.15
-97.15
-97.11
-97.15
-96.93
-96.79
-96.75
-96.75
-96.86
-97.08
-97.17
-97.19
-97.13
-97.18
-97.20
-97.17
-97.20
-96.97
-96.77
-96.84
-96.85
-96.94
-97.11
-97.21
-97.23
-97.33
-97.43
-97.15
-96.97
-96.82
-96.72
-96.96
-96.92
-96.81
-96.75
-96.70
-96.76
-97.08
-97.23
-97.24
-97.26
-97.29
-97.22
-97.25
-97.22
-97.13
-97.05
-97.15
-97.23
-97.23
-97.27
-97.40
-97.35
-97.38
-97.23
-96.96
-96.85
-96.96
-97.10
-97.11
-97.14
-97.10
-97.23
-97.47
-97.53
-97.48
-97.45
-97.26
-97.34
-97.01
-97.04
-97.07
-96.92
-97.22
-97.25
-97.10
-97.11
-97.14
-97.06
-97.19
-97.51
-97.49
-97.48
-97.23
-96.92
-96.92
-97.00
-97.14
-97.31
-97.19
-97.27
-97.10
-96.93
-96.87
-96.86
-96.85
-97.11
-97.26
-97.30
-97.30
-97.18
-97.12
-96.96
-97.14
-97.09
-97.21
-97.22
-97.18
-97.08
-96.99
-97.09
-97.16
-97.05
-96.98
-96.96
-96.85
-97.05
-97.01
-97.18
-97.30
-97.17
-97.28
-97.42
-97.27
-97.13
-97.28
-97.23
-97.25
-97.27
-97.20
-97.09
-97.06
-97.01
-96.96
-97.01
-97.10
-97.30
-97.44
-97.39
-97.41
-97.22
-97.15
-96.99
-96.96
-97.03
-97.08
-97.25
-97.24
-97.14
-96.93
-96.93
-97.06
-97.16
-97.29
-97.17
-97.13
-97.18
-97.20
-97.42
-97.27
-97.34
-97.20
-97.10
-97.05
-97.16
-97.23
-97.30
-97.25
-96.90
-96.83
-96.76
-96.73
-96.91
-97.11
-97.01
-97.05
-96.97
-96.99
-96.95
-96.96
-97.00
-96.86
-97.03
-97.08
-97.18
-97.29
-97.17
-97.09
-97.10
-97.02
-97.11
-97.14
-97.05
-97.07
-97.04
-96.98
-96.87
-96.94
-97.14
-97.20
-97.25
-97.35
-97.26
-97.15
-97.27
-97.32
-97.40
-97.45
-97.39
-97.35
-97.21
-97.11
-97.14
-97.13
-97.09
-97.19
-97.16
-97.19
-97.23
-97.07
-97.06
-97.23
-97.14
-97.23
-97.23
-97.02
-97.11
-97.23
-97.25
-97.28
-97.13
-97.19
-97.05
-97.07
-97.05
-97.09
-97.19
-97.15
-97.14
-96.98
-96.94
-97.02
-97.03
-97.18
-97.16
-97.09
-96.86
-96.71
-96.79
-96.86
-97.19
-97.19
-97.20
-97.11
-97.10
-97.16
-97.10
-97.14
-97.24
-97.12
-97.18
-97.32
-97.25
-97.23
-97.15
-97.22
-96.87
-96.88
-96.97
-96.87
-97.07
-97.17
-97.13
-97.04
-97.05
-97.07
-97.06
-97.12
-97.28
-97.28
-97.31
-97.26
-97.17
-97.16
-97.08
-97.18
-97.14
-97.07
-97.13
-97.09
-97.28
-97.52
-97.44
-97.37
-97.12
-96.97
-96.86
-96.86
-96.97
-96.89
-96.93
-96.99
-97.17
-97.18
-97.27
-97.34
-97.21
-97.25
-97.08
-97.10
-96.98
-96.88
-96.98
-96.96
-97.11
-97.15
-97.35
-97.34
-97.30
-97.21
-97.28
-97.19
-97.08
-97.07
-97.04
-97.05
-97.11
-97.17
-97.03
-97.05
-96.86
-96.86
-96.82
-96.78
-96.89
-96.87
-96.95
-97.09
-97.01
-97.14
-97.13
-97.20
-97.19
-97.04
-97.07
-97.00
-97.00
-97.12
-97.08
-97.03
-97.15
-97.13
-97.10
-97.27
-97.24
-97.24
-97.36
-97.14
-97.12
-97.05
-97.00
-96.99
-97.20
-97.13
-97.04
-97.07
-97.12
-97.26
-97.10
-97.14
-97.09
-97.15
-97.25
-97.25
