Frequency: 1.000000
Sample Rate: 1000000.000000
Vector Length: 1
Notes: 
-379.30
-102.09
-99.40
-98.02
-97.08
-97.11
-97.23
-97.21
-97.04
-97.02
-97.09
-97.15
-97.08
-97.02
-96.95
-96.78
-96.72
-96.80
-96.74
-96.97
-97.02
-96.99
-97.11
-97.11
-97.05
-97.02
-96.89
-96.66
-96.70
-96.66
-96.95
-96.97
-97.05
-97.16
-97.10
-97.08
-97.19
-97.14
-97.09
-97.10
-97.08
-97.10
-97.03
-96.96
-96.95
-96.86
-96.96
-97.00
-97.16
-97.12
-97.22
-96.96
-96.95
-96.91
-96.57
-96.69
-96.42
-96.25
-96.48
-96.25
-96.05
-95.61
-86.78
-50.57
-48.97
-48.97
-48.97
-50.23
-92.68
-95.25
-95.86
-96.07
-96.33
-96.64
-96.66
-96.92
-97.09
-97.23
-97.37
-97.29
-97.20
-97.14
-97.00
-97.01
-96.99
-96.99
-97.07
-97.02
-97.17
-97.02
-96.90
-96.87
-96.84
-96.95
-97.09
-97.20
-97.10
-97.13
-97.11
-97.16
-97.34
-97.33
-97.19
-97.12
-97.10
-97.13
-97.24
-97.25
-97.27
-97.21
-97.16
-97.28
-97.23
-97.26
-97.24
-96.96
-96.92
-96.81
-97.01
-96.96
-97.06
-97.07
-96.98
-97.13
-97.08
-97.15
-97.26
-97.43
-97.33
-97.21
-97.21
-97.18
-97.16
-97.27
-97.17
-96.97
-96.91
-96.94
-97.04
-96.98
-96.92
-97.02
-96.97
-97.06
-97.25
-97.41
-97.35
-97.33
-97.30
-97.27
-97.22
-97.14
-97.20
-97.17
-97.20
-97.27
-97.28
-97.22
-97.27
-97.24
-97.28
-97.32
-97.15
-97.21
-97.07
-96.96
-96.96
-96.86
-90.09
-90.07
-90.11
-90.13
-92.11
-97.40
-97.39
-97.35
-97.04
-97.02
-97.03
-96.90
-97.10
-97.23
-97.31
-97.44
-97.35
-97.35
-97.35
-97.33
-97.18
-97.39
-97.35
-97.26
-97.30
-97.10
-96.95
-97.04
-97.10
-97.18
-97.21
-97.18
-97.27
-97.22
-97.05
-97.05
-96.92
-96.96
-96.82
-96.79
-96.89
-97.00
-97.27
-97.39
-97.34
-97.10
-97.08
-96.92
-96.88
-96.88
-96.79
-96.73
-96.78
-96.73
-96.85
-96.89
-97.01
-97.16
-97.12
-97.14
-97.01
-96.93
-96.83
-96.86
-97.11
-97.05
-97.20
-97.18
-97.03
-97.05
-96.95
-96.96
-96.93
-97.01
-96.87
-96.99
-96.97
-96.98
-97.09
-97.08
-97.25
-97.10
-97.11
-97.34
-97.16
-97.16
-97.24
-97.26
-97.18
-97.23
-97.17
-97.10
-96.94
-96.98
-96.77
-96.73
-96.82
-96.91
-96.95
-97.15
-97.37
-97.21
-97.30
-97.12
-96.81
-96.93
-96.91
-97.14
-97.09
-97.01
-96.83
-96.81
-96.84
-96.78
-96.94
-97.10
-97.03
-97.29
-97.31
-97.30
-97.18
-97.18
-97.40
-97.35
-97.35
-97.44
-97.15
-96.95
-96.79
-96.71
-96.74
-96.74
-96.99
-97.13
-96.99
-96.89
-96.92
-96.85
-96.92
-97.10
-97.14
-97.01
-97.02
-97.03
-96.94
-97.11
-97.19
-97.19
-97.37
-97.38
-97.44
-97.36
-97.34
-97.32
-97.21
-96.95
-96.87
-96.84
-96.70
-96.78
-96.87
-96.94
-97.00
-96.84
-96.84
-96.92
-97.04
-97.28
-97.24
-97.33
-97.31
-97.20
-97.11
-97.23
-97.15
-97.34
-97.42
-97.37
-97.23
-97.21
-97.12
-97.05
-97.12
-97.22
-97.15
-97.06
-97.01
-97.06
-97.16
-97.30
-97.38
-97.34
-97.40
-97.33
-97.32
-97.43
-97.50
-97.36
-97.41
-97.29
-97.22
-97.20
-97.07
-97.06
-97.01
-97.04
-97.14
-97.15
-97.19
-97.10
-96.84
-96.96
-96.90
-97.08
-97.30
-97.22
-97.18
-97.14
-97.20
-97.24
-97.22
-97.25
-97.27
-97.18
-97.06
-96.97
-96.88
-96.98
-97.15
-97.14
-97.12
-97.07
-96.93
-96.95
-97.00
-97.05
-97.13
-97.06
-97.14
-96.89
-96.97
-96.98
-97.04
-97.21
-97.18
-97.17
-97.13
-97.19
-97.39
-97.22
-97.26
-97.18
