Frequency: 1.000000
Sample Rate: 1000000.000000
Vector Length: 1
Notes: 
-379.30
-100.26
-97.45
-96.01
-94.92
-94.76
-94.91
-94.88
-94.77
-94.96
-94.75
-94.65
-94.71
-94.41
-94.56
-94.66
-94.54
-94.62
-94.60
-94.18
-94.30
-94.13
-94.42
-94.55
-94.50
-94.58
-94.57
-94.40
-94.42
-94.42
-94.36
-94.44
-94.47
-94.64
-94.73
-94.83
-94.87
-94.79
-94.71
-94.67
-94.78
-94.66
-94.57
-94.83
-94.93
-94.84
-95.09
-94.92
-94.53
-94.75
-94.66
-94.97
-95.24
-95.33
-95.09
-94.91
-94.76
-94.69
-94.51
-94.48
-94.43
-94.43
-94.65
-94.68
-94.74
-94.69
-94.64
-94.55
-94.48
-94.32
-94.35
-94.38
-94.63
-94.46
-94.12
-93.87
-93.76
-93.54
-94.03
-94.07
-93.94
-94.20
-94.09
-94.05
-94.22
-94.08
-94.04
-94.06
-94.22
-94.30
-94.60
-94.29
-94.39
-94.53
-94.33
-94.36
-94.08
-93.77
-93.66
-93.72
-93.83
-93.70
-93.74
-93.75
-93.57
-93.74
-94.03
-94.19
-94.34
-94.30
-93.98
-93.81
-93.63
-93.64
-93.72
-93.91
-94.05
-93.86
-93.95
-93.76
-93.82
-93.91
-93.91
-93.91
-93.86
-93.85
-93.66
-93.69
-91.51
-88.03
-87.92
-87.94
-88.05
-93.12
-94.39
-94.34
-94.62
-94.58
-94.55
-94.63
-94.48
-94.57
-94.38
-94.01
-93.86
-93.99
-94.20
-94.59
-94.97
-94.88
-94.63
-93.41
-93.18
-92.73
-92.28
-92.45
-91.13
-84.45
-46.93
-46.93
-46.93
-46.93
-60.61
-91.40
-92.74
-87.95
-87.15
-87.20
-87.23
-89.84
-93.94
-93.90
-93.89
-93.57
-93.65
-93.82
-93.93
-94.08
-94.16
-94.21
-94.26
-94.31
-94.43
-94.39
-94.00
-93.80
-93.77
-93.63
-93.75
-94.02
-93.76
-93.77
-93.83
-93.71
-93.87
-93.87
-93.73
-93.86
-93.82
-94.10
-94.23
-94.29
-94.21
-93.84
-93.72
-93.62
-93.63
-93.88
-94.03
-94.35
-94.58
-94.22
-94.05
-93.85
-93.51
-93.49
-93.73
-94.12
-94.49
-94.52
-94.76
-94.54
-94.58
-94.73
-94.59
-94.61
-94.47
-94.51
-94.68
-94.75
-94.90
-94.56
-94.36
-94.39
-94.28
-94.29
-94.60
-94.55
-94.49
-94.50
-94.56
-94.44
-94.28
-94.31
-94.10
-94.11
-94.29
-94.34
-94.32
-94.34
-94.38
-94.52
-94.61
-94.77
-94.82
-94.86
-94.63
-94.64
-94.70
-94.78
-94.97
-95.03
-95.02
-94.96
-94.79
-94.79
-94.87
-94.63
-94.62
-94.53
-94.19
-94.23
-94.36
-94.33
-94.45
-94.33
-94.23
-93.90
-93.83
-94.13
-93.96
-94.18
-94.06
-93.99
-93.73
-93.76
-93.65
-93.72
-93.91
-93.91
-94.45
-94.60
-94.64
-94.80
-94.71
-94.74
-94.72
-94.64
-94.78
-94.79
-94.59
-94.83
-94.75
-94.55
-94.52
-94.44
-94.29
-94.40
-94.37
-94.46
-94.50
-94.61
-94.57
-94.35
-94.31
-94.44
-94.63
-94.81
-94.99
-94.83
-94.81
-94.75
-94.59
-94.63
-94.46
-94.59
-94.88
-94.88
-94.88
-94.78
-94.62
-94.39
-94.46
-94.34
-94.44
-94.67
-94.58
-94.50
-94.50
-94.46
-94.40
-94.56
-94.39
-94.39
-94.23
-94.25
-94.30
-94.21
-94.29
-94.03
-94.03
-94.17
-94.53
-94.60
-94.65
-94.62
-94.37
-94.54
-94.53
-94.37
-94.42
-94.29
-94.18
-94.37
-94.43
-94.66
-94.66
-94.69
-94.74
-94.79
-94.78
-94.94
-94.75
-94.95
-95.06
-95.12
-95.04
-94.76
-94.73
-94.52
-94.62
-94.66
-94.73
-94.71
-94.71
-94.60
-94.54
-94.53
-94.49
-94.75
-94.73
-94.51
-94.35
-94.07
-93.93
-94.18
-94.21
-94.43
-94.45
-94.31
-94.26
-94.36
-94.30
-94.31
-94.38
-94.38
-94.27
-94.25
-94.49
-94.57
-95.01
-94.95
-94.99
-94.86
-94.62
-94.54
-94.40
-94.57
-94.76
-94.92
