Frequency: 1.000000
Sample Rate: 1000000.000000
Vector Length: 1
Notes: 
-379.30
-101.54
-98.72
-96.46
-95.01
-94.53
-94.15
-94.11
-94.04
-94.03
-94.00
-94.22
-94.08
-94.21
-94.51
-94.81
-95.25
-95.23
-95.09
-94.75
-94.45
-94.22
-94.37
-94.12
-94.08
-94.17
-94.03
-94.15
-94.24
-94.12
-94.06
-93.93
-93.89
-94.03
-94.16
-94.08
-94.21
-94.45
-94.30
-94.51
-94.56
-94.45
-94.50
-94.54
-94.51
-94.76
-94.62
-94.86
-95.24
-95.01
-95.10
-94.81
-94.52
-94.53
-94.77
-95.12
-95.33
-95.18
-95.10
-95.22
-95.04
-95.03
-94.90
-94.74
-94.95
-95.23
-95.22
-95.11
-94.77
-94.58
-94.37
-94.39
-94.62
-94.61
-94.85
-94.72
-94.64
-94.87
-94.92
-95.03
-94.95
-94.97
-95.09
-95.08
-95.26
-95.63
-95.77
-95.89
-95.80
-95.68
-95.61
-95.51
-95.34
-95.34
-95.04
-95.04
-95.07
-94.92
-94.99
-95.10
-95.37
-95.26
-95.08
-94.74
-94.49
-94.55
-94.49
-94.83
-94.89
-94.86
-95.21
-95.11
-95.27
-95.40
-95.23
-95.41
-95.24
-95.12
-95.26
-95.29
-95.16
-94.98
-95.00
-95.09
-95.12
-95.17
-95.26
-95.11
-95.25
-95.51
-95.28
-95.25
-95.23
-95.42
-95.45
-95.74
-95.83
-95.72
-95.76
-95.46
-95.45
-95.05
-94.78
-94.76
-94.53
-94.61
-94.94
-95.04
-94.79
-94.51
-94.28
-94.05
-94.20
-94.84
-95.04
-95.38
-95.35
-94.89
-94.64
-94.49
-94.57
-94.68
-95.19
-95.25
-94.92
-94.95
-94.87
-94.67
-94.83
-95.22
-95.16
-95.37
-95.19
-95.07
-94.91
-94.78
-94.74
-94.73
-94.87
-94.95
-95.28
-95.62
-95.70
-95.93
-95.71
-95.43
-95.27
-95.10
-95.15
-95.07
-95.17
-95.47
-95.33
-95.60
-95.69
-95.64
-95.74
-95.90
-95.88
-95.68
-95.78
-95.60
-95.66
-95.85
-95.94
-95.96
-95.95
-95.87
-95.78
-95.73
-95.88
-95.89
-95.80
-95.97
-95.72
-95.85
-95.95
-95.81
-96.06
-95.94
-95.98
-95.87
-96.09
-95.95
-95.79
-95.77
-95.55
-95.63
-95.69
-95.88
-95.77
-95.78
-95.87
-95.67
-95.94
-95.74
-95.77
-95.98
-95.95
-96.34
-96.31
-96.38
-96.43
-96.34
-96.28
-96.22
-96.14
-96.15
-96.03
-95.90
-95.70
-95.68
-95.44
-95.40
-95.31
-95.27
-95.34
-95.51
-95.52
-95.52
-95.65
-95.76
-95.57
-95.68
-95.41
-95.05
-94.96
-94.95
-95.11
-95.20
-95.43
-95.29
-95.30
-95.34
-95.10
-94.95
-95.01
-95.09
-95.22
-95.23
-95.44
-95.24
-95.14
-95.18
-95.06
-95.16
-95.24
-95.22
-95.24
-94.86
-95.06
-95.19
-95.36
-95.75
-95.88
-95.83
-95.82
-95.65
-95.68
-95.74
-95.58
-95.68
-95.62
-95.60
-95.48
-95.28
-95.21
-94.76
-94.53
-94.47
-94.35
-94.50
-94.76
-94.94
-94.90
-94.88
-94.64
-94.90
-95.04
-95.04
-95.31
-95.43
-95.23
-95.28
-95.43
-95.33
-95.50
-95.34
-95.15
-94.77
-94.43
-94.38
-94.37
-94.29
-94.27
-94.19
-94.37
-94.57
-95.04
-95.37
-95.44
-95.49
-95.56
-95.55
-95.78
-95.37
-95.19
-95.04
-94.93
-94.65
-94.66
-94.42
-94.28
-94.28
-94.14
-93.86
-93.96
-94.12
-94.23
-94.35
-94.75
-95.02
-95.38
-95.39
-95.47
-95.34
-95.20
-95.29
-95.17
-95.06
-95.30
-95.31
-95.55
-95.77
-95.55
-95.00
-94.69
-94.48
-94.47
-94.51
-94.46
-94.56
-94.61
-95.12
-95.49
-95.60
-95.80
-95.74
-95.68
-95.90
-96.05
-96.21
-96.11
-95.92
-95.80
-95.78
-95.95
-96.15
-96.30
-96.32
-96.31
-96.45
-96.39
-96.39
-96.42
-96.40
-96.46
-96.50
-96.57
-96.60
-96.51
-96.19
-95.84
-95.56
-95.58
-95.46
-95.55
-95.37
-95.51
-95.68
-95.83
