Frequency: 1.000000
Sample Rate: 1000000.000000
Vector Length: 1
Notes: 
-379.30
-102.13
-99.61
-97.97
-96.91
-96.92
-96.83
-96.45
-93.95
-71.42
-67.56
-67.56
-67.56
-68.10
-93.80
-96.40
-96.50
-96.55
-96.57
-96.56
-96.63
-96.83
-96.83
-96.97
-96.92
-96.99
-96.85
-96.80
-96.71
-96.77
-96.90
-96.89
-96.92
-97.02
-97.05
-96.93
-97.09
-96.98
-96.85
-96.78
-96.59
-96.58
-96.57
-96.75
-96.84
-96.96
-96.97
-96.95
-96.92
-96.92
-96.75
-96.90
-96.81
-96.97
-97.09
-97.17
-97.11
-97.06
-96.94
-96.75
-96.67
-96.74
-96.81
-96.89
-96.83
-96.89
-96.82
-96.68
-96.76
-96.86
-96.82
-96.85
-96.81
-96.75
-96.76
-96.81
-96.71
-96.90
-96.81
-96.87
-96.84
-96.93
-96.80
-96.89
-96.84
-96.79
-96.87
-96.75
-96.77
-96.79
-96.85
-96.97
-96.90
-96.90
-96.77
-96.62
-96.82
-96.90
-96.82
-97.08
-96.98
-96.81
-96.85
-96.91
-96.90
-96.98
-97.00
-97.00
-97.06
-97.17
-97.45
-97.50
-97.43
-97.32
-97.16
-96.95
-96.91
-96.97
-96.97
-97.04
-96.96
-96.93
-96.92
-96.91
-96.93
-96.89
-96.82
-96.77
-96.88
-96.86
-96.83
-96.87
-96.83
-96.84
-96.70
-96.55
-96.53
-96.42
-96.63
-96.69
-96.78
-96.91
-96.81
-96.91
-96.86
-96.78
-96.77
-96.80
-96.86
-96.76
-96.83
-96.97
-96.82
-96.90
-97.07
-96.80
-96.99
-97.04
-96.79
-97.06
-96.97
-97.11
-97.27
-97.05
-97.10
-97.02
-97.05
-97.15
-97.22
-97.16
-96.89
-96.71
-96.71
-96.58
-96.60
-96.67
-96.73
-96.87
-96.98
-96.99
-96.88
-96.78
-96.76
-96.75
-96.87
-96.85
-96.86
-96.82
-96.78
-96.85
-96.84
-96.83
-96.88
-96.86
-96.84
-96.79
-96.77
-96.83
-96.73
-96.83
-96.94
-96.91
-96.94
-96.85
-96.71
-96.67
-96.72
-96.93
-96.93
-96.95
-96.90
-96.67
-96.79
-96.89
-97.02
-97.24
-97.32
-97.07
-97.07
-97.05
-96.79
-96.75
-96.80
-96.72
-96.73
-96.90
-96.88
-96.95
-97.03
-97.11
-97.07
-97.03
-96.98
-96.89
-96.97
-97.07
-96.99
-97.18
-97.03
-96.94
-97.05
-96.90
-97.07
-97.12
-96.99
-97.07
-96.90
-96.85
-96.91
-96.85
-96.86
-96.97
-96.93
-97.06
-96.96
-96.79
-96.71
-96.84
-96.91
-96.99
-96.90
-96.82
-96.62
-96.52
-96.55
-96.66
-96.64
-96.70
-96.72
-96.66
-96.62
-96.52
-96.46
-96.51
-96.52
-96.68
-96.70
-96.66
-96.59
-96.60
-96.68
-96.97
-96.89
-96.75
-96.58
-93.18
-68.80
-68.79
-68.79
-68.79
-90.65
-96.23
-97.08
-96.91
-97.04
-97.08
-96.92
-96.78
-96.85
-96.87
-96.96
-97.00
-96.95
-96.80
-96.72
-96.60
-96.55
-96.53
-96.73
-96.76
-96.84
-96.80
-96.78
-96.81
-96.83
-96.82
-96.94
-97.01
-96.86
-96.81
-95.70
-95.33
-95.42
-95.49
-96.51
-96.77
-96.74
-96.69
-96.80
-96.98
-97.05
-96.96
-96.87
-96.90
-96.95
-97.10
-97.05
-96.80
-96.74
-96.53
-96.58
-96.74
-96.42
-92.67
-72.64
-61.56
-61.55
-61.55
-61.56
-88.44
-94.21
-96.58
-96.84
-96.87
-96.97
-96.81
-96.74
-96.85
-96.74
-96.82
-96.68
-96.65
-96.62
-96.53
-96.66
-96.58
-96.71
-96.92
-96.91
-97.08
-97.04
-97.03
-96.96
-96.97
-97.10
-96.97
-97.10
-97.11
-96.98
-97.01
-96.86
-97.04
-97.04
-97.01
-97.15
-97.10
-96.91
-96.92
-96.82
-96.71
-96.94
-97.00
-96.95
-96.95
-96.87
-96.86
-96.94
-97.00
-97.02
-97.12
-97.03
-96.98
-96.98
-96.82
-96.85
-96.90
-96.77
-96.80
-96.83
-96.94
-96.87
-96.83
-96.77
-96.62
-96.63
-96.77
-96.76
-96.82
-96.85
-96.98
