Frequency: 1.000000
Sample Rate: 1000000.000000
Vector Length: 1
Notes: 
-379.30
-102.61
-99.74
-97.81
-96.78
-96.58
-96.54
-96.83
-96.66
-96.64
-96.52
-96.46
-96.45
-96.39
-96.53
-96.55
-96.57
-96.75
-96.59
-96.68
-96.62
-96.55
-96.70
-96.76
-96.77
-96.92
-96.97
-96.75
-96.72
-96.71
-96.65
-96.65
-96.72
-96.72
-96.78
-96.83
-96.79
-96.83
-96.80
-96.85
-96.89
-96.68
-96.70
-96.67
-96.83
-96.78
-96.73
-96.61
-96.51
-96.41
-96.43
-96.64
-96.56
-96.69
-96.72
-96.74
-96.70
-96.59
-96.56
-96.67
-96.65
-96.75
-96.64
-96.58
-96.64
-96.74
-96.94
-96.94
-96.88
-96.75
-96.59
-96.72
-96.77
-96.76
-96.90
-96.72
-96.73
-96.84
-96.91
-97.00
-96.86
-96.76
-96.70
-96.76
-96.66
-96.53
-96.54
-96.47
-96.64
-97.00
-96.99
-96.88
-96.75
-96.53
-96.65
-96.81
-96.93
-96.90
-96.88
-96.62
-96.39
-96.53
-96.41
-96.39
-96.60
-96.56
-96.74
-96.79
-94.41
-89.47
-89.02
-89.04
-89.11
-93.95
-96.70
-96.68
-96.79
-96.67
-96.77
-96.65
-95.72
-95.47
-95.45
-95.39
-95.58
-96.23
-94.44
-93.84
-93.48
-93.00
-91.83
-85.07
-46.83
-46.66
-46.66
-46.66
-53.69
-91.63
-87.10
-87.26
-87.34
-87.37
-93.66
-96.56
-96.25
-96.35
-96.34
-96.18
-96.61
-96.71
-96.56
-96.68
-96.81
-96.69
-96.82
-96.75
-96.58
-96.55
-96.63
-96.59
-96.69
-96.71
-96.84
-96.70
-96.67
-96.77
-96.59
-96.66
-96.47
-96.34
-96.52
-96.38
-96.50
-96.45
-96.36
-96.40
-96.39
-96.46
-96.43
-96.35
-96.42
-96.39
-96.55
-96.58
-96.61
-96.71
-96.77
-96.71
-96.65
-96.71
-96.80
-96.98
-96.98
-96.90
-96.70
-96.46
-96.47
-96.49
-96.74
-96.88
-97.01
-96.96
-96.97
-96.73
-96.71
-96.66
-96.51
-96.53
-96.40
-96.47
-96.37
-96.26
-96.39
-96.33
-96.62
-96.74
-96.91
-96.85
-96.71
-96.72
-96.62
-96.59
-96.75
-96.60
-96.79
-96.77
-96.79
-97.02
-96.84
-96.90
-96.82
-96.76
-96.71
-96.77
-96.74
-96.86
-96.72
-96.77
-96.60
-96.56
-96.69
-96.56
-96.70
-96.61
-96.48
-96.58
-96.68
-96.64
-96.61
-96.68
-96.63
-96.66
-96.77
-96.65
-96.65
-96.60
-96.57
-96.70
-96.53
-96.57
-96.72
-96.73
-96.80
-96.85
-96.75
-96.67
-96.83
-96.88
-96.91
-97.04
-96.84
-96.92
-96.84
-96.80
-96.90
-96.90
-96.68
-96.62
-96.59
-96.44
-96.52
-96.52
-96.55
-96.65
-96.78
-96.64
-96.79
-96.81
-96.86
-97.00
-96.81
-96.65
-96.55
-96.53
-96.61
-96.68
-96.70
-96.85
-96.83
-96.83
-96.67
-96.48
-96.46
-96.57
-96.67
-96.87
-96.86
-96.92
-96.88
-96.87
-96.93
-96.92
-96.92
-96.93
-96.71
-96.63
-96.57
-96.59
-96.67
-96.72
-96.76
-96.75
-96.86
-96.84
-96.96
-96.77
-96.72
-96.49
-96.60
-96.64
-96.59
-96.66
-96.58
-96.73
-96.80
-96.87
-97.01
-96.74
-96.80
-96.81
-96.69
-96.66
-96.70
-96.52
-96.42
-96.50
-96.46
-96.60
-96.69
-96.61
-96.50
-96.52
-96.49
-96.49
-96.70
-96.78
-96.87
-96.95
-96.83
-96.83
-96.74
-96.67
-96.56
-96.57
-96.53
-96.57
-96.68
-96.71
-96.57
-96.49
-96.57
-96.50
-96.55
-96.54
-96.44
-96.55
-96.48
-96.55
-96.46
-96.53
-96.63
-96.52
-96.63
-96.59
-96.58
-96.68
-96.68
-96.84
-96.76
-96.68
-96.78
-96.78
-96.82
-96.79
-96.90
-97.05
-97.21
-97.16
-97.07
-96.85
-96.78
-96.68
-96.75
-96.61
-96.49
-96.41
-96.35
-96.51
-96.33
-96.49
-96.60
-96.55
-96.66
-96.75
-96.61
-96.66
-96.58
-96.64
-96.67
-96.60
-96.50
