Frequency: 1.000000
Sample Rate: 1000000.000000
Vector Length: 1
Notes: 
-379.30
-101.28
-98.90
-97.33
-96.27
-96.25
-96.11
-96.11
-96.32
-96.37
-96.43
-96.42
-96.23
-96.30
-96.31
-96.34
-96.34
-96.26
-96.31
-96.20
-96.15
-96.01
-95.81
-96.01
-95.97
-96.31
-96.40
-96.30
-96.22
-95.92
-96.02
-96.01
-96.18
-96.39
-96.30
-96.31
-96.19
-96.23
-96.32
-96.18
-96.50
-96.55
-96.51
-96.58
-96.41
-96.23
-96.21
-96.12
-96.24
-96.34
-96.48
-96.50
-96.38
-96.24
-96.19
-96.13
-96.10
-96.28
-96.04
-96.02
-96.27
-96.31
-96.31
-96.28
-96.11
-96.02
-96.27
-96.26
-96.41
-96.35
-96.17
-96.26
-96.24
-96.34
-96.36
-96.48
-96.37
-96.38
-96.26
-96.40
-96.47
-96.51
-96.35
-96.32
-96.10
-96.08
-96.16
-96.21
-96.29
-96.30
-96.29
-96.46
-96.58
-96.58
-96.30
-96.14
-95.92
-95.81
-95.83
-95.92
-96.12
-96.22
-96.46
-96.41
-96.40
-96.29
-96.32
-96.44
-96.40
-96.33
-96.44
-96.29
-96.21
-96.30
-96.23
-96.19
-96.36
-96.26
-96.12
-96.18
-96.37
-96.38
-96.53
-96.61
-96.39
-96.48
-96.37
-96.39
-96.39
-96.42
-96.46
-96.42
-96.51
-96.52
-96.39
-96.35
-96.22
-96.34
-96.13
-96.09
-96.35
-96.34
-96.46
-96.61
-96.38
-96.43
-96.42
-96.38
-96.44
-96.47
-96.37
-96.44
-96.31
-96.22
-96.30
-96.10
-96.10
-96.15
-96.14
-96.25
-96.15
-96.31
-96.28
-96.31
-96.48
-96.40
-96.26
-96.15
-96.13
-96.13
-96.23
-96.22
-96.34
-96.26
-96.28
-96.38
-96.28
-96.02
-96.09
-96.09
-96.26
-96.31
-96.42
-96.44
-96.33
-96.27
-96.31
-96.19
-96.13
-96.13
-96.19
-96.14
-96.27
-96.32
-96.27
-96.35
-96.34
-96.23
-96.20
-96.15
-96.18
-96.10
-96.19
-96.09
-96.13
-96.17
-96.20
-96.29
-96.17
-96.22
-96.22
-96.00
-96.01
-95.97
-96.00
-96.21
-96.17
-96.17
-96.06
-96.01
-96.14
-96.21
-96.32
-96.30
-96.20
-96.25
-96.24
-96.25
-96.22
-96.10
-95.99
-96.00
-96.02
-96.11
-96.09
-96.28
-96.33
-96.24
-96.14
-96.09
-96.12
-96.24
-96.49
-96.56
-96.53
-96.45
-96.39
-96.39
-96.49
-96.37
-96.40
-96.25
-96.47
-96.40
-96.41
-96.41
-96.15
-96.16
-96.24
-96.33
-96.39
-96.36
-96.40
-96.20
-96.29
-96.26
-96.38
-96.24
-96.30
-96.31
-96.23
-96.39
-96.17
-96.13
-96.11
-96.38
-96.47
-96.86
-96.73
-96.63
-96.52
-96.27
-96.23
-96.23
-96.16
-96.15
-95.97
-95.90
-95.86
-95.90
-95.91
-96.08
-96.20
-96.26
-96.44
-96.41
-96.48
-96.37
-96.34
-96.25
-96.38
-96.27
-96.28
-96.26
-96.21
-96.20
-96.17
-96.17
-96.16
-96.24
-96.13
-96.10
-96.28
-96.23
-96.26
-96.49
-96.36
-96.28
-96.43
-96.30
-96.19
-96.27
-96.05
-96.20
-96.17
-96.20
-96.46
-96.36
-96.27
-96.21
-96.09
-96.03
-96.29
-96.22
-96.37
-96.47
-96.24
-96.14
-96.30
-96.28
-96.44
-96.59
-96.40
-96.37
-96.05
-96.11
-96.18
-96.17
-96.38
-96.32
-96.44
-96.53
-96.53
-96.47
-96.50
-96.28
-96.23
-96.21
-96.24
-96.31
-96.44
-96.51
-96.36
-96.44
-96.23
-96.30
-96.27
-96.13
-96.33
-96.02
-95.94
-96.23
-96.04
-96.07
-96.09
-96.06
-96.16
-96.21
-96.20
-96.29
-96.24
-96.34
-96.33
-96.18
-95.99
-95.82
-95.91
-96.03
-96.35
-96.50
-96.60
-96.71
-96.60
-96.28
-96.18
-96.20
-96.03
-96.18
-96.43
-96.40
-96.54
-96.62
-96.49
-96.58
-96.72
-96.63
-96.57
-96.49
-96.36
-96.29
-96.35
-96.32
-96.59
-96.40
-96.41
-96.41
-96.18
-96.33
-96.41
-96.32
