Frequency: 1.000000
Sample Rate: 1000000.000000
Vector Length: 1
Notes: 
-379.30
-103.15
-99.59
-97.57
-96.36
-96.07
-96.18
-96.38
-96.42
-96.37
-96.33
-96.27
-96.24
-96.29
-96.32
-96.33
-96.37
-96.26
-96.29
-96.08
-96.12
-95.91
-95.96
-96.15
-96.15
-96.20
-96.19
-96.03
-96.18
-96.13
-96.22
-96.12
-96.12
-96.29
-96.32
-96.43
-96.47
-96.49
-96.42
-96.45
-96.42
-96.43
-96.40
-96.10
-96.06
-95.87
-95.94
-96.06
-96.14
-96.35
-96.36
-96.21
-96.15
-96.02
-95.91
-95.94
-95.99
-96.11
-96.23
-96.15
-96.18
-96.10
-96.05
-95.99
-96.08
-96.11
-96.12
-96.15
-96.12
-96.07
-96.11
-96.16
-96.21
-96.25
-96.53
-96.51
-96.53
-96.44
-96.34
-96.19
-96.24
-96.21
-96.26
-96.37
-96.51
-96.49
-96.28
-96.16
-95.94
-95.80
-95.91
-96.15
-96.36
-96.54
-96.48
-96.31
-96.04
-95.93
-95.90
-96.00
-96.09
-96.11
-96.28
-96.19
-96.13
-96.26
-96.56
-96.66
-96.80
-96.60
-96.42
-96.42
-96.33
-96.60
-96.71
-96.42
-96.59
-96.47
-96.41
-96.64
-96.55
-96.48
-96.52
-96.38
-96.48
-96.43
-96.35
-96.43
-96.13
-96.13
-96.13
-96.13
-96.23
-96.25
-96.03
-95.85
-95.87
-95.75
-96.00
-96.23
-96.21
-96.16
-96.39
-96.22
-96.13
-96.20
-96.09
-96.03
-96.09
-95.93
-95.89
-94.93
-90.08
-64.28
-63.32
-63.31
-63.32
-66.06
-91.56
-95.39
-96.15
-96.21
-96.46
-96.32
-96.40
-96.32
-96.11
-96.05
-95.99
-96.05
-96.22
-96.25
-96.35
-96.08
-96.09
-96.00
-95.94
-95.96
-95.99
-96.26
-96.14
-96.17
-96.31
-96.33
-96.50
-96.54
-96.50
-96.34
-96.28
-96.29
-96.40
-96.49
-96.44
-96.46
-96.38
-96.26
-96.24
-96.23
-96.24
-96.08
-96.13
-96.34
-96.37
-96.42
-96.42
-96.37
-96.27
-96.23
-96.25
-96.19
-96.24
-96.16
-96.12
-96.14
-96.27
-96.33
-96.33
-96.48
-96.46
-96.48
-96.62
-96.69
-96.66
-96.75
-96.54
-96.47
-96.54
-96.38
-96.38
-96.34
-96.24
-96.22
-96.24
-96.47
-96.48
-96.31
-96.46
-96.42
-96.30
-96.49
-96.31
-96.14
-96.23
-96.16
-96.38
-96.59
-96.53
-96.37
-96.48
-96.45
-96.48
-96.48
-96.48
-96.47
-96.37
-96.36
-96.25
-96.15
-96.23
-96.18
-96.15
-96.25
-96.10
-96.05
-95.98
-96.03
-96.14
-96.28
-96.35
-96.31
-94.13
-89.37
-89.36
-89.35
-89.32
-96.05
-96.06
-96.16
-96.40
-96.29
-96.24
-96.16
-95.99
-95.93
-96.04
-96.10
-96.26
-96.32
-96.32
-96.29
-96.35
-96.26
-96.27
-96.24
-96.00
-96.08
-96.27
-96.17
-96.36
-96.42
-96.29
-96.44
-96.52
-96.52
-96.51
-96.45
-96.57
-96.53
-96.39
-96.46
-96.38
-96.31
-96.30
-96.42
-96.24
-96.24
-96.25
-96.27
-96.29
-96.20
-96.29
-96.41
-96.56
-96.71
-96.75
-96.67
-96.57
-96.47
-96.43
-96.39
-96.32
-96.49
-96.42
-96.45
-96.50
-96.40
-96.40
-96.49
-96.29
-96.34
-96.45
-96.35
-96.49
-96.51
-96.44
-96.38
-96.29
-96.11
-96.10
-96.14
-96.31
-96.43
-96.54
-96.49
-96.44
-96.33
-96.17
-96.19
-96.07
-96.10
-96.23
-96.23
-96.26
-96.44
-96.38
-96.52
-96.51
-96.60
-96.49
-96.53
-96.39
-96.35
-96.32
-96.33
-96.32
-96.42
-96.40
-96.29
-96.37
-96.25
-96.36
-96.36
-96.21
-96.19
-96.09
-96.02
-96.16
-96.49
-96.52
-96.58
-96.58
-96.59
-96.64
-96.74
-96.70
-96.61
-96.47
-96.38
-96.22
-96.01
-96.05
-96.28
-96.48
-96.68
-96.76
-96.65
-96.47
-96.43
-96.48
-96.33
-96.27
-96.27
-96.23
-96.33
-96.29
-96.37
-96.27
-96.21
-96.30
-96.13
-96.21
