Frequency: 1.000000
Sample Rate: 1000000.000000
Vector Length: 1
Notes: 
-379.30
-102.38
-99.47
-97.66
-96.43
-96.26
-96.18
-96.07
-96.03
-96.02
-96.11
-96.05
-96.15
-96.21
-96.17
-96.04
-95.98
-95.96
-95.78
-95.97
-96.05
-96.08
-96.21
-96.17
-96.23
-96.17
-95.86
-95.82
-95.84
-95.94
-96.16
-96.33
-96.27
-96.22
-96.21
-96.22
-96.22
-96.15
-96.22
-96.05
-96.00
-96.15
-95.95
-96.13
-96.18
-96.17
-96.15
-96.16
-96.13
-95.86
-95.97
-95.81
-95.95
-96.12
-96.09
-96.17
-96.32
-96.28
-96.21
-96.14
-95.85
-95.80
-95.87
-95.97
-96.11
-96.06
-96.01
-95.94
-96.05
-96.04
-95.91
-95.99
-96.00
-95.90
-96.02
-96.18
-96.10
-95.95
-96.12
-96.00
-96.09
-96.26
-96.30
-96.22
-96.01
-95.87
-95.87
-95.90
-95.99
-96.03
-95.93
-95.93
-95.93
-95.82
-95.87
-95.83
-95.86
-96.02
-96.18
-96.33
-96.32
-96.25
-96.24
-96.08
-96.01
-95.83
-95.67
-95.70
-95.86
-95.94
-96.19
-96.03
-96.06
-96.14
-95.96
-95.86
-95.84
-95.89
-95.89
-96.16
-96.29
-96.58
-96.52
-96.37
-96.32
-96.00
-96.12
-96.15
-96.08
-96.12
-96.22
-96.18
-96.09
-96.07
-95.97
-95.96
-95.96
-96.15
-96.23
-96.25
-96.38
-96.36
-96.24
-96.16
-96.01
-95.93
-95.81
-95.82
-95.81
-95.96
-96.23
-96.17
-96.10
-96.10
-95.83
-90.48
-67.08
-67.08
-67.08
-67.09
-91.19
-95.77
-95.97
-96.03
-96.07
-96.26
-96.32
-96.22
-96.08
-95.89
-95.85
-95.99
-96.11
-96.21
-96.25
-96.31
-96.31
-96.11
-96.26
-95.91
-96.09
-96.14
-96.03
-96.28
-96.27
-96.18
-96.29
-96.02
-95.95
-96.22
-96.07
-96.24
-96.37
-96.20
-96.35
-96.17
-95.98
-95.92
-95.77
-95.83
-96.04
-96.12
-96.14
-96.01
-95.89
-95.85
-96.12
-96.24
-96.30
-96.20
-95.75
-95.75
-95.86
-95.90
-96.18
-96.19
-96.02
-96.02
-95.92
-95.97
-96.04
-96.00
-96.05
-96.06
-95.97
-95.97
-96.00
-96.06
-96.18
-96.06
-96.04
-96.15
-96.17
-96.29
-96.43
-96.41
-96.38
-96.34
-96.31
-96.13
-96.07
-95.96
-96.16
-96.22
-96.21
-96.18
-95.97
-95.84
-95.80
-95.77
-95.81
-96.03
-96.18
-96.32
-96.29
-96.20
-96.17
-96.03
-96.24
-96.12
-96.06
-96.03
-95.74
-95.83
-95.90
-95.96
-96.27
-96.26
-96.25
-96.21
-96.21
-96.25
-96.16
-96.03
-95.98
-95.94
-96.08
-96.26
-96.28
-96.25
-96.28
-96.20
-95.97
-96.01
-95.84
-95.80
-95.94
-95.98
-96.07
-96.09
-96.02
-96.06
-96.10
-96.00
-96.00
-95.93
-95.93
-96.12
-96.22
-96.24
-96.17
-96.13
-95.92
-96.05
-95.92
-95.89
-95.86
-95.69
-95.81
-95.91
-96.04
-96.21
-96.10
-96.09
-96.04
-95.89
-95.99
-96.08
-96.21
-96.35
-96.47
-96.49
-96.26
-96.37
-96.25
-96.15
-96.32
-96.13
-95.91
-95.89
-95.70
-95.84
-95.99
-96.02
-96.06
-96.02
-96.04
-96.15
-96.25
-96.21
-96.11
-96.14
-96.05
-96.06
-96.12
-95.98
-96.16
-96.38
-96.32
-96.15
-96.07
-95.81
-96.00
-96.02
-96.17
-96.38
-96.24
-96.20
-96.20
-96.02
-96.01
-96.16
-96.05
-95.94
-96.19
-96.15
-96.33
-96.36
-96.27
-96.34
-96.26
-96.35
-96.32
-96.33
-96.30
-96.17
-96.24
-96.22
-96.13
-96.11
-95.94
-96.00
-95.87
-95.86
-95.84
-95.80
-95.91
-96.06
-96.09
-96.09
-96.19
-96.08
-96.07
-96.02
-96.00
-95.99
-96.21
-96.31
-96.26
-96.18
-96.01
-95.90
-95.90
-95.83
-95.81
-95.90
-96.07
-96.09
-96.10
-96.08
-96.04
-96.00
-96.19
-96.14
-96.19
-96.07
-96.08
-96.04
-95.91
-96.11
-95.90
