Frequency: 1.000000
Sample Rate: 1000000.000000
Vector Length: 1
Notes: 
-379.30
-100.93
-98.58
-96.99
-96.02
-95.99
-95.95
-96.02
-95.93
-95.83
-96.12
-96.19
-96.24
-96.10
-96.02
-95.82
-95.63
-95.69
-95.65
-95.83
-96.01
-96.24
-96.23
-96.42
-96.28
-96.22
-96.22
-96.04
-96.04
-96.06
-95.89
-96.04
-95.98
-96.08
-96.07
-96.24
-96.12
-96.27
-96.28
-96.14
-96.19
-96.07
-96.05
-96.13
-96.22
-96.23
-96.20
-96.27
-96.16
-95.91
-95.90
-95.80
-95.74
-95.90
-95.92
-95.92
-95.99
-96.02
-96.15
-96.16
-96.10
-96.18
-96.14
-96.15
-96.15
-96.07
-96.09
-96.05
-96.10
-96.17
-96.15
-96.21
-96.25
-96.30
-96.02
-96.11
-95.97
-96.10
-96.03
-96.10
-96.12
-96.22
-96.23
-96.22
-96.06
-96.00
-95.98
-96.01
-96.02
-95.92
-96.04
-96.09
-96.06
-96.26
-96.17
-96.10
-95.90
-95.97
-95.97
-96.12
-96.16
-96.03
-96.12
-96.17
-96.13
-96.07
-96.12
-96.18
-96.36
-96.37
-96.48
-96.12
-95.94
-95.77
-95.81
-95.74
-95.83
-95.87
-95.91
-95.97
-95.99
-96.06
-96.11
-96.16
-96.19
-96.02
-96.12
-96.25
-96.17
-96.19
-95.85
-95.73
-95.70
-95.81
-96.05
-96.29
-96.54
-96.48
-96.43
-96.17
-96.12
-96.15
-95.94
-96.14
-96.21
-96.12
-96.18
-96.09
-96.10
-96.34
-96.33
-96.32
-96.25
-96.08
-95.93
-96.24
-96.30
-96.19
-96.19
-96.16
-96.09
-96.06
-96.14
-96.06
-96.06
-96.06
-96.13
-96.16
-96.13
-96.08
-96.10
-95.96
-96.10
-96.27
-96.44
-96.38
-96.17
-96.17
-96.00
-95.93
-96.14
-96.04
-96.30
-96.51
-96.61
-96.69
-96.66
-96.37
-96.22
-96.09
-96.02
-95.98
-96.07
-96.23
-96.17
-96.12
-95.95
-95.99
-96.05
-96.00
-96.16
-96.19
-96.17
-96.33
-96.42
-96.42
-96.41
-96.50
-96.47
-96.60
-96.52
-96.51
-96.36
-96.21
-96.27
-96.32
-96.12
-96.12
-95.89
-95.83
-95.89
-95.71
-95.91
-95.76
-95.92
-96.02
-95.98
-96.13
-96.19
-96.17
-96.31
-96.21
-96.27
-96.32
-96.40
-96.44
-96.35
-96.31
-96.17
-96.25
-96.24
-96.33
-96.42
-96.43
-96.43
-96.38
-96.32
-96.40
-96.39
-96.40
-96.33
-96.14
-96.02
-95.94
-95.98
-96.07
-96.14
-96.20
-96.06
-96.13
-96.00
-95.87
-95.65
-95.64
-95.46
-95.71
-95.92
-95.97
-96.01
-96.04
-96.06
-96.21
-96.35
-96.30
-96.52
-96.32
-96.13
-96.23
-96.03
-96.02
-96.08
-96.15
-96.24
-96.27
-96.00
-95.89
-96.03
-96.01
-96.23
-96.29
-96.27
-96.17
-96.28
-96.23
-96.16
-96.14
-95.90
-95.83
-96.06
-96.09
-96.20
-96.25
-96.09
-96.13
-96.09
-95.87
-96.00
-96.05
-96.00
-96.16
-96.04
-95.97
-96.02
-96.05
-96.25
-96.26
-96.31
-96.45
-96.34
-96.32
-96.35
-96.33
-96.25
-96.37
-96.31
-96.27
-96.10
-96.08
-96.14
-96.15
-96.36
-96.28
-96.24
-96.20
-96.10
-96.14
-96.29
-96.22
-96.24
-96.04
-96.00
-95.98
-95.99
-95.91
-95.99
-96.16
-96.15
-96.01
-96.05
-96.24
-96.24
-96.40
-96.38
-96.31
-96.32
-96.23
-96.19
-95.99
-95.90
-96.05
-96.04
-96.06
-96.27
-96.12
-96.08
-96.08
-95.99
-96.10
-96.09
-96.19
-96.33
-96.25
-96.31
-96.37
-96.47
-96.38
-96.48
-96.43
-96.30
-96.41
-96.34
-96.15
-96.18
-96.09
-96.16
-96.20
-96.31
-96.36
-96.26
-96.15
-96.10
-96.09
-95.98
-96.12
-96.03
-96.09
-96.18
-96.33
-96.18
-96.14
-96.22
-96.07
-96.05
-96.17
-95.98
-96.09
-96.10
-96.07
-96.23
-96.10
-96.30
-96.35
-96.41
-96.42
-96.40
-96.18
-96.12
-96.11
-96.12
-96.08
-96.09
