Frequency: 1.000000
Sample Rate: 1000000.000000
Vector Length: 1
Notes: 
-379.30
-101.24
-98.90
-97.23
-96.05
-95.85
-95.68
-95.72
-95.75
-95.76
-95.97
-96.02
-96.00
-95.91
-95.78
-95.69
-95.68
-95.80
-95.79
-95.94
-95.98
-95.90
-95.86
-96.06
-95.91
-96.08
-95.94
-95.80
-95.77
-95.66
-95.77
-95.87
-95.80
-95.73
-95.68
-95.74
-95.76
-95.66
-95.67
-95.60
-95.51
-95.60
-95.75
-95.76
-95.65
-95.79
-95.83
-95.78
-96.10
-96.03
-96.03
-95.99
-95.74
-95.64
-95.79
-95.85
-95.92
-95.90
-95.66
-95.67
-95.63
-95.68
-95.79
-95.70
-95.79
-95.67
-95.74
-95.64
-95.77
-95.77
-95.65
-95.76
-95.47
-95.39
-95.50
-95.62
-95.91
-96.01
-96.03
-96.09
-95.94
-95.78
-95.88
-95.75
-95.71
-95.83
-95.83
-95.90
-95.89
-95.90
-95.90
-95.92
-95.93
-95.90
-95.98
-96.04
-95.98
-96.08
-96.01
-96.06
-96.00
-95.93
-95.87
-95.91
-95.82
-95.87
-95.82
-95.68
-95.74
-95.94
-95.93
-95.81
-95.78
-95.59
-95.42
-95.68
-95.73
-95.83
-95.95
-95.96
-95.90
-95.74
-95.83
-95.78
-95.79
-95.75
-95.75
-95.72
-95.72
-95.81
-95.95
-96.08
-96.06
-96.03
-95.90
-95.66
-95.48
-95.55
-95.59
-95.78
-96.03
-95.92
-95.99
-96.00
-95.85
-95.80
-95.83
-95.91
-95.93
-96.02
-96.01
-95.95
-95.92
-95.85
-95.81
-95.84
-95.89
-96.02
-95.95
-96.03
-95.97
-95.91
-95.71
-95.75
-95.70
-95.66
-95.77
-95.78
-95.74
-95.83
-95.82
-95.61
-95.70
-95.65
-95.71
-95.62
-95.63
-95.64
-95.76
-95.85
-96.01
-95.89
-95.80
-95.73
-95.80
-95.87
-95.90
-95.96
-95.88
-95.89
-95.77
-95.85
-95.78
-95.84
-95.77
-95.69
-95.78
-95.84
-95.92
-95.97
-95.97
-95.86
-95.75
-95.79
-95.82
-95.78
-95.83
-95.77
-95.79
-95.75
-95.76
-95.66
-95.64
-95.66
-95.62
-95.62
-95.62
-95.55
-95.60
-95.82
-95.80
-95.89
-95.90
-95.85
-95.83
-95.73
-95.59
-95.56
-95.51
-95.41
-95.49
-95.60
-95.59
-95.79
-95.75
-95.79
-95.85
-95.72
-95.73
-95.52
-95.67
-95.76
-95.79
-95.86
-95.77
-95.77
-95.73
-95.62
-95.79
-95.82
-95.92
-95.99
-95.95
-95.95
-96.06
-95.96
-95.98
-95.95
-95.79
-95.65
-95.67
-95.57
-95.60
-95.63
-95.68
-95.76
-95.96
-96.10
-96.05
-96.00
-95.83
-95.80
-95.83
-95.95
-95.92
-96.06
-96.10
-95.91
-95.92
-95.99
-95.89
-95.95
-95.92
-95.81
-95.86
-95.62
-95.72
-95.94
-96.05
-96.17
-96.09
-95.86
-95.68
-95.73
-95.89
-95.90
-95.80
-95.74
-95.58
-95.64
-95.49
-95.57
-95.69
-95.74
-95.94
-95.95
-95.83
-95.73
-95.70
-95.69
-95.78
-95.81
-95.74
-95.51
-95.51
-95.44
-95.37
-95.52
-95.37
-95.31
-95.34
-95.36
-95.53
-95.63
-95.59
-95.75
-95.49
-95.60
-95.81
-95.73
-95.99
-95.95
-95.94
-95.94
-95.97
-95.89
-95.91
-95.83
-95.77
-95.71
-95.78
-95.98
-95.91
-95.99
-95.96
-95.91
-95.89
-95.97
-96.00
-96.07
-96.25
-96.13
-96.09
-95.94
-95.90
-96.02
-95.93
-95.94
-96.03
-95.96
-96.00
-96.11
-95.97
-95.88
-95.84
-95.75
-95.92
-95.94
-95.85
-96.01
-95.79
-95.63
-95.63
-95.45
-95.56
-95.50
-95.46
-95.59
-95.68
-95.71
-95.88
-95.96
-95.91
-96.04
-95.89
-95.83
-95.83
-95.73
-95.75
-95.63
-95.63
-95.67
-95.81
-95.63
-95.60
-95.64
-95.47
-95.50
-95.67
-95.66
-95.63
-95.60
-95.58
-95.61
-95.73
-95.98
-95.95
-96.03
-95.96
-95.86
-95.84
-95.73
-95.77
-95.75
-95.74
-95.70
-95.69
-95.76
-95.65
-95.98
-96.01
