Frequency: 1.000000
Sample Rate: 1000000.000000
Vector Length: 1
Notes: 
-379.30
-100.33
-98.16
-96.54
-95.59
-95.64
-95.50
-95.42
-95.46
-95.32
-95.45
-95.52
-95.33
-95.31
-95.36
-95.37
-95.30
-95.47
-95.39
-95.38
-95.42
-95.49
-95.50
-95.49
-95.60
-95.67
-95.70
-95.60
-95.57
-95.40
-95.36
-95.48
-95.55
-95.60
-95.47
-95.36
-95.22
-95.22
-95.30
-95.42
-95.39
-95.50
-95.40
-95.43
-95.38
-95.60
-95.74
-95.65
-95.63
-95.49
-95.39
-95.48
-95.52
-95.54
-95.67
-95.69
-95.86
-95.84
-95.80
-95.64
-95.65
-95.43
-95.61
-95.59
-95.50
-95.54
-95.46
-95.45
-95.37
-95.53
-95.46
-95.46
-95.57
-95.68
-95.59
-95.54
-95.33
-95.35
-95.32
-95.49
-95.49
-95.64
-95.50
-95.31
-95.24
-95.23
-95.39
-95.30
-95.37
-95.43
-95.47
-95.63
-95.72
-95.55
-95.55
-95.52
-95.60
-95.71
-95.72
-95.74
-95.62
-95.63
-95.52
-95.41
-95.63
-95.58
-95.48
-95.59
-95.50
-95.63
-95.80
-95.76
-95.59
-95.58
-95.55
-95.72
-95.62
-95.47
-95.50
-95.48
-95.58
-95.76
-95.62
-95.66
-95.52
-95.53
-95.38
-95.27
-95.39
-95.40
-95.69
-95.79
-95.89
-95.77
-95.78
-95.69
-95.63
-95.61
-95.61
-95.63
-95.49
-95.54
-95.46
-95.27
-95.56
-95.60
-95.77
-95.94
-95.81
-95.88
-95.73
-95.58
-95.48
-95.47
-95.45
-95.47
-95.55
-95.71
-95.51
-95.66
-95.67
-95.55
-95.50
-95.43
-95.15
-95.24
-95.39
-95.55
-95.78
-95.74
-95.68
-95.57
-95.43
-95.43
-95.53
-95.45
-95.41
-95.26
-95.16
-95.19
-95.21
-95.32
-95.42
-95.41
-95.49
-95.46
-95.40
-95.37
-95.37
-95.30
-95.29
-95.41
-95.37
-95.31
-95.40
-95.30
-95.28
-95.39
-95.40
-95.48
-95.51
-95.00
-95.12
-95.04
-95.12
-95.35
-95.44
-95.52
-95.48
-95.65
-95.51
-95.61
-95.62
-95.59
-95.69
-95.61
-95.43
-95.40
-95.40
-95.38
-95.57
-95.74
-95.66
-95.76
-95.83
-95.58
-95.71
-95.67
-95.41
-95.45
-95.47
-95.48
-95.41
-95.45
-95.59
-95.66
-95.76
-95.77
-95.62
-95.43
-95.45
-95.44
-95.43
-95.54
-95.52
-95.48
-95.47
-95.58
-95.64
-95.76
-95.65
-95.60
-95.35
-95.25
-95.29
-95.34
-95.48
-95.47
-95.53
-95.60
-95.55
-95.59
-90.26
-89.76
-89.80
-89.45
-90.85
-93.57
-93.15
-87.12
-49.89
-49.89
-49.89
-49.89
-87.05
-94.03
-95.17
-95.68
-95.67
-95.55
-95.52
-95.55
-95.59
-95.67
-95.72
-95.70
-95.50
-95.50
-95.30
-95.09
-95.37
-95.40
-95.60
-95.96
-95.79
-95.78
-95.63
-95.58
-95.68
-95.57
-95.59
-95.50
-95.35
-95.39
-95.34
-95.19
-95.35
-95.27
-95.37
-95.60
-95.62
-95.66
-95.52
-95.53
-95.41
-95.35
-95.43
-95.45
-95.45
-95.57
-95.40
-95.53
-95.63
-95.59
-95.83
-95.79
-95.73
-95.67
-95.68
-95.65
-95.58
-95.49
-95.56
-95.44
-95.52
-95.61
-95.72
-95.66
-95.76
-95.71
-95.56
-95.64
-95.47
-95.57
-95.76
-95.63
-95.78
-95.71
-95.74
-95.56
-95.59
-95.45
-95.38
-95.51
-95.45
-95.56
-95.58
-95.67
-95.71
-95.63
-95.75
-95.57
-95.51
-95.61
-95.58
-95.63
-95.64
-95.66
-95.60
-95.64
-95.78
-95.83
-95.73
-95.76
-95.58
-95.66
-95.80
-95.88
-95.75
-95.71
-95.70
-95.51
-95.58
-95.56
-95.34
-95.52
-95.53
-95.68
-95.64
-95.57
-95.30
-95.37
-95.48
-95.58
-95.72
-95.48
-95.61
-95.32
-95.27
-95.39
-95.18
-95.42
-95.35
-95.52
-95.52
-95.63
-95.79
-95.78
-95.71
-95.57
-95.59
-95.50
-95.43
-95.53
-95.54
-95.54
-95.49
-95.48
-95.61
-95.61
