Frequency: 1.000000
Sample Rate: 1000000.000000
Vector Length: 1
Notes: 
-379.30
-99.65
-97.27
-95.80
-94.80
-94.90
-94.88
-94.88
-94.91
-94.93
-94.98
-94.96
-94.92
-95.09
-95.17
-95.09
-95.14
-95.11
-95.01
-94.97
-95.04
-95.12
-95.11
-95.16
-95.02
-95.23
-95.18
-95.19
-95.23
-94.86
-94.77
-94.82
-94.84
-94.97
-95.03
-95.11
-95.14
-95.15
-95.25
-95.18
-95.17
-95.33
-95.27
-95.28
-95.15
-95.01
-94.86
-94.80
-94.81
-94.93
-95.16
-95.14
-95.13
-94.89
-94.82
-94.99
-94.86
-94.89
-94.86
-94.81
-94.96
-94.82
-94.93
-95.09
-95.05
-95.12
-94.94
-94.80
-94.79
-94.89
-94.99
-94.97
-94.81
-94.79
-94.79
-95.02
-95.23
-95.24
-95.08
-94.84
-94.74
-94.78
-95.02
-95.30
-95.35
-95.33
-95.37
-95.26
-95.18
-95.28
-95.26
-95.08
-94.99
-94.97
-94.85
-94.92
-95.04
-95.23
-95.42
-95.35
-95.31
-95.19
-95.00
-95.00
-94.97
-94.95
-95.16
-95.07
-95.19
-95.28
-95.10
-95.16
-95.10
-95.18
-95.22
-95.08
-95.14
-95.01
-95.07
-95.20
-95.25
-95.14
-95.11
-95.18
-95.12
-95.28
-95.14
-95.12
-94.94
-94.97
-94.92
-94.78
-94.79
-94.77
-95.00
-95.06
-95.32
-95.24
-95.13
-95.13
-95.03
-95.00
-95.03
-95.10
-95.12
-95.19
-95.13
-95.18
-95.12
-95.16
-95.13
-95.03
-95.06
-94.96
-95.02
-95.01
-94.95
-95.03
-94.83
-94.78
-94.93
-94.93
-95.04
-95.06
-95.01
-94.89
-95.01
-94.77
-94.78
-94.95
-94.86
-95.16
-95.13
-95.16
-95.22
-95.16
-95.22
-95.14
-94.91
-94.90
-94.92
-94.98
-95.09
-95.21
-95.29
-95.25
-95.06
-94.94
-94.84
-94.94
-95.20
-95.07
-95.15
-95.07
-94.98
-95.17
-95.25
-95.33
-95.39
-95.29
-95.28
-95.19
-95.22
-95.30
-95.14
-95.06
-94.92
-94.85
-94.92
-94.95
-95.03
-95.08
-94.97
-95.07
-95.11
-95.04
-95.03
-94.86
-94.72
-94.85
-94.86
-95.06
-95.05
-95.11
-95.19
-95.04
-95.13
-95.15
-95.02
-95.07
-95.04
-95.01
-94.90
-94.72
-94.81
-94.79
-95.00
-95.20
-95.13
-94.96
-94.99
-94.92
-94.89
-94.96
-94.93
-95.03
-95.06
-95.13
-95.03
-94.99
-95.07
-95.12
-95.19
-95.24
-95.03
-94.86
-94.79
-94.97
-94.99
-94.99
-94.94
-94.77
-94.81
-94.87
-94.89
-95.00
-94.92
-94.94
-94.91
-94.98
-95.25
-95.30
-95.27
-95.25
-95.10
-94.98
-95.01
-94.93
-94.86
-94.86
-94.95
-94.85
-95.03
-95.08
-95.07
-95.28
-95.12
-95.08
-95.15
-95.06
-95.10
-95.19
-95.13
-95.00
-94.85
-94.90
-94.77
-94.83
-94.97
-95.11
-94.98
-95.11
-94.93
-94.88
-94.84
-95.00
-94.98
-95.00
-94.95
-94.94
-95.04
-94.92
-95.12
-95.16
-95.25
-95.40
-95.38
-95.33
-95.35
-95.39
-95.39
-95.23
-95.15
-94.96
-95.00
-95.02
-95.01
-95.11
-95.03
-94.87
-94.88
-95.05
-95.06
-95.29
-95.46
-95.24
-95.26
-95.08
-94.88
-94.91
-94.97
-94.99
-94.91
-94.92
-94.97
-95.06
-95.16
-95.00
-94.99
-94.91
-94.88
-95.03
-95.23
-95.26
-95.32
-95.18
-95.10
-95.07
-95.09
-95.23
-95.35
-95.26
-95.20
-95.14
-95.02
-94.95
-94.89
-94.81
-94.91
-95.17
-94.96
-95.20
-95.31
-95.16
-95.36
-95.05
-94.90
-94.91
-94.87
-94.99
-94.94
-95.01
-94.96
-94.85
-94.99
-94.93
-94.94
-95.20
-95.17
-95.21
-95.27
-95.02
-94.96
-95.06
-94.87
-94.74
-94.85
-94.74
-94.76
-94.92
-94.97
-95.09
-95.06
-95.15
-95.20
-95.34
-95.27
-95.29
-95.11
-95.09
-95.02
-94.98
-94.95
-94.94
-95.10
-95.12
-95.28
-95.20
-95.08
-95.13
