Frequency: 1.000000
Sample Rate: 1000000.000000
Vector Length: 1
Notes: 
-379.30
-100.62
-97.82
-96.32
-95.16
-95.21
-95.31
-95.30
-95.19
-95.03
-94.94
-94.71
-94.71
-94.74
-94.77
-94.90
-94.90
-94.86
-94.76
-94.68
-94.75
-94.71
-94.90
-94.95
-94.95
-94.93
-94.80
-94.76
-94.82
-95.16
-94.97
-94.87
-94.85
-94.69
-94.91
-94.96
-94.93
-94.97
-95.08
-95.03
-95.15
-95.07
-95.15
-95.12
-94.98
-95.00
-95.05
-95.13
-94.92
-95.03
-94.65
-94.49
-94.60
-94.51
-94.70
-94.72
-94.78
-94.91
-94.90
-95.00
-95.13
-95.21
-94.99
-94.90
-94.86
-94.56
-94.71
-94.75
-94.85
-94.89
-94.80
-94.80
-94.80
-94.86
-95.14
-95.13
-95.17
-95.11
-94.87
-94.80
-94.59
-94.62
-94.89
-95.07
-95.08
-95.02
-94.90
-94.68
-94.87
-95.03
-94.90
-95.04
-94.99
-95.01
-95.02
-95.04
-94.95
-94.87
-94.74
-94.76
-94.87
-95.03
-95.06
-94.94
-94.84
-94.69
-94.75
-94.73
-94.85
-94.97
-95.01
-95.07
-95.07
-95.10
-95.04
-94.98
-95.19
-95.20
-95.25
-95.42
-95.32
-95.39
-95.30
-95.17
-95.28
-95.30
-95.36
-95.15
-94.95
-94.88
-94.77
-94.85
-94.81
-94.76
-94.89
-94.72
-94.69
-94.80
-94.88
-94.74
-94.94
-94.86
-94.90
-94.78
-94.72
-94.57
-94.51
-94.67
-94.78
-94.70
-94.74
-94.70
-94.71
-94.88
-95.01
-95.05
-95.14
-95.11
-95.08
-94.97
-94.93
-94.75
-94.78
-94.91
-94.90
-95.06
-94.98
-95.10
-95.23
-95.10
-95.03
-94.99
-94.81
-94.95
-95.09
-94.93
-95.07
-94.87
-94.79
-94.76
-94.63
-94.84
-95.07
-95.10
-95.17
-95.09
-95.07
-95.00
-95.07
-94.95
-94.93
-94.77
-94.74
-94.72
-94.59
-94.73
-94.69
-94.64
-94.60
-94.62
-94.63
-94.62
-94.88
-94.92
-95.00
-95.00
-94.75
-94.82
-94.86
-94.77
-95.19
-94.87
-94.82
-94.85
-94.80
-94.89
-95.09
-95.06
-94.98
-94.88
-94.77
-94.74
-94.87
-94.87
-94.92
-95.02
-94.97
-94.93
-94.93
-94.83
-94.88
-94.97
-95.06
-94.87
-94.87
-94.81
-94.69
-94.63
-94.61
-94.66
-94.86
-95.01
-95.15
-95.08
-95.01
-95.11
-95.04
-95.03
-94.90
-94.86
-94.94
-94.93
-95.01
-95.02
-95.05
-95.10
-94.92
-94.99
-94.78
-94.74
-94.72
-94.68
-94.66
-94.97
-94.84
-94.83
-94.92
-94.75
-94.74
-95.00
-95.08
-94.98
-95.15
-95.03
-94.94
-95.17
-95.07
-95.08
-95.01
-94.87
-94.90
-94.96
-94.99
-94.98
-95.17
-95.18
-95.10
-95.08
-94.89
-94.77
-94.85
-94.73
-94.96
-95.14
-94.99
-95.05
-94.99
-94.97
-95.08
-95.21
-95.22
-95.18
-95.08
-95.11
-95.10
-95.11
-95.26
-94.99
-94.97
-94.94
-94.79
-94.95
-94.86
-94.80
-94.75
-94.80
-94.94
-95.06
-95.26
-95.22
-95.40
-95.25
-95.29
-95.44
-95.16
-95.14
-95.05
-94.85
-94.76
-94.87
-94.89
-94.88
-94.97
-94.88
-94.98
-94.91
-94.90
-94.81
-94.99
-94.98
-94.96
-95.12
-94.97
-94.97
-95.03
-95.01
-95.23
-95.16
-95.15
-95.04
-94.83
-94.79
-94.81
-94.86
-94.81
-94.97
-94.85
-95.00
-95.04
-94.96
-94.92
-94.91
-94.84
-94.81
-94.98
-94.81
-94.76
-94.70
-94.63
-94.78
-94.81
-94.90
-94.90
-94.82
-94.74
-94.75
-94.69
-94.74
-95.00
-94.94
-95.19
-95.21
-95.05
-95.00
-94.86
-94.84
-94.86
-94.87
-94.86
-94.75
-94.85
-94.75
-94.94
-94.96
-95.00
-94.96
-94.85
-94.87
-94.85
-94.98
-94.83
-94.98
-95.02
-95.07
-95.13
-95.05
-95.03
-94.82
-94.80
-94.82
-94.87
-95.17
-95.16
-95.17
-95.14
-94.86
-94.90
-94.87
-94.96
-94.97
-94.99
