Frequency: 1.000000
Sample Rate: 1000000.000000
Vector Length: 1
Notes: 
-379.30
-99.03
-96.78
-95.19
-94.25
-94.37
-94.17
-94.30
-94.17
-94.28
-94.35
-94.42
-94.40
-94.24
-94.20
-94.19
-94.21
-94.20
-94.28
-94.27
-94.46
-94.55
-94.37
-94.39
-94.34
-94.33
-94.46
-94.56
-94.67
-94.54
-94.68
-94.50
-94.50
-94.55
-94.33
-94.38
-94.31
-94.23
-94.25
-94.24
-94.31
-94.40
-94.38
-94.28
-94.34
-94.40
-94.28
-94.39
-94.26
-94.16
-94.17
-94.23
-94.25
-94.04
-94.08
-93.91
-93.90
-94.19
-94.06
-94.34
-94.46
-94.55
-94.51
-94.26
-94.17
-94.12
-94.22
-94.41
-94.48
-94.54
-94.64
-94.63
-94.40
-94.41
-94.41
-94.46
-94.44
-94.53
-94.52
-94.34
-94.30
-94.27
-94.19
-94.25
-94.18
-94.06
-94.03
-94.09
-94.30
-94.58
-94.67
-94.59
-94.33
-94.26
-94.19
-94.15
-94.11
-94.25
-94.34
-94.50
-94.65
-94.52
-94.48
-94.37
-94.06
-94.18
-94.16
-94.31
-94.38
-94.27
-94.18
-94.20
-94.33
-94.30
-94.31
-94.30
-94.24
-94.30
-94.54
-94.32
-94.39
-94.49
-94.33
-94.50
-94.54
-94.59
-94.58
-94.53
-94.43
-94.48
-94.46
-94.42
-94.25
-94.19
-94.34
-94.26
-94.49
-94.54
-94.55
-94.51
-94.38
-94.41
-94.45
-94.63
-94.59
-94.78
-94.57
-94.36
-94.33
-94.12
-94.38
-94.43
-94.52
-94.56
-94.57
-94.55
-94.57
-94.50
-94.37
-94.27
-94.24
-94.12
-94.25
-94.32
-94.54
-94.66
-94.59
-94.63
-94.42
-94.36
-94.31
-94.16
-94.30
-94.34
-94.40
-94.40
-94.43
-94.38
-94.39
-94.37
-94.35
-94.46
-94.47
-94.48
-94.43
-94.31
-94.25
-94.31
-94.37
-94.50
-94.49
-94.57
-94.49
-94.40
-94.31
-94.26
-94.18
-94.34
-94.29
-94.28
-94.34
-94.56
-94.66
-94.66
-94.64
-94.45
-94.30
-94.40
-94.40
-94.50
-94.44
-94.29
-94.24
-94.22
-94.26
-94.39
-94.40
-94.22
-94.33
-94.31
-94.40
-94.34
-94.33
-94.31
-94.27
-94.25
-94.16
-94.14
-94.18
-94.37
-94.48
-94.50
-94.54
-94.49
-94.32
-94.37
-94.27
-94.16
-94.02
-93.93
-93.95
-94.04
-94.07
-94.10
-94.21
-94.15
-94.32
-94.35
-94.42
-94.28
-94.41
-94.36
-94.30
-94.33
-94.13
-94.04
-94.05
-94.08
-94.19
-94.33
-94.21
-94.20
-94.25
-94.21
-94.21
-94.26
-94.38
-94.36
-94.40
-94.35
-94.45
-94.51
-94.56
-94.61
-94.55
-94.31
-94.26
-94.22
-94.29
-94.35
-94.58
-94.56
-94.50
-94.58
-94.47
-94.32
-94.22
-94.09
-94.07
-94.01
-94.13
-94.34
-94.32
-94.51
-94.61
-94.62
-94.53
-94.41
-94.26
-94.20
-94.04
-94.13
-93.99
-94.03
-94.17
-94.31
-94.42
-94.60
-94.59
-94.63
-94.49
-94.34
-94.25
-94.30
-94.52
-94.55
-94.48
-94.49
-94.18
-94.24
-94.30
-94.24
-94.23
-94.17
-94.27
-94.28
-94.40
-94.74
-94.75
-94.70
-94.80
-94.55
-94.49
-94.56
-94.43
-94.35
-94.29
-94.30
-94.30
-94.33
-94.55
-94.41
-94.43
-94.42
-94.45
-94.65
-94.37
-94.47
-94.36
-94.17
-94.26
-94.33
-94.25
-94.45
-94.33
-94.27
-94.39
-94.46
-94.33
-94.18
-94.16
-94.22
-94.36
-94.48
-94.44
-94.47
-94.43
-94.28
-94.27
-94.25
-94.13
-94.27
-94.40
-94.28
-94.43
-94.44
-94.49
-94.49
-94.43
-94.49
-94.33
-94.39
-94.32
-94.40
-94.36
-94.37
-94.31
-94.36
-94.39
-94.48
-94.52
-94.52
-94.57
-94.61
-94.49
-94.44
-94.41
-94.42
-94.31
-94.27
-94.32
-94.41
-94.49
-94.63
-94.57
-94.55
-94.52
-94.55
-94.45
-94.35
-94.23
-94.22
-94.10
-94.16
-94.23
-94.21
-94.17
-94.25
-94.25
-94.39
-94.37
-94.41
