Frequency: 1.000000
Sample Rate: 1000000.000000
Vector Length: 1
Notes: 
-379.30
-98.18
-95.83
-94.16
-92.97
-93.17
-93.18
-93.35
-93.41
-93.39
-93.48
-93.46
-93.46
-93.61
-93.49
-93.65
-93.46
-93.40
-93.35
-93.42
-93.57
-93.72
-93.66
-93.38
-93.19
-93.12
-93.19
-93.37
-93.63
-93.67
-93.53
-93.47
-93.31
-93.36
-93.51
-93.51
-93.50
-93.54
-93.74
-93.71
-93.61
-93.55
-93.32
-93.26
-93.18
-93.23
-93.25
-93.34
-93.45
-93.52
-93.58
-93.49
-93.65
-93.59
-93.68
-93.73
-93.42
-93.32
-93.27
-93.21
-93.27
-93.46
-93.31
-93.42
-93.42
-93.35
-93.28
-93.37
-93.36
-93.24
-93.57
-93.67
-93.60
-93.76
-93.48
-93.45
-93.40
-93.46
-93.51
-93.58
-93.63
-93.43
-93.37
-93.28
-93.10
-93.29
-93.35
-93.35
-93.52
-93.41
-93.45
-93.47
-93.43
-93.47
-93.39
-93.34
-93.50
-93.34
-93.19
-93.20
-93.19
-93.35
-93.42
-93.49
-93.47
-93.36
-93.41
-93.51
-93.43
-93.57
-93.52
-93.37
-93.39
-93.49
-93.65
-93.81
-93.89
-93.79
-93.47
-93.24
-93.23
-93.11
-93.33
-93.41
-93.51
-93.68
-93.57
-93.52
-93.45
-93.21
-93.20
-93.16
-93.21
-93.30
-93.26
-93.45
-93.54
-93.79
-93.82
-93.77
-93.76
-93.67
-93.56
-93.43
-93.41
-93.37
-93.48
-93.63
-93.49
-93.48
-93.39
-93.31
-93.22
-93.38
-93.45
-93.41
-93.49
-93.30
-93.31
-93.32
-93.41
-93.66
-93.64
-93.53
-93.32
-93.19
-93.22
-93.15
-93.28
-93.37
-93.51
-93.44
-93.57
-93.62
-93.46
-93.52
-93.45
-93.51
-93.50
-93.77
-93.78
-93.90
-93.72
-93.62
-93.65
-93.66
-93.67
-93.59
-93.27
-93.26
-93.35
-93.54
-93.73
-93.56
-93.52
-93.44
-93.34
-93.36
-93.13
-93.10
-93.05
-93.04
-93.19
-93.26
-93.45
-93.49
-93.52
-93.39
-93.43
-93.36
-93.46
-93.46
-93.46
-93.53
-93.31
-93.25
-93.35
-93.31
-93.42
-93.44
-93.49
-93.60
-93.60
-93.56
-93.49
-93.26
-93.30
-93.28
-93.21
-93.34
-93.45
-93.56
-93.72
-93.67
-93.41
-93.34
-93.26
-93.31
-93.50
-93.49
-93.50
-93.55
-93.61
-93.78
-93.63
-93.58
-93.54
-93.38
-93.40
-93.36
-93.48
-93.52
-93.51
-93.61
-93.52
-93.53
-93.51
-93.39
-93.39
-93.36
-93.44
-93.59
-93.62
-93.45
-93.40
-93.46
-93.48
-93.59
-93.61
-93.49
-93.37
-93.46
-93.36
-93.52
-93.41
-93.43
-93.47
-93.43
-93.47
-93.61
-93.43
-93.63
-93.54
-93.53
-93.46
-93.36
-93.38
-93.28
-93.39
-93.42
-93.32
-93.21
-93.20
-93.30
-93.21
-93.48
-93.61
-93.46
-93.52
-93.23
-93.13
-93.13
-93.22
-93.39
-93.53
-93.75
-93.70
-93.52
-93.40
-93.39
-93.34
-93.41
-93.55
-93.56
-93.59
-93.47
-93.43
-93.43
-93.47
-93.69
-93.81
-93.83
-93.61
-93.50
-93.48
-93.39
-93.71
-93.59
-93.56
-93.63
-93.39
-93.53
-93.56
-93.48
-93.47
-93.32
-93.37
-93.29
-93.53
-93.54
-93.50
-93.73
-93.50
-93.54
-93.59
-93.47
-93.40
-93.36
-93.31
-93.35
-93.39
-93.49
-93.63
-93.57
-93.69
-93.74
-93.76
-93.69
-93.54
-93.44
-93.34
-93.44
-93.35
-93.41
-93.64
-93.61
-93.62
-93.64
-93.51
-93.56
-93.57
-93.49
-93.65
-93.66
-93.63
-93.58
-93.60
-93.46
-93.26
-93.30
-93.03
-93.15
-93.18
-93.13
-93.29
-93.25
-93.21
-93.45
-93.53
-93.56
-93.64
-93.58
-93.43
-93.49
-93.42
-93.35
-93.41
-93.50
-93.55
-93.49
-93.65
-93.61
-93.57
-93.74
-93.52
-93.49
-93.45
-93.50
-93.43
-93.54
-93.56
-93.44
-93.30
-93.33
-93.31
-93.31
-93.31
-93.13
-93.15
-93.17
-93.25
