Frequency: 1.000000
Sample Rate: 1000000.000000
Vector Length: 1
Notes: 
-379.30
-92.61
-91.64
-90.93
-90.26
-92.42
-92.36
-92.05
-91.94
-91.72
-91.62
-91.62
-91.73
-91.75
-91.94
-91.90
-91.89
-91.87
-91.76
-91.68
-91.70
-91.74
-91.67
-91.76
-91.74
-91.74
-91.90
-91.88
-91.86
-91.86
-91.85
-91.97
-92.09
-92.06
-92.09
-91.95
-91.79
-91.58
-91.48
-91.68
-91.73
-92.01
-92.02
-91.99
-92.17
-92.10
-92.12
-91.89
-91.72
-91.79
-91.83
-91.80
-91.81
-91.79
-91.86
-91.95
-92.04
-92.02
-91.96
-92.00
-91.98
-92.16
-92.11
-91.92
-91.84
-91.74
-91.76
-91.72
-91.76
-91.88
-91.85
-91.94
-92.09
-91.85
-91.82
-91.92
-91.84
-91.95
-92.00
-91.90
-91.88
-92.01
-91.95
-91.89
-91.98
-91.88
-91.86
-91.92
-92.01
-91.94
-91.99
-91.99
-91.98
-92.01
-91.99
-91.99
-91.98
-92.06
-92.19
-92.08
-92.04
-92.19
-92.18
-92.24
-92.20
-91.98
-92.02
-91.99
-91.97
-92.10
-92.00
-92.09
-92.17
-92.25
-92.06
-92.17
-92.08
-91.98
-91.98
-91.69
-91.65
-91.70
-91.73
-91.85
-91.92
-92.04
-92.06
-92.15
-92.04
-91.95
-91.91
-91.84
-91.85
-91.92
-91.79
-91.65
-91.73
-91.66
-91.63
-91.87
-92.02
-92.02
-92.12
-91.91
-91.89
-91.97
-91.90
-92.03
-92.04
-91.96
-91.93
-91.92
-91.90
-91.80
-91.96
-91.95
-92.02
-92.17
-91.95
-92.03
-92.05
-91.93
-91.95
-91.92
-91.85
-91.78
-91.91
-91.86
-91.80
-92.01
-91.94
-92.04
-92.03
-91.93
-92.00
-91.94
-92.17
-92.09
-92.00
-91.87
-91.94
-91.94
-92.04
-92.18
-92.06
-91.97
-91.86
-92.02
-91.93
-92.02
-92.28
-92.17
-92.26
-92.16
-91.86
-91.74
-91.73
-91.76
-91.73
-91.87
-91.67
-91.68
-91.85
-91.71
-91.78
-91.94
-91.73
-91.71
-92.00
-91.93
-91.84
-91.77
-91.69
-91.75
-91.76
-91.88
-91.85
-91.84
-91.98
-92.00
-92.08
-92.18
-92.06
-92.01
-91.87
-91.71
-91.72
-92.01
-92.17
-92.15
-92.16
-92.02
-91.88
-91.91
-91.86
-91.74
-91.84
-91.93
-91.67
-91.80
-91.62
-91.54
-91.82
-91.83
-91.87
-91.91
-91.97
-91.97
-91.99
-92.01
-92.18
-92.25
-92.11
-92.04
-91.98
-92.13
-92.19
-92.29
-92.15
-92.17
-92.04
-92.01
-92.01
-91.94
-91.89
-91.91
-91.93
-91.84
-92.04
-92.06
-92.01
-92.05
-91.98
-91.81
-91.76
-91.88
-92.01
-91.91
-91.99
-91.92
-91.74
-91.82
-91.79
-91.79
-91.83
-91.85
-91.86
-91.94
-92.02
-91.96
-92.18
-92.20
-92.07
-92.06
-91.99
-92.02
-92.16
-92.02
-91.91
-91.85
-91.69
-91.73
-91.98
-91.99
-92.18
-92.28
-92.13
-91.74
-91.81
-91.67
-91.68
-91.93
-91.90
-91.93
-91.91
-91.85
-91.78
-91.88
-92.00
-92.04
-92.12
-92.11
-92.06
-92.17
-92.10
-92.20
-92.28
-92.19
-92.37
-92.18
-92.01
-91.90
-91.88
-91.85
-91.99
-92.01
-92.19
-92.37
-92.25
-92.19
-91.97
-91.82
-91.77
-91.77
-91.75
-91.77
-91.83
-91.94
-92.09
-92.12
-92.10
-92.20
-92.10
-92.15
-91.98
-91.85
-91.78
-91.75
-91.79
-91.91
-92.02
-91.82
-91.79
-91.73
-91.53
-91.60
-91.72
-91.93
-91.96
-91.93
-91.92
-91.68
-91.67
-91.71
-91.77
-92.04
-92.19
-92.09
-91.99
-91.79
-91.76
-91.74
-91.74
-91.89
-91.96
-91.94
-92.02
-92.08
-92.01
-92.02
-92.03
-91.95
-92.04
-92.07
-92.10
-92.00
-91.74
-91.81
-91.58
-91.75
-91.75
-91.86
-91.96
-92.08
-92.04
-91.82
-91.70
-91.60
-91.65
-92.02
-92.26
-92.36
-92.17
-91.86
-91.78
-91.71
-91.83
-91.98
-91.96
-92.03
-92.02
