Frequency: 1.000000
Sample Rate: 1000000.000000
Vector Length: 1
Notes: 
-379.30
-82.31
-82.19
-82.08
-81.96
-91.61
-91.44
-91.22
-91.14
-91.07
-91.20
-91.17
-91.28
-91.34
-91.34
-91.42
-91.30
-91.40
-91.36
-91.47
-91.31
-91.23
-91.25
-91.28
-91.31
-91.56
-91.45
-91.33
-91.31
-91.14
-91.20
-91.26
-91.15
-91.28
-91.32
-91.30
-91.24
-91.10
-91.11
-90.99
-91.15
-91.16
-91.05
-91.22
-91.10
-91.12
-91.30
-91.30
-91.25
-91.29
-91.17
-91.05
-91.13
-91.19
-91.01
-91.11
-91.05
-91.19
-91.31
-91.40
-91.46
-91.51
-91.31
-91.44
-91.51
-91.42
-91.42
-91.44
-91.34
-91.42
-91.51
-91.43
-91.40
-91.38
-91.30
-91.21
-91.11
-91.13
-91.20
-91.32
-91.30
-91.25
-91.32
-91.31
-91.26
-91.42
-91.42
-91.49
-91.53
-91.46
-91.23
-91.10
-91.18
-91.27
-91.35
-91.51
-91.28
-91.09
-91.01
-90.98
-91.20
-91.32
-91.32
-91.47
-91.45
-91.41
-91.54
-91.56
-91.35
-91.44
-91.44
-91.31
-91.46
-91.14
-91.17
-91.29
-91.13
-91.22
-91.24
-91.17
-91.32
-91.41
-91.32
-91.28
-91.28
-91.18
-91.25
-91.24
-91.10
-91.23
-91.12
-91.27
-91.32
-91.32
-91.23
-91.18
-91.20
-91.32
-91.37
-91.59
-91.56
-91.63
-91.56
-91.37
-91.53
-91.48
-91.55
-91.53
-91.39
-91.33
-91.36
-91.45
-91.54
-91.58
-91.49
-91.40
-91.44
-91.27
-91.33
-91.46
-91.42
-91.49
-91.38
-91.27
-91.23
-91.28
-91.31
-91.20
-91.24
-91.25
-91.31
-91.42
-91.37
-91.43
-91.38
-91.50
-91.55
-91.52
-91.57
-91.54
-91.39
-91.30
-91.27
-91.24
-91.26
-91.29
-91.36
-91.40
-91.49
-91.34
-91.38
-91.32
-91.21
-91.29
-91.27
-91.22
-91.30
-91.29
-91.17
-91.33
-91.40
-91.36
-91.32
-91.28
-91.16
-90.98
-91.18
-91.30
-91.31
-91.36
-91.35
-91.48
-91.40
-91.49
-91.54
-91.55
-91.60
-91.55
-91.43
-91.40
-91.35
-91.44
-91.36
-91.33
-83.85
-82.62
-82.39
-69.14
-69.21
-69.31
-69.31
-90.05
-91.43
-91.37
-91.34
-91.54
-91.59
-91.66
-91.63
-91.38
-91.12
-91.20
-91.18
-91.17
-91.31
-91.31
-91.26
-91.37
-91.32
-91.34
-91.35
-91.33
-91.40
-91.24
-91.26
-91.23
-91.24
-91.32
-91.37
-91.36
-91.47
-91.16
-91.17
-91.17
-91.09
-91.15
-91.28
-91.17
-91.02
-91.02
-90.91
-91.03
-91.30
-91.59
-91.59
-91.45
-91.38
-91.32
-91.29
-91.35
-91.31
-91.11
-91.10
-91.08
-91.14
-91.31
-91.25
-91.30
-91.51
-91.39
-91.46
-91.37
-91.20
-91.14
-91.04
-91.07
-91.08
-91.07
-91.28
-91.23
-91.25
-91.36
-91.40
-91.60
-91.86
-91.64
-91.47
-91.23
-91.02
-91.09
-91.20
-91.35
-91.27
-91.35
-91.46
-91.40
-91.41
-91.40
-91.34
-91.40
-91.33
-91.32
-91.38
-91.35
-91.21
-91.14
-91.19
-91.22
-91.44
-91.60
-91.63
-91.52
-91.47
-91.37
-91.33
-91.42
-91.26
-91.29
-91.47
-91.55
-91.60
-91.55
-91.46
-91.33
-91.46
-91.34
-91.42
-91.52
-91.51
-91.45
-91.48
-91.56
-91.49
-91.42
-91.39
-91.35
-91.27
-91.31
-90.63
-86.35
-85.96
-70.36
-70.26
-70.33
-70.33
-71.90
-91.25
-91.47
-91.49
-91.48
-91.54
-91.41
-91.33
-91.18
-91.12
-91.24
-91.36
-91.44
-91.36
-91.42
-91.48
-91.46
-91.48
-91.47
-91.31
-91.33
-91.29
-91.23
-91.15
-91.14
-91.05
-91.02
-91.22
-91.17
-91.21
-91.23
-85.51
-83.52
-83.24
-68.83
-68.87
-68.95
-68.95
-89.58
-90.92
-91.33
-91.12
-91.15
-91.15
-91.14
-91.38
-91.40
-91.39
-91.30
-91.34
-91.26
-91.09
-91.23
-91.19
-91.01
-91.16
-91.20
