Frequency: 1.000000
Sample Rate: 1000000.000000
Vector Length: 1
Notes: 
-379.30
-68.82
-68.80
-68.79
-68.81
-86.28
-86.17
-86.12
-85.94
-85.90
-86.02
-86.11
-86.17
-86.18
-86.20
-86.11
-85.98
-85.92
-86.13
-86.08
-86.38
-86.25
-86.25
-86.31
-86.04
-86.09
-86.08
-86.05
-86.20
-86.15
-86.07
-86.00
-85.94
-86.09
-86.19
-86.14
-86.28
-86.23
-86.23
-86.13
-86.02
-86.01
-85.94
-85.98
-86.19
-86.07
-86.17
-86.19
-86.32
-86.29
-86.26
-86.20
-86.12
-86.03
-86.15
-85.97
-85.96
-86.13
-85.98
-86.22
-86.11
-85.99
-86.02
-85.87
-85.90
-86.03
-86.01
-85.98
-86.10
-86.04
-86.23
-86.28
-86.19
-86.18
-85.97
-85.89
-86.02
-85.92
-85.97
-86.11
-86.00
-86.13
-86.20
-86.28
-86.23
-86.06
-86.10
-85.84
-85.86
-85.73
-85.72
-85.91
-86.04
-85.99
-86.11
-86.04
-86.12
-86.14
-86.08
-86.17
-86.06
-86.06
-86.09
-86.15
-86.15
-86.32
-86.26
-86.10
-86.23
-86.24
-86.15
-86.23
-86.19
-86.21
-86.31
-86.11
-86.02
-85.88
-86.01
-86.10
-86.35
-86.44
-86.40
-86.21
-86.17
-86.29
-86.26
-86.24
-86.30
-86.11
-86.04
-86.09
-86.09
-86.12
-86.25
-86.26
-86.22
-86.21
-86.28
-86.16
-86.25
-86.30
-86.21
-86.17
-86.07
-86.00
-86.07
-86.16
-86.12
-86.13
-86.18
-86.15
-86.01
-86.18
-85.98
-86.00
-86.04
-85.93
-85.94
-85.98
-86.20
-86.32
-86.31
-86.20
-86.11
-86.20
-86.18
-86.12
-86.07
-86.10
-86.15
-86.43
-86.46
-86.34
-86.39
-86.13
-86.20
-86.06
-86.09
-86.24
-86.27
-86.31
-86.22
-86.21
-85.91
-85.96
-86.04
-86.05
-86.18
-86.14
-86.27
-86.26
-86.06
-86.26
-86.23
-86.15
-86.33
-86.15
-86.22
-86.23
-86.28
-86.33
-86.28
-86.25
-86.20
-86.04
-85.85
-85.91
-85.98
-86.01
-86.10
-86.22
-86.19
-86.35
-86.31
-86.13
-86.04
-85.87
-85.85
-85.85
-85.91
-86.01
-86.04
-86.06
-86.16
-86.28
-86.21
-86.22
-86.26
-86.32
-86.43
-86.25
-86.15
-86.17
-86.02
-86.24
-86.26
-86.05
-85.87
-85.95
-86.01
-86.03
-86.21
-86.08
-86.06
-86.08
-86.09
-86.03
-85.98
-86.04
-86.00
-86.06
-86.09
-86.06
-86.11
-86.28
-86.25
-86.38
-86.42
-86.41
-86.38
-86.26
-86.24
-86.17
-86.12
-86.02
-86.00
-85.94
-86.09
-86.34
-86.24
-86.30
-86.22
-86.20
-86.20
-86.20
-86.27
-86.20
-86.21
-86.20
-86.16
-86.16
-86.20
-86.13
-85.97
-85.91
-85.82
-85.85
-85.97
-86.15
-86.14
-86.15
-86.19
-85.96
-85.83
-85.93
-85.80
-85.93
-85.99
-85.96
-86.12
-86.08
-86.02
-86.09
-86.14
-86.17
-86.26
-86.11
-86.01
-86.01
-85.97
-86.05
-86.05
-86.19
-86.33
-86.24
-86.10
-85.99
-85.91
-85.99
-86.04
-86.04
-85.86
-85.86
-85.89
-86.00
-86.14
-86.14
-86.14
-85.98
-86.04
-85.97
-86.04
-86.03
-86.00
-86.05
-86.07
-86.09
-86.07
-86.14
-86.20
-86.09
-86.12
-86.11
-86.05
-86.15
-86.11
-86.11
-86.03
-86.00
-86.19
-86.24
-86.46
-86.55
-86.49
-86.32
-86.15
-86.04
-86.03
-86.03
-86.04
-86.16
-86.08
-86.13
-86.15
-86.09
-86.04
-86.14
-86.25
-86.25
-86.26
-86.15
-86.15
-85.97
-85.94
-86.04
-86.11
-86.11
-86.37
-86.31
-86.27
-86.14
-86.07
-85.98
-85.98
-86.07
-86.25
-86.20
-86.22
-86.16
-86.02
-86.14
-86.16
-86.19
-86.25
-86.13
-86.23
-86.16
-86.01
-86.11
-85.99
-86.05
-86.09
-85.89
-85.87
-85.94
-85.99
-86.10
-86.14
-86.06
-86.10
-86.08
-86.09
-86.13
-85.95
-86.10
-85.96
-86.05
-86.21
-86.21
