Frequency: 1.000000
Sample Rate: 1000000.000000
Vector Length: 1
Notes: 
-379.30
-66.98
-65.98
-65.18
-64.58
-66.45
-66.46
-66.43
-66.36
-66.45
-66.43
-66.43
-66.48
-66.44
-66.43
-66.46
-66.39
-66.43
-66.51
-66.52
-66.53
-66.56
-66.40
-66.40
-66.39
-66.44
-66.45
-66.51
-66.47
-66.50
-66.54
-66.54
-66.47
-66.51
-66.41
-66.37
-66.42
-66.39
-66.39
-66.42
-66.45
-66.49
-66.48
-66.51
-66.47
-66.53
-66.52
-66.43
-66.46
-66.46
-66.36
-66.40
-66.43
-66.45
-66.53
-66.64
-66.54
-66.53
-66.50
-66.36
-66.39
-66.45
-66.38
-66.46
-66.47
-66.38
-66.42
-66.42
-66.34
-66.39
-66.44
-66.36
-66.44
-66.53
-66.42
-66.49
-66.48
-66.34
-66.39
-66.40
-66.34
-66.45
-66.47
-66.38
-66.44
-66.48
-66.43
-66.46
-66.46
-66.35
-66.42
-66.43
-66.35
-66.43
-66.45
-66.37
-66.39
-66.38
-66.29
-66.40
-66.42
-66.39
-66.41
-66.45
-66.42
-66.48
-66.51
-66.38
-66.44
-66.48
-66.38
-66.41
-66.42
-66.35
-66.40
-66.53
-66.47
-66.50
-66.55
-66.39
-66.39
-66.42
-66.35
-66.45
-66.48
-66.39
-66.43
-66.41
-66.33
-66.39
-66.40
-66.37
-66.46
-66.49
-66.40
-66.47
-66.48
-66.38
-66.44
-66.42
-66.39
-66.44
-66.46
-66.37
-66.47
-66.49
-66.40
-66.49
-66.44
-66.34
-66.45
-66.46
-66.43
-66.55
-66.50
-66.42
-66.46
-66.44
-66.33
-66.41
-66.42
-66.33
-66.42
-66.50
-66.43
-66.51
-66.50
-66.39
-66.43
-66.46
-66.41
-66.46
-66.45
-66.42
-66.46
-66.54
-66.48
-66.56
-66.56
-66.47
-66.49
-66.43
-66.38
-66.47
-66.45
-66.31
-64.20
-64.22
-64.14
-64.25
-66.44
-66.37
-66.43
-66.45
-66.36
-66.48
-66.49
-66.45
-66.53
-66.52
-66.40
-66.45
-66.46
-66.35
-66.45
-66.45
-66.34
-66.43
-66.43
-66.36
-66.45
-66.43
-66.38
-66.43
-66.41
-66.37
-66.46
-66.47
-66.43
-66.50
-66.48
-66.47
-66.54
-66.51
-66.44
-66.50
-66.47
-66.47
-66.56
-66.50
-66.45
-66.45
-66.48
-66.45
-66.46
-66.41
-66.30
-66.37
-66.41
-66.43
-66.48
-66.49
-66.37
-66.37
-66.43
-66.36
-66.43
-66.50
-66.42
-66.48
-66.52
-66.45
-66.49
-66.46
-66.40
-66.44
-66.41
-66.35
-66.37
-66.39
-66.39
-66.51
-66.51
-66.46
-66.47
-66.46
-66.45
-66.47
-66.42
-66.36
-66.38
-66.44
-66.42
-66.45
-66.43
-66.34
-66.37
-66.41
-66.41
-66.48
-66.50
-66.44
-66.43
-66.40
-66.42
-66.49
-66.49
-66.51
-66.48
-66.43
-66.37
-66.42
-66.43
-66.38
-66.50
-66.49
-66.44
-66.50
-66.43
-66.35
-66.43
-66.42
-66.42
-66.49
-66.46
-66.42
-66.44
-66.48
-66.45
-66.46
-66.46
-66.36
-66.42
-66.42
-66.40
-66.47
-66.44
-66.42
-66.44
-66.43
-66.38
-66.46
-66.42
-66.44
-66.52
-66.53
-66.48
-66.50
-66.48
-66.43
-66.45
-66.43
-66.41
-66.41
-66.40
-66.34
-66.40
-65.57
-65.40
-65.45
-65.44
-65.95
-66.42
-66.41
-66.36
-66.42
-66.45
-66.40
-66.41
-66.40
-66.35
-66.42
-66.44
-66.38
-66.44
-66.47
-66.36
-66.43
-66.45
-66.39
-66.43
-66.45
-66.40
-66.41
-66.44
-66.40
-66.44
-66.40
-66.32
-66.36
-66.36
-66.30
-66.33
-66.32
-66.32
-66.36
-66.36
-66.32
-66.36
-66.41
-66.35
-66.47
-66.42
-66.36
-66.37
-66.37
-66.35
-66.37
-66.40
-66.33
-66.34
-66.37
-66.31
-66.35
-66.35
-66.26
-66.35
-66.39
-66.40
-66.45
-66.55
-66.45
-66.45
-66.46
-66.39
-66.41
-66.47
-66.43
-66.48
-66.49
-66.43
-66.46
-66.49
-66.43
-66.44
-66.43
-66.40
-66.44
-66.45
-66.37
-66.41
