Frequency: 1.000000
Sample Rate: 1000000.000000
Vector Length: 1
Notes: 
-379.30
-35.94
-33.34
-31.75
-30.79
-30.74
-30.70
-30.75
-30.74
-30.70
-30.74
-30.74
-30.70
-30.74
-30.74
-30.70
-30.74
-30.74
-30.69
-30.74
-30.74
-30.70
-30.73
-30.74
-30.70
-30.74
-30.75
-30.70
-30.74
-30.74
-30.70
-30.73
-30.75
-30.70
-30.74
-30.74
-30.70
-30.74
-30.75
-30.69
-30.73
-30.73
-30.69
-30.73
-30.76
-30.69
-30.71
-30.75
-30.77
-30.73
-30.76
-30.77
-30.72
-30.75
-30.77
-30.73
-30.76
-30.77
-30.72
-30.75
-30.77
-30.73
-30.76
-30.77
-30.72
-30.74
-30.77
-30.73
-30.76
-30.77
-30.72
-30.74
-30.77
-30.73
-30.76
-30.77
-30.72
-30.75
-30.77
-30.73
-30.76
-30.77
-30.73
-30.75
-30.77
-30.73
-30.75
-30.77
-30.73
-30.76
-30.77
-30.73
-30.75
-30.77
-30.73
-30.76
-30.77
-30.72
-30.75
-30.76
-30.73
-30.76
-30.77
-30.72
-30.75
-30.76
-30.73
-30.76
-30.77
-30.73
-30.75
-30.76
-30.73
-30.76
-30.76
-30.72
-30.74
-30.75
-30.72
-30.76
-30.76
-30.73
-30.75
-30.76
-30.72
-30.76
-30.76
-30.73
-30.75
-30.76
-30.72
-30.76
-30.76
-30.73
-30.75
-30.76
-30.72
-30.76
-30.76
-30.73
-30.76
-30.76
-30.73
-30.77
-30.76
-30.73
-30.76
-30.75
-30.73
-30.77
-30.76
-30.74
-30.76
-30.76
-30.73
-30.77
-30.76
-30.74
-30.76
-30.75
-30.73
-30.77
-30.76
-30.73
-30.77
-30.75
-30.73
-30.77
-30.76
-30.73
-30.77
-30.75
-30.73
-30.77
-30.76
-30.70
-30.73
-30.74
-30.69
-30.74
-30.73
-30.70
-30.73
-30.74
-30.69
-30.74
-30.73
-30.70
-30.71
-30.76
-30.77
-30.72
-30.76
-30.78
-30.71
-30.77
-30.78
-30.72
-30.76
-30.78
-30.71
-30.77
-30.78
-30.72
-30.76
-30.77
-30.71
-30.74
-30.75
-30.75
-30.73
-30.77
-30.73
-30.74
-30.75
-30.75
-30.73
-30.76
-30.72
-30.73
-30.75
-30.74
-30.73
-30.76
-30.72
-30.73
-30.76
-30.74
-30.74
-30.76
-30.71
-30.73
-30.75
-30.74
-30.75
-30.76
-30.71
-30.73
-30.76
-30.73
-30.75
-30.75
-30.71
-30.73
-30.75
-30.73
-30.75
-30.76
-30.71
-30.73
-30.76
-30.73
-30.75
-30.76
-30.71
-30.74
-30.75
-30.72
-30.75
-30.76
-30.71
-30.74
-30.75
-30.72
-30.75
-30.76
-30.70
-30.74
-30.75
-30.71
-30.75
-30.76
-30.71
-30.75
-30.75
-30.71
-30.75
-30.75
-30.70
-30.74
-30.74
-30.71
-30.75
-30.76
-30.71
-30.75
-30.74
-30.71
-30.75
-30.75
-30.71
-30.75
-30.74
-30.70
-30.74
-30.75
-30.70
-30.75
-30.74
-30.70
-30.75
-30.75
-30.71
-30.75
-30.74
-30.71
-30.74
-30.74
-30.70
-30.75
-30.74
-30.70
-30.74
-30.75
-30.70
-30.75
-30.74
-30.71
-30.74
-30.75
-30.70
-30.75
-30.74
-30.71
-30.75
-30.75
-30.70
-30.75
-30.74
-30.71
-30.74
-30.74
-30.70
-30.75
-30.74
-30.71
-30.74
-30.74
-30.70
-30.75
-30.74
-30.71
-30.74
-30.74
-30.70
-30.75
-30.74
-30.71
-30.73
-30.74
-30.69
-30.75
-30.74
-30.70
-30.74
-30.74
-30.69
-30.74
-30.74
-30.70
-30.74
-30.74
-30.70
-30.75
-30.74
-30.70
-30.73
-30.74
-30.69
-30.74
-30.73
-30.70
-30.73
-30.74
-30.69
-30.74
-30.74
-30.70
-30.73
-30.74
-30.70
-30.74
-30.74
-30.69
-30.73
-30.74
-30.69
-30.73
-30.74
-30.69
-30.73
-30.74
-30.70
-30.74
-30.75
-30.69
-30.74
-30.74
-30.70
-30.73
-30.75
-30.69
-30.73
-30.74
-30.70
-30.73
-30.76
-30.69
-30.71
-30.75
-30.77
-30.73
-30.76
-30.77
-30.72
-30.75
-30.77
-30.73
-30.76
-30.77
