Frequency: 1.000000
Sample Rate: 1000000.000000
Vector Length: 1
Notes: 
-379.30
-103.37
-100.56
-98.95
-97.76
-97.62
-97.58
-97.55
-97.63
-97.66
-97.59
-97.58
-97.48
-97.60
-97.66
-97.50
-97.53
-97.49
-97.43
-97.61
-97.75
-97.90
-97.84
-97.88
-97.67
-97.60
-97.45
-97.40
-97.46
-97.54
-97.45
-97.51
-97.50
-97.43
-97.47
-97.57
-97.49
-97.38
-97.48
-97.53
-97.50
-97.66
-97.59
-97.41
-97.47
-97.47
-97.47
-97.62
-97.66
-97.44
-97.57
-97.55
-97.53
-97.63
-97.73
-97.66
-97.57
-97.66
-97.58
-97.65
-97.68
-97.70
-97.46
-97.63
-97.77
-97.58
-97.58
-97.62
-97.56
-97.59
-97.61
-97.61
-97.64
-97.63
-97.68
-97.64
-97.59
-97.58
-97.65
-97.70
-97.62
-97.63
-97.60
-97.62
-97.41
-97.43
-97.39
-97.46
-97.50
-97.65
-97.70
-97.85
-97.83
-97.82
-97.83
-97.68
-97.58
-97.55
-97.62
-97.45
-97.51
-97.59
-97.53
-97.69
-97.66
-97.71
-97.75
-97.74
-97.66
-97.60
-97.60
-97.52
-97.62
-97.54
-97.59
-97.61
-97.59
-97.75
-97.72
-97.78
-97.87
-97.72
-97.75
-97.74
-97.66
-97.82
-97.68
-97.64
-97.63
-97.38
-97.43
-97.44
-97.56
-97.64
-97.52
-97.46
-97.38
-97.43
-97.43
-97.44
-97.52
-97.56
-97.70
-97.60
-97.63
-97.64
-97.76
-97.81
-97.78
-97.88
-97.80
-97.71
-97.70
-97.58
-97.69
-97.84
-97.77
-97.76
-97.58
-97.66
-97.54
-97.64
-97.64
-97.60
-97.67
-97.52
-97.63
-97.60
-97.56
-97.51
-97.62
-97.48
-97.61
-97.56
-97.70
-97.71
-97.63
-97.61
-97.55
-97.72
-97.74
-97.53
-97.63
-97.46
-97.45
-97.67
-97.69
-97.74
-97.66
-97.37
-97.30
-97.38
-97.43
-97.68
-97.62
-97.69
-97.62
-97.51
-97.49
-97.40
-97.47
-97.46
-97.56
-97.55
-97.49
-97.33
-97.25
-97.29
-97.38
-97.37
-97.57
-97.49
-97.50
-97.57
-97.56
-97.62
-97.54
-97.68
-97.56
-97.65
-97.65
-97.57
-97.71
-97.93
-97.74
-97.76
-97.64
-97.61
-97.62
-97.74
-97.72
-97.70
-97.83
-97.75
-97.92
-98.06
-97.95
-97.95
-97.84
-97.69
-97.65
-97.72
-97.82
-97.91
-97.92
-97.91
-97.85
-97.85
-97.64
-97.66
-97.65
-97.70
-97.89
-97.90
-98.00
-98.05
-97.99
-98.03
-97.95
-97.90
-97.90
-97.77
-97.83
-97.85
-97.69
-97.68
-97.63
-97.63
-97.87
-97.90
-97.90
-97.93
-97.74
-97.58
-97.56
-97.59
-97.71
-97.88
-97.93
-97.89
-97.82
-97.70
-97.58
-97.56
-97.54
-97.64
-97.76
-97.97
-97.98
-97.89
-97.76
-97.60
-97.50
-97.57
-97.56
-97.55
-97.70
-97.75
-97.73
-97.65
-97.88
-97.80
-97.85
-97.89
-97.68
-97.60
-97.64
-97.59
-97.66
-97.70
-97.66
-97.67
-97.75
-97.78
-97.84
-97.88
-97.83
-97.77
-97.74
-97.76
-97.82
-97.87
-97.84
-97.85
-97.68
-97.63
-97.61
-97.61
-97.56
-97.65
-97.74
-97.68
-97.69
-97.74
-97.65
-97.56
-97.47
-97.48
-97.55
-97.56
-97.62
-97.66
-97.70
-97.75
-97.85
-97.74
-97.74
-97.83
-97.77
-97.78
-97.75
-97.76
-97.80
-97.83
-97.77
-97.78
-97.91
-97.86
-97.98
-97.86
-97.74
-97.72
-97.80
-97.77
-97.73
-97.69
-97.67
-97.73
-97.70
-97.73
-97.73
-97.74
-97.84
-97.83
-97.90
-97.80
-97.67
-97.58
-97.45
-97.49
-97.57
-97.61
-97.87
-97.84
-97.74
-97.68
-97.61
-97.67
-97.75
-97.87
-97.88
-97.74
-97.52
-97.50
-97.46
-97.54
-97.63
-97.67
-97.75
-97.74
-97.81
-97.65
-97.68
-97.63
-97.76
-97.83
-97.77
-97.74
-97.70
-97.68
-97.75
-97.70
-97.66
-97.74
-97.68
-97.66
-97.61
-97.62
-97.64
-97.51
