Frequency: 1.000000
Sample Rate: 1000000.000000
Vector Length: 1
Notes: 
-379.30
-102.32
-99.93
-98.54
-97.53
-97.55
-97.44
-97.47
-97.36
-97.27
-97.36
-97.32
-97.36
-97.28
-97.20
-97.01
-97.08
-97.18
-97.33
-97.49
-97.58
-97.55
-97.50
-97.41
-97.38
-97.51
-97.36
-97.41
-97.52
-97.42
-97.30
-97.33
-97.24
-97.28
-97.31
-97.40
-97.46
-97.63
-97.63
-97.67
-97.45
-97.34
-97.29
-97.25
-97.47
-97.49
-97.58
-97.53
-97.42
-97.32
-97.25
-97.25
-97.41
-97.55
-97.59
-97.63
-97.55
-97.51
-97.37
-97.40
-97.45
-97.50
-97.62
-97.48
-97.48
-97.40
-97.41
-97.46
-97.30
-97.27
-97.15
-97.22
-97.18
-97.33
-97.34
-97.56
-97.62
-97.42
-97.35
-97.12
-97.08
-97.22
-97.17
-97.17
-97.14
-97.07
-97.14
-97.09
-97.22
-97.34
-97.33
-97.29
-97.23
-97.29
-97.36
-97.50
-97.44
-97.37
-97.34
-97.30
-97.40
-97.29
-97.50
-97.53
-97.48
-97.49
-97.41
-97.39
-97.44
-97.53
-97.58
-97.48
-97.57
-97.43
-97.35
-97.33
-97.29
-97.42
-97.30
-97.37
-97.37
-97.32
-97.41
-97.49
-97.50
-97.69
-97.47
-97.56
-97.49
-97.32
-97.37
-97.46
-97.49
-97.65
-97.80
-97.61
-97.46
-97.35
-97.46
-97.37
-97.50
-97.49
-97.34
-97.41
-97.34
-97.42
-97.47
-97.24
-97.29
-97.15
-97.24
-97.52
-97.57
-97.55
-97.58
-97.61
-97.79
-97.70
-97.57
-97.77
-97.47
-97.46
-97.48
-97.35
-97.40
-97.41
-97.54
-97.49
-97.52
-97.48
-97.48
-97.47
-97.39
-97.44
-97.39
-97.47
-97.53
-97.68
-97.55
-97.57
-97.60
-97.37
-97.41
-97.38
-97.44
-97.48
-97.56
-97.50
-97.39
-97.50
-97.31
-97.18
-97.18
-97.20
-97.31
-97.40
-97.38
-97.33
-97.35
-97.43
-97.49
-97.54
-97.41
-97.44
-97.51
-97.46
-97.63
-97.54
-97.48
-97.44
-97.37
-97.30
-97.33
-97.36
-97.28
-97.35
-97.46
-97.46
-97.68
-97.70
-97.71
-97.74
-97.69
-97.60
-97.35
-97.23
-97.19
-97.26
-92.45
-92.28
-92.23
-92.24
-94.45
-97.24
-97.40
-97.34
-97.31
-97.46
-97.10
-97.00
-96.78
-96.87
-96.96
-96.92
-97.05
-97.11
-97.21
-97.48
-97.41
-97.48
-97.43
-97.39
-97.60
-97.67
-97.68
-97.72
-97.53
-97.41
-97.40
-97.38
-97.46
-97.47
-97.53
-97.49
-97.59
-97.46
-97.36
-97.38
-97.26
-97.32
-97.27
-97.19
-97.24
-97.28
-97.48
-97.42
-97.38
-97.45
-97.21
-97.35
-97.39
-97.47
-97.48
-97.49
-97.38
-97.25
-97.18
-97.17
-97.17
-97.18
-97.25
-97.28
-97.21
-97.38
-97.50
-97.37
-97.51
-97.57
-97.48
-97.60
-97.40
-97.30
-97.19
-97.17
-97.21
-97.23
-97.35
-97.30
-97.33
-97.35
-97.23
-97.36
-97.32
-97.35
-97.46
-97.45
-97.31
-97.23
-97.18
-97.23
-97.47
-97.47
-97.56
-97.48
-97.34
-97.25
-97.12
-96.96
-97.08
-97.23
-97.21
-97.37
-97.52
-97.24
-97.25
-97.40
-97.29
-97.46
-97.44
-97.51
-97.44
-97.37
-97.25
-97.12
-97.13
-97.14
-97.27
-97.36
-97.45
-97.41
-97.37
-97.42
-97.23
-97.41
-97.44
-97.33
-97.44
-97.46
-97.43
-97.47
-97.48
-97.62
-97.45
-97.40
-97.49
-97.36
-97.36
-97.47
-97.61
-97.32
-97.52
-97.34
-97.24
-97.22
-97.25
-97.37
-97.46
-97.54
-97.57
-97.51
-97.67
-97.72
-97.73
-97.61
-97.40
-97.23
-97.36
-97.35
-97.42
-97.48
-97.49
-97.46
-97.50
-97.63
-97.62
-97.63
-97.47
-97.61
-97.47
-97.43
-97.39
-97.33
-97.33
-97.49
-97.66
-97.77
-97.65
-97.53
-97.27
-97.21
-97.28
-97.23
-97.14
-97.20
-97.24
-97.15
-97.21
-97.31
-97.19
-97.28
-97.34
