Frequency: 1.000000
Sample Rate: 1000000.000000
Vector Length: 1
Notes: 
-379.30
-102.83
-100.33
-98.67
-97.67
-97.58
-97.59
-97.69
-97.72
-97.78
-97.77
-97.74
-97.66
-97.54
-97.54
-97.56
-97.63
-97.96
-97.89
-97.96
-97.94
-97.75
-97.77
-97.87
-97.85
-97.90
-97.96
-97.97
-97.91
-97.85
-97.77
-97.70
-97.65
-97.77
-97.70
-97.77
-97.83
-97.82
-97.85
-97.80
-97.72
-97.83
-97.70
-97.83
-97.88
-97.79
-97.79
-97.76
-97.88
-97.84
-97.81
-97.74
-97.61
-97.65
-97.78
-97.78
-97.83
-97.87
-98.04
-98.13
-98.03
-98.32
-98.11
-97.76
-97.73
-97.64
-97.62
-97.98
-98.07
-98.13
-98.19
-98.12
-98.11
-98.04
-97.93
-97.96
-98.06
-98.04
-98.15
-98.07
-98.01
-97.98
-97.94
-97.99
-97.91
-97.67
-97.77
-97.67
-97.76
-97.84
-97.69
-97.62
-97.54
-97.61
-97.68
-97.80
-97.79
-97.85
-97.92
-97.95
-98.03
-97.99
-97.82
-97.85
-97.83
-97.68
-97.76
-97.88
-97.80
-97.93
-97.96
-97.89
-97.90
-97.79
-97.81
-97.95
-98.00
-98.12
-97.95
-97.90
-97.84
-97.84
-97.80
-97.74
-97.84
-97.76
-97.97
-97.98
-98.07
-98.04
-98.01
-98.03
-97.96
-98.04
-98.03
-98.16
-97.93
-97.81
-97.78
-97.75
-98.00
-98.05
-98.17
-98.21
-98.01
-98.19
-98.03
-98.03
-98.06
-98.02
-98.11
-98.22
-98.11
-98.05
-97.97
-97.88
-97.70
-97.76
-97.91
-97.81
-98.02
-98.03
-97.88
-97.91
-97.84
-97.81
-97.78
-97.83
-97.92
-97.97
-98.13
-98.22
-98.11
-98.00
-97.98
-97.97
-97.97
-97.91
-97.74
-97.58
-97.62
-97.60
-97.70
-97.87
-98.01
-98.30
-98.05
-98.22
-98.17
-98.08
-98.04
-98.04
-98.07
-98.11
-98.01
-98.12
-98.04
-96.49
-96.54
-96.52
-96.45
-98.01
-97.84
-97.89
-97.85
-97.97
-98.00
-97.89
-97.90
-97.91
-97.79
-97.88
-97.88
-97.94
-98.06
-98.00
-98.03
-97.77
-97.63
-97.65
-97.61
-97.78
-97.80
-97.97
-97.90
-97.85
-97.88
-97.73
-97.74
-97.67
-97.60
-97.63
-97.76
-97.82
-97.76
-96.80
-94.48
-73.91
-73.89
-73.89
-73.90
-83.98
-96.39
-97.49
-97.69
-97.78
-97.89
-97.89
-97.95
-97.94
-98.00
-97.99
-97.94
-97.89
-97.83
-97.81
-97.86
-97.91
-98.05
-97.92
-98.01
-97.91
-98.04
-98.08
-98.20
-98.34
-98.45
-98.43
-98.27
-98.21
-98.14
-98.03
-98.09
-97.94
-97.93
-98.01
-97.99
-98.19
-98.10
-96.22
-88.65
-63.44
-54.95
-54.94
-54.94
-56.50
-85.26
-91.37
-92.56
-96.74
-97.06
-97.45
-97.64
-97.77
-97.73
-97.67
-97.60
-97.58
-97.74
-97.75
-97.72
-97.75
-97.75
-97.60
-97.71
-97.84
-97.95
-97.96
-97.93
-97.93
-97.76
-97.86
-97.95
-97.79
-97.94
-97.76
-97.68
-97.78
-97.79
-97.94
-98.06
-98.02
-97.98
-97.83
-97.67
-97.85
-97.93
-97.90
-97.99
-97.87
-97.84
-97.90
-97.87
-97.85
-97.88
-97.89
-97.74
-97.67
-97.69
-97.69
-97.86
-98.01
-97.96
-98.10
-97.95
-97.88
-97.86
-97.49
-97.59
-97.44
-97.58
-97.76
-97.91
-97.98
-97.86
-97.84
-97.86
-98.00
-97.97
-97.99
-97.90
-97.75
-97.88
-97.86
-97.90
-97.81
-97.85
-97.72
-97.85
-97.78
-97.75
-97.76
-97.82
-97.71
-97.73
-97.81
-97.79
-97.60
-97.81
-97.76
-97.80
-97.91
-97.93
-97.99
-97.91
-97.91
-97.87
-97.79
-97.82
-97.82
-97.79
-98.03
-97.89
-98.04
-97.80
-97.60
-97.61
-97.63
-97.76
-97.84
-97.93
-97.94
-97.95
-97.99
-97.93
-98.10
-97.94
-98.01
-97.88
-97.87
-97.87
-97.95
-97.95
-97.92
-97.96
-97.95
-98.07
-98.14
-98.17
-98.03
