Frequency: 1.000000
Sample Rate: 1000000.000000
Vector Length: 1
Notes: 
-379.30
-102.37
-99.89
-98.27
-97.29
-97.40
-97.50
-97.55
-97.55
-97.57
-97.38
-97.42
-97.57
-97.47
-97.59
-97.57
-97.34
-97.50
-97.32
-97.39
-97.44
-97.38
-97.37
-97.41
-97.38
-97.43
-97.46
-97.42
-97.49
-97.49
-97.45
-97.21
-97.02
-97.13
-97.19
-97.31
-97.49
-97.32
-97.29
-97.13
-97.17
-97.21
-97.38
-97.42
-97.61
-97.76
-97.67
-97.69
-97.77
-97.70
-97.44
-97.38
-97.39
-97.37
-97.44
-97.20
-97.19
-97.28
-97.18
-97.39
-97.49
-97.51
-97.74
-97.78
-97.71
-97.76
-97.55
-97.42
-97.49
-97.35
-97.30
-97.35
-97.13
-97.24
-97.44
-97.50
-97.67
-97.67
-97.64
-97.61
-97.54
-97.51
-97.43
-97.28
-97.23
-97.32
-97.37
-97.39
-97.43
-97.42
-97.58
-97.84
-97.65
-97.64
-97.60
-97.59
-97.61
-97.62
-97.56
-97.51
-97.46
-97.57
-97.59
-97.59
-97.50
-97.44
-97.20
-97.24
-97.20
-97.21
-97.55
-97.44
-97.70
-97.51
-97.47
-97.57
-97.47
-97.51
-97.52
-97.55
-97.63
-97.43
-97.41
-97.41
-97.23
-97.24
-97.07
-96.98
-97.12
-97.30
-97.36
-97.45
-97.37
-97.31
-97.29
-97.29
-97.11
-97.13
-97.25
-97.24
-97.61
-97.72
-97.54
-97.62
-97.72
-97.64
-97.68
-97.64
-97.49
-97.50
-97.39
-97.40
-97.45
-97.35
-97.34
-97.29
-97.28
-97.38
-97.38
-97.54
-97.45
-97.47
-97.44
-97.36
-97.62
-97.59
-97.62
-97.79
-97.60
-97.78
-97.75
-97.53
-97.52
-97.21
-97.30
-97.38
-97.41
-97.44
-97.33
-97.59
-97.57
-97.48
-97.44
-97.39
-97.35
-97.28
-97.35
-97.56
-97.64
-97.76
-97.81
-97.79
-97.68
-97.45
-97.45
-97.30
-97.47
-97.37
-97.34
-97.50
-97.48
-97.46
-97.63
-97.43
-97.29
-97.25
-97.44
-97.45
-97.60
-97.49
-97.21
-97.37
-97.40
-97.37
-97.58
-97.55
-97.49
-97.49
-97.29
-97.41
-97.46
-97.49
-97.67
-97.46
-97.51
-97.61
-97.76
-97.91
-97.69
-97.47
-97.27
-97.04
-97.09
-97.17
-97.27
-97.16
-97.31
-97.24
-97.31
-97.54
-97.44
-97.61
-97.42
-97.25
-97.22
-97.15
-97.31
-97.27
-97.27
-97.41
-97.42
-97.54
-97.49
-97.42
-97.30
-97.30
-97.40
-97.46
-97.47
-97.46
-97.35
-97.33
-97.25
-97.23
-97.18
-97.14
-97.08
-97.32
-97.34
-97.57
-97.58
-97.64
-97.58
-97.56
-97.66
-97.64
-97.59
-97.55
-97.34
-97.19
-97.21
-97.08
-97.24
-97.44
-97.27
-97.36
-97.27
-97.18
-97.31
-97.21
-97.20
-97.32
-97.41
-97.47
-97.77
-97.52
-97.41
-97.52
-97.59
-97.56
-97.87
-97.84
-97.66
-97.70
-97.58
-97.40
-97.25
-97.27
-97.08
-97.22
-97.56
-97.36
-97.47
-97.47
-97.34
-97.51
-97.71
-97.51
-97.57
-97.40
-97.40
-97.58
-97.53
-97.58
-97.50
-97.42
-97.46
-97.32
-97.40
-97.32
-97.41
-97.53
-97.51
-97.48
-97.43
-97.41
-97.47
-97.40
-97.31
-97.20
-97.12
-97.07
-97.11
-97.19
-97.38
-97.61
-97.70
-97.69
-97.59
-97.52
-97.52
-97.56
-97.57
-97.47
-97.47
-97.39
-97.38
-97.33
-97.27
-97.20
-97.11
-97.45
-97.60
-97.71
-97.81
-97.79
-97.64
-97.40
-97.42
-97.38
-97.22
-97.32
-97.26
-97.12
-97.18
-97.44
-97.55
-97.74
-97.51
-97.53
-97.47
-97.40
-97.52
-97.74
-97.66
-97.49
-97.51
-97.40
-97.25
-97.37
-97.32
-97.26
-97.24
-97.20
-97.28
-97.14
-97.18
-97.12
-97.19
-97.42
-97.54
-97.45
-97.30
-97.30
-97.27
-97.26
-97.47
-97.21
-97.21
-97.06
-97.17
-97.28
-97.28
-97.18
-97.21
-97.17
-97.01
-97.11
-97.18
-97.20
-97.23
