Frequency: 1.000000
Sample Rate: 1000000.000000
Vector Length: 1
Notes: 
-379.30
-65.98
-65.98
-65.98
-66.17
-97.44
-97.26
-97.13
-97.25
-97.06
-97.12
-97.18
-97.23
-97.18
-97.44
-97.42
-97.30
-97.40
-97.19
-97.12
-97.15
-97.14
-97.25
-97.22
-97.16
-97.08
-97.08
-97.08
-97.23
-97.23
-97.25
-97.43
-97.53
-97.44
-97.46
-97.15
-97.14
-97.00
-96.96
-97.01
-97.01
-97.01
-97.16
-97.36
-97.43
-97.40
-97.37
-97.31
-97.23
-97.23
-97.20
-96.90
-97.11
-96.96
-96.95
-97.07
-96.98
-97.12
-97.09
-97.14
-97.17
-97.18
-97.19
-97.30
-97.15
-97.24
-97.36
-97.21
-97.17
-97.13
-97.00
-83.80
-83.79
-83.79
-83.79
-88.35
-97.12
-97.27
-97.20
-97.18
-97.16
-97.13
-97.20
-97.12
-97.08
-97.08
-97.17
-97.27
-97.22
-97.45
-97.31
-97.38
-97.35
-97.37
-97.35
-97.23
-97.22
-97.32
-97.24
-97.19
-97.20
-97.14
-97.08
-97.27
-97.29
-97.28
-97.02
-97.15
-97.11
-97.11
-97.28
-97.31
-97.27
-97.35
-97.44
-97.34
-97.24
-97.06
-96.91
-96.93
-96.99
-96.97
-97.28
-97.07
-97.11
-97.22
-97.02
-96.97
-97.08
-97.17
-97.20
-97.33
-97.25
-96.98
-97.06
-96.94
-97.10
-97.29
-97.20
-97.31
-97.31
-97.35
-97.23
-97.11
-96.94
-96.82
-96.86
-97.00
-96.88
-97.01
-96.95
-96.98
-97.04
-97.16
-97.19
-97.28
-97.17
-97.06
-97.08
-96.93
-97.08
-97.30
-97.28
-97.33
-97.22
-97.11
-97.08
-97.28
-97.26
-97.32
-97.33
-97.25
-97.24
-97.29
-97.29
-97.23
-97.02
-97.01
-97.02
-97.07
-97.17
-96.96
-97.14
-97.07
-97.02
-97.26
-97.33
-97.41
-97.42
-97.39
-97.43
-97.23
-97.31
-97.27
-97.36
-97.53
-97.32
-97.31
-97.06
-97.12
-97.18
-97.10
-97.10
-97.07
-97.00
-97.11
-97.30
-97.20
-97.28
-97.30
-97.18
-97.18
-97.17
-97.17
-97.19
-97.21
-97.17
-97.26
-97.34
-97.13
-97.27
-97.10
-97.19
-97.18
-97.16
-97.18
-97.14
-97.18
-97.17
-97.25
-97.14
-97.01
-97.00
-95.15
-67.52
-67.00
-67.00
-67.00
-70.61
-95.67
-97.12
-97.31
-97.21
-97.28
-97.27
-97.19
-97.16
-97.22
-97.14
-96.36
-71.65
-71.41
-71.41
-71.41
-72.86
-95.56
-74.87
-74.86
-74.86
-74.86
-95.51
-97.52
-97.62
-97.67
-97.51
-97.47
-97.26
-97.24
-97.21
-97.18
-97.09
-97.14
-97.21
-97.24
-97.34
-97.42
-97.29
-97.45
-97.58
-97.42
-97.54
-97.22
-97.24
-97.14
-97.07
-97.16
-97.10
-97.15
-97.21
-97.23
-97.12
-97.00
-97.00
-96.95
-97.08
-97.08
-97.07
-96.98
-96.99
-96.98
-97.16
-97.19
-97.15
-97.21
-97.25
-97.07
-97.25
-97.25
-97.28
-97.10
-97.03
-96.93
-96.90
-96.94
-96.98
-96.98
-97.08
-96.97
-97.06
-96.91
-96.80
-96.80
-96.79
-96.92
-97.13
-97.25
-97.25
-97.50
-97.28
-97.35
-97.03
-96.76
-95.02
-71.35
-67.97
-67.97
-67.97
-68.71
-93.76
-96.67
-97.06
-97.18
-97.26
-97.29
-97.34
-97.24
-97.22
-97.08
-97.05
-97.11
-97.11
-97.03
-97.04
-97.02
-97.08
-97.03
-97.04
-97.02
-96.92
-97.01
-96.81
-96.93
-97.01
-97.06
-97.29
-97.36
-97.48
-97.37
-97.17
-97.25
-97.12
-97.15
-97.36
-97.29
-97.22
-97.14
-97.11
-97.22
-97.33
-97.41
-97.47
-97.48
-97.25
-97.18
-97.16
-97.04
-97.14
-97.21
-97.30
-97.31
-97.11
-97.21
-97.05
-97.08
-97.12
-97.01
-97.13
-97.12
-97.18
-97.17
-97.21
-97.15
-97.13
-97.03
-97.00
-97.01
-97.01
-97.04
-97.09
-97.08
-97.08
-97.09
-97.33
-97.26
-97.13
-97.09
-96.92
-96.91
-96.94
-96.92
-97.02
