Frequency: 1.000000
Sample Rate: 1000000.000000
Vector Length: 1
Notes: 
-379.30
-102.49
-99.66
-98.10
-97.23
-97.13
-97.18
-97.28
-97.18
-97.23
-97.30
-97.30
-97.36
-97.26
-97.20
-97.26
-97.38
-97.47
-97.48
-97.48
-97.28
-97.16
-97.21
-97.12
-97.24
-97.19
-97.23
-97.35
-97.41
-97.47
-97.61
-97.55
-97.54
-97.49
-97.36
-97.53
-97.36
-97.43
-97.36
-97.23
-97.31
-97.40
-97.36
-97.34
-97.35
-97.23
-97.09
-97.06
-97.04
-97.07
-97.03
-97.15
-97.15
-97.19
-97.03
-96.97
-97.01
-97.00
-97.31
-97.32
-97.45
-97.51
-97.38
-97.43
-97.35
-97.38
-97.37
-97.34
-97.37
-97.16
-97.28
-97.28
-97.30
-97.28
-97.35
-97.45
-97.49
-97.40
-97.29
-97.35
-97.12
-97.29
-97.36
-97.29
-97.16
-97.20
-97.24
-97.13
-97.32
-97.29
-97.16
-97.17
-97.29
-97.28
-97.21
-97.25
-97.23
-97.29
-97.27
-97.29
-97.28
-97.32
-97.27
-97.32
-97.33
-97.21
-97.23
-97.11
-97.22
-97.14
-97.23
-97.37
-97.38
-97.34
-97.25
-97.17
-96.99
-97.08
-97.10
-97.10
-97.24
-97.31
-97.31
-97.21
-97.28
-97.22
-97.29
-97.42
-97.49
-97.39
-97.29
-97.24
-97.10
-97.10
-97.19
-97.23
-97.37
-97.38
-97.38
-97.44
-97.41
-97.54
-97.59
-97.51
-97.59
-97.63
-97.44
-97.26
-97.14
-97.02
-97.03
-97.16
-97.16
-97.27
-97.17
-97.35
-97.49
-97.51
-97.46
-97.41
-97.25
-97.29
-97.25
-97.37
-97.60
-97.44
-97.43
-97.53
-97.27
-97.36
-97.33
-97.23
-97.39
-97.29
-97.31
-97.35
-97.41
-97.58
-97.54
-97.60
-97.57
-97.31
-97.40
-97.48
-97.36
-97.37
-97.28
-97.24
-97.15
-97.18
-97.13
-97.20
-97.30
-97.45
-97.36
-97.19
-97.16
-97.07
-97.10
-97.26
-97.25
-97.20
-97.28
-97.31
-97.51
-97.43
-97.57
-97.56
-97.49
-97.43
-97.49
-97.37
-97.37
-97.48
-97.31
-97.28
-97.30
-97.20
-97.17
-97.35
-97.51
-97.58
-97.63
-97.47
-97.32
-97.35
-97.30
-97.38
-97.34
-97.32
-97.29
-97.23
-97.24
-97.20
-97.14
-97.23
-97.23
-97.26
-97.40
-97.41
-97.43
-97.46
-97.32
-97.20
-97.23
-97.20
-97.19
-97.23
-97.22
-97.33
-97.34
-97.27
-97.01
-96.91
-96.81
-96.92
-97.25
-97.20
-97.38
-97.53
-97.50
-97.32
-97.23
-97.26
-97.12
-97.33
-97.46
-97.54
-97.52
-97.57
-97.49
-97.41
-97.33
-97.22
-97.38
-97.42
-97.64
-97.58
-97.70
-97.41
-97.22
-97.24
-97.09
-97.11
-97.28
-97.25
-97.31
-97.31
-97.11
-97.15
-97.23
-97.17
-97.46
-97.27
-97.36
-97.37
-97.42
-97.50
-97.46
-97.45
-97.38
-97.33
-97.32
-97.38
-97.39
-97.19
-97.08
-96.96
-96.88
-97.06
-97.05
-97.10
-97.31
-97.27
-97.51
-97.59
-97.46
-97.44
-97.33
-97.29
-97.26
-97.16
-97.13
-97.14
-97.19
-97.38
-97.31
-97.24
-97.20
-97.26
-97.15
-97.41
-97.41
-97.39
-97.41
-97.38
-97.37
-97.32
-97.32
-97.32
-97.38
-97.41
-97.50
-97.48
-97.48
-97.36
-97.42
-97.41
-97.42
-97.31
-97.19
-97.15
-97.12
-97.24
-97.42
-97.52
-97.55
-97.44
-97.52
-97.26
-97.17
-97.24
-97.14
-97.28
-97.35
-97.41
-97.44
-97.35
-97.37
-97.27
-97.35
-97.51
-97.52
-97.52
-97.38
-97.36
-97.27
-97.23
-97.44
-97.31
-97.27
-97.27
-97.05
-96.97
-97.05
-97.12
-97.18
-97.20
-97.28
-97.31
-97.40
-97.51
-97.51
-97.43
-97.24
-97.15
-97.18
-97.18
-97.30
-97.40
-97.48
-97.31
-97.39
-97.36
-97.42
-97.56
-97.39
-97.34
-97.22
-97.27
-97.38
-97.26
-97.23
-97.01
-96.97
-97.10
-97.25
-97.38
-97.32
-97.22
-97.04
