Frequency: 1.000000
Sample Rate: 1000000.000000
Vector Length: 1
Notes: 
-379.30
-102.80
-100.40
-98.71
-97.39
-97.43
-97.37
-97.29
-97.39
-97.43
-97.25
-97.41
-97.38
-97.48
-97.47
-97.56
-97.64
-97.65
-97.65
-97.68
-97.54
-97.54
-97.56
-97.49
-97.43
-97.58
-97.59
-97.72
-97.81
-97.81
-97.74
-97.64
-97.77
-97.73
-97.81
-97.80
-97.65
-97.55
-97.67
-97.45
-97.46
-97.28
-97.20
-97.34
-97.46
-97.51
-97.47
-97.52
-97.49
-97.45
-97.40
-97.52
-97.46
-97.53
-97.62
-97.63
-97.71
-97.65
-97.73
-97.68
-97.70
-97.55
-97.56
-97.55
-97.62
-97.64
-97.65
-97.72
-97.75
-97.78
-97.64
-97.34
-97.10
-94.55
-67.52
-67.51
-67.51
-67.51
-91.70
-97.23
-97.33
-97.47
-97.41
-97.51
-97.51
-97.63
-97.73
-97.81
-97.70
-97.67
-97.52
-97.47
-97.53
-97.57
-97.59
-97.56
-97.63
-97.56
-97.49
-97.59
-97.36
-97.38
-97.28
-97.39
-97.47
-97.55
-97.58
-97.54
-97.60
-97.66
-97.72
-97.73
-97.63
-97.62
-97.59
-97.40
-97.35
-97.27
-97.34
-97.38
-97.45
-97.32
-97.26
-97.26
-97.37
-97.52
-97.60
-97.54
-97.63
-97.57
-97.49
-97.51
-97.54
-97.61
-97.45
-97.56
-97.52
-97.45
-97.57
-97.61
-97.69
-97.68
-97.46
-97.50
-97.43
-97.40
-97.41
-97.45
-97.48
-97.59
-97.68
-97.71
-97.78
-97.76
-97.74
-97.70
-97.65
-97.68
-97.69
-97.77
-97.74
-97.61
-97.52
-97.49
-97.54
-97.40
-97.44
-97.44
-97.33
-97.32
-97.30
-97.32
-97.33
-97.46
-97.47
-97.52
-97.67
-97.68
-97.69
-97.80
-97.67
-97.68
-97.64
-97.63
-97.59
-97.49
-97.32
-97.40
-97.43
-97.39
-97.25
-97.39
-97.43
-97.47
-97.65
-97.68
-97.70
-97.66
-97.70
-97.73
-97.74
-97.67
-97.58
-97.51
-97.54
-97.54
-97.72
-97.63
-97.50
-97.58
-97.52
-97.64
-97.66
-97.67
-97.61
-97.47
-97.33
-97.25
-97.23
-97.25
-97.31
-97.55
-97.49
-97.63
-97.73
-97.66
-97.72
-97.52
-97.19
-78.21
-71.29
-71.29
-71.29
-71.29
-96.26
-97.16
-97.34
-97.43
-97.60
-97.66
-97.77
-97.84
-97.71
-97.78
-97.54
-97.49
-97.50
-97.46
-97.54
-97.55
-97.49
-97.51
-97.40
-97.27
-97.34
-97.31
-97.44
-97.39
-97.48
-97.58
-97.41
-97.53
-97.44
-97.29
-97.28
-97.11
-97.30
-97.38
-97.38
-97.57
-97.30
-97.56
-97.66
-97.68
-97.83
-97.79
-97.79
-97.60
-97.62
-97.50
-97.38
-97.39
-97.58
-97.54
-97.50
-97.50
-97.36
-97.42
-97.40
-97.35
-97.42
-97.33
-97.32
-97.45
-97.26
-97.27
-97.38
-97.62
-97.73
-97.81
-97.74
-97.49
-97.29
-97.31
-97.31
-97.52
-97.56
-97.70
-97.63
-97.59
-97.55
-97.52
-97.63
-97.53
-97.53
-97.63
-97.59
-97.59
-97.71
-97.76
-97.61
-97.74
-97.74
-97.68
-97.75
-97.69
-97.63
-97.62
-97.60
-97.56
-97.55
-97.54
-97.53
-97.36
-97.16
-97.07
-97.06
-97.13
-97.25
-97.43
-97.57
-97.61
-97.72
-97.63
-97.57
-97.63
-97.62
-97.65
-97.60
-97.60
-97.44
-97.50
-97.44
-97.42
-97.50
-97.62
-97.65
-97.64
-97.54
-97.60
-97.45
-97.47
-97.62
-97.53
-97.59
-97.64
-97.70
-97.62
-97.44
-97.50
-97.38
-97.41
-97.67
-97.65
-97.60
-97.53
-97.52
-97.42
-97.66
-97.60
-97.61
-97.40
-97.51
-97.64
-97.63
-97.79
-97.82
-97.68
-97.80
-97.79
-97.69
-97.64
-97.40
-97.33
-97.36
-97.35
-97.51
-97.47
-97.56
-97.65
-97.64
-97.66
-97.55
-97.44
-97.48
-97.39
-97.43
-97.40
-97.37
-97.51
-97.48
-97.64
-97.62
-97.55
-97.68
-97.77
-97.95
-98.06
-97.91
-97.89
