Frequency: 1.000000
Sample Rate: 1000000.000000
Vector Length: 1
Notes: 
-379.30
-102.12
-100.12
-98.46
-97.48
-97.40
-97.30
-97.22
-97.33
-97.39
-97.39
-97.40
-97.37
-97.42
-97.39
-97.37
-97.31
-97.23
-97.33
-97.24
-97.17
-97.25
-97.10
-97.09
-97.28
-97.33
-97.37
-97.34
-97.25
-97.28
-97.36
-97.34
-97.45
-97.54
-97.35
-97.33
-97.27
-96.98
-97.17
-97.30
-97.31
-97.23
-96.98
-97.10
-97.01
-97.10
-97.33
-97.32
-97.30
-97.35
-97.34
-97.33
-97.41
-97.38
-97.38
-97.32
-97.34
-97.38
-97.51
-97.59
-97.65
-97.64
-97.53
-97.44
-97.44
-97.43
-97.36
-97.38
-97.36
-97.28
-97.23
-97.34
-97.37
-97.29
-97.35
-97.39
-97.32
-97.37
-97.41
-97.36
-97.49
-97.45
-97.41
-97.44
-97.34
-97.31
-97.39
-97.26
-97.25
-97.38
-97.49
-97.46
-97.46
-97.41
-97.26
-97.25
-97.26
-97.44
-97.33
-97.47
-97.41
-97.42
-97.42
-97.29
-97.38
-97.28
-97.39
-97.38
-97.31
-97.35
-97.17
-97.19
-97.16
-97.04
-97.17
-97.28
-97.34
-97.50
-97.54
-97.35
-97.26
-97.06
-97.10
-97.25
-97.27
-97.34
-97.39
-97.38
-97.23
-97.30
-97.33
-97.28
-97.39
-97.41
-97.27
-97.31
-97.25
-97.13
-97.05
-97.18
-97.38
-97.47
-97.68
-97.59
-97.65
-97.65
-97.47
-97.49
-97.16
-97.10
-97.20
-97.15
-97.38
-97.14
-96.96
-97.07
-97.20
-97.30
-97.62
-97.48
-97.38
-97.47
-97.31
-97.39
-97.46
-97.35
-97.42
-97.22
-97.18
-97.32
-97.18
-97.30
-97.29
-97.14
-97.11
-97.20
-97.15
-97.24
-97.30
-97.15
-97.20
-97.31
-97.23
-97.48
-97.35
-97.21
-97.28
-97.29
-97.25
-97.41
-97.40
-97.28
-97.25
-97.34
-97.28
-97.30
-97.35
-97.15
-97.18
-97.19
-97.32
-97.24
-97.32
-97.11
-97.21
-97.20
-97.28
-97.18
-97.21
-97.26
-97.28
-97.14
-97.32
-97.21
-97.18
-97.16
-97.17
-97.21
-97.21
-97.18
-97.19
-97.17
-97.19
-97.27
-97.31
-97.29
-97.24
-97.30
-97.17
-97.34
-97.27
-97.42
-97.42
-97.36
-97.29
-97.39
-97.34
-97.40
-97.32
-97.24
-97.30
-97.34
-97.32
-97.34
-97.24
-97.37
-97.24
-97.21
-97.17
-97.15
-97.29
-97.41
-97.42
-97.37
-97.25
-97.17
-97.29
-97.38
-97.36
-97.44
-97.51
-97.39
-97.45
-97.32
-97.24
-97.21
-97.37
-97.38
-97.42
-97.46
-97.50
-97.51
-97.61
-97.47
-97.44
-97.44
-97.44
-97.27
-97.20
-97.07
-97.24
-97.35
-97.36
-97.45
-97.20
-97.21
-97.19
-97.09
-97.33
-97.35
-97.36
-97.23
-97.00
-97.09
-97.11
-97.18
-97.14
-97.23
-97.19
-97.22
-97.34
-97.40
-97.35
-97.27
-97.20
-97.13
-97.19
-97.27
-97.36
-97.45
-97.48
-97.38
-97.46
-97.50
-97.57
-97.57
-97.68
-97.50
-97.29
-97.25
-97.07
-97.00
-97.21
-97.21
-97.34
-97.32
-97.16
-97.16
-97.05
-97.18
-97.24
-97.22
-97.13
-97.11
-97.12
-97.04
-97.29
-97.21
-97.29
-97.24
-97.19
-97.19
-97.00
-97.16
-97.10
-97.15
-97.27
-97.34
-97.29
-97.37
-97.49
-97.30
-97.33
-97.35
-97.21
-97.14
-97.09
-97.18
-97.05
-97.18
-97.23
-97.26
-97.31
-97.39
-97.32
-97.17
-97.34
-97.38
-97.34
-97.22
-97.21
-96.95
-97.03
-96.94
-96.98
-97.00
-97.11
-97.27
-97.40
-97.36
-97.32
-97.11
-97.09
-97.03
-97.23
-97.25
-97.26
-97.23
-97.08
-97.20
-97.20
-97.10
-97.27
-97.22
-97.18
-97.23
-97.16
-97.24
-97.25
-97.29
-97.41
-97.44
-97.39
-97.31
-97.37
-97.34
-97.36
-97.44
-97.51
-97.43
-97.40
-97.35
-97.11
-97.26
-97.21
-97.14
-97.22
-97.26
-97.45
-97.54
