Frequency: 1.000000
Sample Rate: 1000000.000000
Vector Length: 1
Notes: 
-379.30
-103.31
-100.49
-99.05
-97.77
-97.68
-97.71
-97.55
-97.67
-97.63
-97.68
-97.65
-97.68
-97.65
-97.70
-97.70
-97.65
-97.45
-97.42
-97.49
-97.50
-97.62
-97.58
-97.56
-97.67
-97.72
-97.70
-97.53
-97.64
-97.91
-97.87
-97.97
-97.98
-97.76
-97.81
-97.69
-97.66
-97.73
-97.68
-97.68
-97.70
-97.77
-97.73
-97.92
-97.83
-97.71
-97.66
-97.54
-97.64
-97.59
-97.75
-97.75
-97.84
-97.84
-97.78
-97.86
-97.88
-97.70
-97.67
-97.74
-97.64
-97.57
-97.65
-97.50
-97.56
-97.47
-97.40
-97.46
-97.25
-97.48
-97.58
-97.43
-97.74
-97.70
-97.69
-97.69
-97.77
-97.73
-97.53
-97.75
-97.76
-97.62
-97.75
-97.75
-97.76
-97.86
-97.95
-97.87
-97.78
-97.78
-97.71
-97.62
-97.71
-97.68
-97.71
-97.54
-97.47
-97.45
-97.45
-97.63
-97.74
-97.75
-97.81
-97.69
-97.53
-97.53
-97.57
-97.62
-97.54
-97.69
-97.75
-97.71
-97.81
-97.81
-97.76
-97.69
-97.59
-97.65
-97.60
-97.74
-97.78
-97.70
-97.72
-97.54
-97.64
-97.70
-97.55
-97.63
-97.79
-97.86
-97.99
-97.96
-97.79
-97.66
-97.91
-97.97
-97.83
-97.81
-97.61
-97.46
-97.57
-97.51
-97.51
-97.69
-97.80
-97.95
-98.04
-97.64
-97.60
-97.68
-97.57
-97.75
-97.70
-97.56
-97.74
-97.70
-97.68
-97.83
-97.86
-97.83
-97.84
-97.84
-97.83
-97.60
-97.71
-97.71
-97.68
-97.64
-97.58
-97.54
-97.58
-97.69
-97.69
-97.85
-97.81
-97.61
-97.49
-97.48
-97.50
-97.54
-97.60
-97.75
-97.78
-97.76
-97.75
-97.68
-97.62
-97.75
-97.70
-97.78
-97.76
-97.80
-97.88
-97.97
-97.85
-97.89
-97.71
-97.89
-97.83
-97.76
-97.77
-97.73
-97.82
-97.80
-97.74
-97.73
-97.72
-97.71
-97.48
-97.39
-97.34
-97.53
-97.64
-97.68
-97.72
-97.73
-97.78
-98.04
-98.13
-98.01
-97.90
-97.65
-97.42
-97.50
-97.50
-97.42
-97.52
-97.47
-97.41
-97.62
-97.63
-97.44
-97.58
-97.45
-97.44
-97.40
-97.48
-97.57
-97.66
-97.74
-97.79
-97.77
-97.75
-97.75
-97.83
-97.77
-97.91
-97.79
-97.71
-97.69
-97.49
-97.47
-97.59
-97.56
-97.75
-97.71
-97.88
-97.74
-97.61
-97.67
-97.57
-97.56
-97.51
-97.50
-97.40
-97.44
-97.60
-97.61
-97.80
-97.76
-97.69
-97.77
-97.84
-97.81
-97.69
-97.57
-97.58
-97.58
-97.79
-97.72
-97.85
-97.81
-97.68
-97.78
-97.69
-97.81
-97.94
-97.82
-97.87
-97.76
-97.62
-97.54
-97.48
-97.58
-97.45
-97.54
-97.06
-94.92
-72.76
-72.02
-72.02
-72.03
-91.08
-95.76
-97.27
-97.60
-97.64
-97.69
-97.66
-97.61
-97.62
-97.77
-97.72
-97.84
-97.72
-97.49
-97.58
-97.38
-97.39
-97.47
-97.57
-97.61
-97.62
-97.52
-97.48
-97.63
-97.60
-97.70
-97.61
-97.56
-97.59
-97.76
-97.84
-97.80
-97.90
-97.88
-97.78
-97.96
-97.80
-97.70
-97.61
-97.50
-97.53
-97.45
-97.52
-97.71
-97.80
-97.90
-97.79
-97.74
-97.76
-97.72
-97.78
-96.27
-95.69
-95.68
-95.65
-96.50
-97.74
-97.68
-97.64
-97.57
-97.50
-97.66
-97.67
-97.66
-97.83
-97.76
-97.84
-97.89
-97.71
-97.77
-97.49
-97.42
-97.54
-97.42
-97.53
-97.65
-97.62
-97.69
-97.62
-97.66
-97.63
-97.73
-97.71
-97.66
-97.59
-97.46
-97.49
-97.38
-97.60
-97.58
-97.60
-97.53
-97.50
-97.60
-97.60
-97.90
-97.93
-97.98
-98.01
-97.94
-97.85
-97.76
-97.63
-97.83
-97.66
-97.65
-97.60
-97.36
-97.30
-97.45
-97.46
-97.54
-97.61
-97.67
-97.42
-97.49
-97.55
-97.45
-97.65
