Frequency: 1.000000
Sample Rate: 1000000.000000
Vector Length: 1
Notes: 
-379.30
-103.08
-100.52
-98.86
-97.68
-97.62
-97.53
-97.54
-97.56
-97.77
-97.67
-97.75
-97.77
-97.66
-97.73
-97.81
-97.78
-97.71
-97.60
-97.54
-97.56
-97.72
-97.74
-97.71
-97.72
-97.60
-97.68
-97.66
-97.73
-97.68
-97.66
-97.63
-97.64
-97.79
-97.77
-97.73
-97.70
-97.56
-97.56
-97.64
-97.78
-97.76
-97.73
-97.64
-97.73
-97.73
-97.82
-97.76
-97.78
-97.91
-97.83
-97.81
-97.85
-97.82
-97.66
-97.43
-97.34
-97.37
-97.40
-97.57
-97.64
-97.57
-97.54
-97.64
-97.48
-97.61
-97.67
-97.53
-97.67
-97.68
-97.76
-97.87
-97.91
-97.93
-97.88
-97.85
-97.86
-97.85
-97.93
-97.74
-97.71
-97.66
-97.59
-97.43
-97.64
-97.62
-97.90
-97.87
-97.93
-97.75
-97.76
-97.79
-97.81
-97.76
-97.89
-97.87
-97.71
-97.76
-97.73
-97.92
-97.92
-97.96
-97.86
-97.69
-97.92
-97.86
-97.90
-97.99
-98.01
-97.95
-97.94
-97.90
-97.66
-97.71
-97.71
-97.96
-98.01
-97.93
-97.71
-97.55
-97.53
-97.75
-97.88
-97.98
-98.04
-97.96
-97.99
-97.94
-98.00
-97.86
-97.84
-97.78
-97.67
-97.68
-97.61
-97.63
-97.76
-97.82
-97.81
-97.63
-97.41
-97.38
-97.54
-97.65
-97.64
-97.81
-97.68
-97.70
-97.78
-97.73
-97.65
-97.44
-97.45
-97.54
-97.59
-97.65
-97.58
-97.51
-97.47
-97.60
-97.62
-97.65
-97.80
-97.77
-97.68
-97.48
-97.46
-97.43
-97.57
-97.79
-97.67
-97.55
-97.56
-97.52
-97.62
-97.60
-97.66
-97.54
-97.47
-97.52
-97.38
-97.53
-97.69
-97.64
-97.72
-97.70
-97.59
-97.64
-97.69
-97.81
-97.66
-97.74
-97.71
-97.61
-97.56
-97.56
-97.53
-97.45
-97.47
-97.70
-97.63
-97.79
-97.77
-97.71
-97.71
-97.70
-97.77
-97.61
-97.56
-97.71
-97.76
-97.92
-97.96
-97.93
-97.76
-97.69
-97.52
-97.46
-97.48
-97.49
-97.47
-97.34
-97.50
-97.32
-97.35
-97.46
-97.70
-97.80
-97.95
-97.75
-97.86
-97.69
-97.64
-97.74
-97.72
-97.67
-97.67
-97.43
-97.23
-97.29
-97.24
-97.41
-97.63
-97.47
-97.57
-97.42
-97.37
-97.43
-97.41
-97.60
-97.86
-97.82
-97.98
-97.69
-97.63
-97.56
-97.54
-97.79
-97.72
-97.79
-97.78
-97.80
-97.82
-97.81
-97.73
-97.82
-97.57
-97.78
-97.81
-97.65
-97.78
-97.68
-97.60
-97.49
-97.61
-97.60
-97.71
-97.64
-97.51
-97.40
-97.31
-97.37
-97.58
-97.61
-97.67
-97.93
-97.80
-97.86
-97.78
-97.73
-97.79
-97.75
-97.96
-97.90
-97.77
-97.76
-97.62
-97.46
-97.63
-97.69
-97.88
-97.95
-97.82
-98.00
-97.76
-97.78
-97.81
-97.73
-97.72
-97.71
-97.79
-97.57
-97.64
-97.64
-97.34
-97.30
-97.28
-97.27
-97.41
-97.39
-97.49
-97.56
-97.61
-97.71
-97.83
-97.81
-97.72
-97.73
-97.62
-97.48
-97.58
-97.50
-97.34
-97.47
-97.44
-97.62
-97.55
-97.62
-97.42
-97.32
-97.44
-97.41
-97.40
-97.49
-97.45
-97.55
-97.60
-97.77
-97.81
-97.82
-97.70
-97.70
-97.49
-97.51
-97.63
-97.57
-97.75
-97.84
-97.81
-97.73
-97.69
-97.60
-97.62
-97.68
-97.70
-97.52
-97.54
-97.48
-97.53
-97.66
-97.76
-97.87
-97.73
-97.65
-97.59
-97.58
-97.72
-97.80
-97.93
-97.82
-97.60
-97.50
-97.48
-97.67
-97.57
-97.60
-97.61
-97.48
-97.63
-97.65
-97.56
-97.62
-97.53
-97.51
-97.54
-97.47
-97.49
-97.56
-97.62
-97.78
-97.93
-97.97
-97.89
-97.81
-97.58
-97.46
-97.55
-97.50
-97.70
-97.69
-97.75
-97.81
-97.72
-97.68
-97.72
-97.73
-97.83
-97.73
-97.74
-97.56
-97.50
