Frequency: 1.000000
Sample Rate: 1000000.000000
Vector Length: 1
Notes: 
-379.30
-102.30
-99.90
-98.33
-97.27
-97.44
-87.27
-87.10
-87.10
-87.06
-90.46
-96.93
-96.99
-97.13
-97.22
-97.25
-97.19
-97.10
-97.04
-96.96
-97.12
-97.22
-97.30
-97.39
-97.30
-97.24
-97.39
-97.40
-97.48
-97.41
-97.24
-97.12
-97.11
-97.13
-97.32
-97.23
-97.10
-97.03
-97.08
-97.01
-97.09
-97.20
-97.23
-97.44
-97.39
-97.40
-97.20
-97.13
-97.08
-97.05
-97.24
-97.13
-97.07
-97.00
-96.83
-96.96
-96.93
-97.05
-97.07
-97.02
-97.21
-97.30
-97.30
-97.28
-97.26
-97.36
-97.35
-97.29
-97.22
-97.22
-97.22
-97.34
-97.29
-97.16
-97.10
-97.23
-97.36
-97.42
-97.45
-97.34
-97.09
-97.06
-96.96
-96.95
-97.04
-97.08
-97.31
-97.19
-97.10
-97.05
-96.91
-96.86
-96.96
-97.01
-97.00
-97.08
-97.07
-97.05
-97.15
-97.16
-97.05
-96.94
-96.86
-97.01
-97.19
-97.26
-97.43
-97.29
-97.33
-97.32
-97.26
-97.13
-97.15
-97.12
-97.05
-97.12
-97.04
-97.04
-97.15
-97.12
-97.29
-97.31
-97.18
-97.08
-97.03
-96.96
-96.94
-97.03
-97.00
-96.97
-97.01
-97.13
-97.04
-97.24
-97.15
-97.17
-97.12
-97.10
-97.16
-97.20
-97.30
-97.28
-97.09
-96.96
-97.00
-96.96
-97.20
-97.17
-97.20
-97.25
-97.33
-97.29
-97.35
-97.35
-97.23
-97.27
-97.07
-97.07
-97.10
-97.17
-97.27
-97.34
-97.23
-97.29
-97.12
-97.07
-97.07
-97.08
-97.05
-97.18
-97.20
-97.30
-97.47
-97.39
-97.42
-97.25
-97.25
-97.19
-97.30
-97.51
-97.38
-97.49
-97.37
-97.36
-97.32
-97.28
-97.29
-97.16
-97.26
-97.29
-97.30
-97.19
-97.33
-97.24
-97.26
-97.45
-97.36
-97.36
-97.27
-97.15
-97.04
-96.82
-96.91
-96.86
-96.94
-97.15
-97.14
-97.16
-97.37
-97.31
-97.32
-97.10
-97.15
-97.28
-97.32
-97.29
-97.38
-97.24
-97.31
-97.40
-97.35
-97.29
-97.35
-97.42
-97.60
-97.57
-97.56
-97.32
-97.23
-97.26
-97.22
-97.24
-97.22
-97.09
-97.26
-97.47
-97.30
-97.29
-97.07
-96.99
-96.98
-97.00
-97.03
-96.99
-96.93
-96.99
-96.96
-97.06
-97.18
-97.28
-97.06
-97.06
-96.99
-97.05
-97.13
-97.15
-97.15
-97.16
-97.05
-97.00
-97.17
-97.16
-97.30
-97.54
-97.49
-97.42
-97.26
-97.25
-97.16
-97.30
-97.29
-97.37
-97.28
-97.26
-97.25
-97.10
-97.09
-97.10
-97.04
-97.30
-97.19
-97.30
-97.25
-97.11
-97.21
-97.22
-97.24
-97.26
-97.25
-97.24
-97.38
-97.32
-97.40
-97.38
-97.32
-97.32
-97.32
-97.34
-97.34
-97.31
-97.32
-97.36
-97.40
-97.42
-97.28
-97.27
-97.21
-97.01
-97.13
-96.99
-97.15
-97.21
-97.17
-97.27
-97.15
-97.10
-96.95
-97.06
-96.98
-97.13
-97.29
-97.19
-97.16
-97.11
-96.95
-97.11
-96.99
-97.14
-97.16
-97.18
-97.14
-97.18
-97.14
-97.21
-97.21
-97.29
-97.16
-97.19
-97.12
-97.18
-97.20
-97.12
-97.21
-97.21
-97.18
-97.29
-97.40
-97.31
-97.48
-97.45
-97.33
-97.30
-97.13
-97.16
-97.08
-97.14
-97.11
-97.14
-97.20
-97.38
-97.59
-97.68
-97.54
-97.44
-97.26
-97.27
-97.22
-97.20
-97.23
-97.25
-97.21
-97.35
-97.30
-97.39
-97.58
-97.46
-97.46
-97.34
-97.07
-96.94
-96.94
-96.93
-97.12
-97.18
-97.35
-97.36
-97.44
-97.52
-97.34
-97.34
-97.33
-97.30
-97.22
-97.14
-97.24
-97.10
-96.81
-96.79
-96.82
-96.76
-97.16
-97.10
-97.17
-97.06
-96.91
-96.96
-96.99
-97.14
-97.30
-97.30
-97.18
-97.23
-97.04
-96.98
-96.99
-96.92
-97.06
-97.18
-97.27
