Frequency: 1.000000
Sample Rate: 1000000.000000
Vector Length: 1
Notes: 
-379.30
-102.55
-100.22
-98.52
-97.49
-97.49
-97.39
-97.37
-97.25
-97.09
-96.86
-96.83
-96.94
-97.08
-97.21
-97.05
-97.08
-96.90
-96.82
-96.55
-94.11
-88.25
-62.57
-62.56
-62.56
-62.57
-89.40
-94.50
-96.62
-96.80
-97.11
-97.25
-97.34
-97.18
-97.08
-97.09
-97.26
-97.21
-97.27
-97.33
-97.28
-97.35
-97.46
-97.39
-97.29
-97.35
-97.20
-97.30
-97.45
-97.47
-97.37
-97.35
-97.18
-97.19
-97.42
-97.44
-97.51
-97.44
-97.29
-97.37
-97.25
-97.26
-97.12
-97.02
-97.16
-97.16
-97.29
-97.27
-97.25
-96.35
-95.47
-95.45
-95.30
-95.69
-97.21
-97.27
-97.45
-97.45
-97.66
-97.67
-97.54
-97.49
-97.44
-97.31
-97.27
-97.63
-97.63
-97.68
-97.70
-97.64
-97.51
-97.56
-97.41
-97.35
-97.38
-97.34
-97.47
-97.71
-97.45
-97.43
-97.24
-97.19
-97.29
-97.26
-97.19
-96.97
-97.05
-97.18
-97.42
-97.55
-97.52
-97.47
-97.30
-97.39
-97.41
-97.44
-97.54
-97.41
-97.44
-97.36
-97.42
-97.50
-97.46
-97.44
-97.41
-97.45
-97.38
-97.34
-97.27
-97.15
-97.17
-97.15
-97.33
-97.45
-97.57
-97.60
-97.49
-97.52
-97.32
-97.14
-97.15
-97.07
-96.97
-97.20
-97.18
-97.21
-97.31
-97.17
-97.05
-97.03
-97.15
-97.27
-97.45
-97.69
-97.84
-97.71
-97.58
-97.33
-97.23
-97.36
-97.52
-97.55
-97.45
-97.35
-97.41
-97.43
-97.53
-97.51
-97.47
-97.40
-97.33
-97.37
-97.32
-97.22
-97.22
-97.17
-97.17
-97.12
-97.24
-97.30
-97.30
-97.35
-97.32
-97.23
-97.29
-97.34
-97.29
-97.56
-97.45
-97.44
-97.59
-97.43
-97.25
-97.41
-97.47
-97.42
-97.57
-97.57
-97.37
-97.36
-97.28
-97.32
-97.32
-97.41
-97.41
-97.40
-97.22
-97.26
-97.31
-97.32
-97.48
-97.59
-97.65
-97.48
-97.34
-97.39
-97.39
-97.30
-97.31
-97.32
-97.40
-97.19
-97.37
-97.35
-97.29
-97.55
-97.53
-97.61
-97.53
-97.47
-97.61
-97.67
-97.51
-97.52
-97.30
-97.08
-97.09
-97.08
-97.24
-97.34
-97.36
-97.51
-97.49
-97.50
-97.53
-97.56
-97.44
-97.55
-97.55
-97.58
-97.63
-97.45
-97.50
-97.38
-97.48
-97.59
-97.64
-97.61
-97.36
-97.36
-97.33
-97.41
-97.46
-97.64
-97.60
-97.62
-97.69
-97.64
-97.65
-97.55
-97.40
-97.35
-97.22
-97.32
-97.32
-97.34
-97.47
-97.29
-97.35
-97.39
-97.34
-97.28
-97.25
-97.41
-97.38
-97.40
-97.54
-97.56
-97.46
-97.33
-97.35
-97.25
-97.33
-97.39
-97.47
-97.36
-97.29
-97.46
-97.33
-97.33
-97.58
-97.53
-97.52
-97.48
-97.38
-97.34
-97.42
-97.57
-97.54
-97.38
-97.29
-97.38
-97.28
-97.45
-97.57
-97.54
-97.43
-97.48
-97.42
-97.36
-97.41
-97.48
-97.51
-97.69
-97.69
-97.69
-97.58
-97.48
-97.53
-97.48
-97.66
-97.45
-97.44
-97.39
-97.29
-97.39
-97.38
-97.46
-97.47
-97.56
-97.63
-97.41
-97.33
-97.34
-97.28
-97.50
-97.64
-97.61
-97.65
-97.57
-97.62
-97.52
-97.52
-97.54
-97.35
-97.53
-97.52
-97.58
-97.42
-97.54
-97.43
-97.32
-97.48
-97.26
-97.35
-97.49
-97.21
-97.45
-97.38
-97.50
-97.68
-97.47
-97.49
-97.32
-97.33
-97.41
-97.45
-97.47
-97.39
-97.39
-97.39
-97.29
-97.20
-97.23
-97.14
-97.14
-97.32
-97.33
-97.58
-97.63
-97.63
-97.64
-97.62
-97.56
-97.42
-97.38
-97.33
-97.32
-97.39
-97.47
-97.56
-97.61
-97.68
-97.69
-97.41
-97.35
-97.16
-97.18
-97.25
-97.35
-97.41
-97.27
-97.23
-97.25
-97.31
-97.46
-97.42
-97.37
-97.19
-97.18
-97.36
