Frequency: 1.000000
Sample Rate: 1000000.000000
Vector Length: 1
Notes: 
-379.30
-102.72
-99.96
-98.54
-97.67
-97.62
-97.81
-97.81
-97.69
-97.62
-97.63
-97.58
-97.60
-97.50
-97.52
-97.46
-97.47
-97.58
-97.44
-97.49
-97.53
-97.52
-97.55
-97.58
-97.62
-97.56
-97.69
-97.80
-97.86
-97.87
-97.78
-97.62
-97.45
-97.38
-97.48
-97.55
-97.83
-97.77
-97.80
-97.70
-97.72
-97.65
-97.63
-97.50
-97.38
-97.47
-97.61
-97.61
-97.63
-97.50
-97.55
-97.49
-97.50
-97.49
-97.61
-97.64
-97.61
-97.74
-97.63
-97.61
-97.61
-97.50
-97.52
-97.42
-97.54
-97.59
-97.61
-97.80
-97.69
-97.52
-97.57
-97.58
-97.63
-97.85
-97.70
-97.62
-97.59
-97.66
-97.60
-97.63
-97.57
-97.65
-97.59
-97.57
-97.42
-97.35
-97.47
-97.58
-97.61
-97.75
-97.60
-97.56
-97.48
-97.37
-97.51
-97.57
-97.46
-97.52
-97.54
-97.39
-97.33
-97.38
-97.41
-97.56
-97.51
-97.64
-97.58
-97.68
-97.80
-97.90
-97.75
-97.75
-97.65
-97.59
-97.71
-97.73
-97.65
-97.66
-97.66
-97.73
-97.87
-97.89
-97.88
-97.77
-97.59
-97.57
-97.56
-97.49
-97.48
-97.51
-97.52
-97.48
-97.59
-97.56
-97.58
-97.63
-97.70
-97.58
-97.68
-97.58
-97.63
-97.54
-97.38
-97.31
-97.31
-97.32
-97.54
-97.84
-97.85
-97.60
-97.79
-97.71
-97.66
-97.71
-97.49
-97.54
-97.65
-97.82
-97.83
-97.73
-97.34
-97.42
-97.58
-97.77
-97.90
-97.93
-97.79
-97.41
-97.47
-97.37
-97.37
-97.66
-97.69
-97.79
-97.73
-97.65
-97.74
-97.82
-97.66
-97.69
-97.57
-97.29
-97.61
-97.71
-97.75
-97.87
-98.00
-97.87
-97.79
-97.77
-97.80
-97.83
-97.86
-97.85
-97.83
-97.53
-97.58
-97.57
-97.51
-97.72
-97.73
-97.69
-97.71
-97.74
-97.62
-97.69
-97.57
-97.53
-97.70
-97.67
-97.72
-97.70
-97.59
-97.58
-97.60
-97.71
-97.67
-97.57
-97.55
-97.49
-97.60
-97.73
-97.54
-97.54
-97.39
-97.32
-97.44
-97.49
-97.59
-97.79
-97.80
-97.70
-97.74
-97.62
-97.44
-97.53
-97.41
-97.44
-97.42
-97.42
-97.48
-97.46
-97.56
-97.56
-97.58
-97.60
-97.55
-97.56
-97.51
-97.50
-97.44
-97.46
-97.50
-97.71
-97.66
-97.81
-97.78
-97.71
-97.78
-97.68
-97.60
-97.60
-97.48
-97.45
-97.34
-97.32
-97.47
-97.53
-97.45
-97.65
-97.53
-97.44
-97.58
-97.60
-97.61
-97.50
-97.41
-97.38
-97.28
-97.45
-97.56
-97.58
-97.68
-97.75
-97.83
-97.74
-97.73
-97.60
-97.39
-97.53
-97.38
-97.34
-97.53
-97.47
-97.55
-97.57
-97.50
-97.35
-97.18
-95.51
-79.77
-67.50
-67.50
-67.50
-67.50
-93.17
-96.45
-97.38
-97.48
-97.51
-97.49
-97.62
-97.64
-97.62
-97.77
-97.95
-97.77
-97.79
-97.56
-97.34
-97.54
-97.56
-97.48
-97.69
-97.65
-97.48
-97.60
-97.61
-97.49
-97.67
-97.56
-97.38
-97.49
-97.52
-97.54
-97.74
-97.91
-97.94
-97.85
-97.79
-97.76
-97.70
-97.68
-97.71
-97.59
-97.72
-97.64
-97.22
-97.00
-96.87
-96.82
-97.12
-97.42
-97.52
-97.59
-97.60
-97.60
-97.65
-97.61
-97.66
-97.66
-97.52
-97.71
-97.65
-97.37
-97.29
-97.31
-97.34
-97.45
-97.66
-97.54
-97.58
-97.65
-97.38
-97.46
-97.27
-97.17
-97.27
-97.36
-97.44
-97.44
-97.23
-97.15
-97.10
-97.03
-97.21
-97.32
-97.41
-97.51
-97.68
-97.70
-97.80
-97.73
-97.66
-97.51
-97.41
-97.37
-97.37
-97.52
-97.59
-97.63
-97.55
-97.59
-97.55
-97.59
-97.62
-97.62
-97.60
-97.60
-97.73
-97.85
-97.83
-97.79
-97.90
-97.69
-97.62
-97.51
-97.37
-97.44
-97.51
