Frequency: 1.000000
Sample Rate: 1000000.000000
Vector Length: 1
Notes: 
-379.30
-103.06
-100.54
-98.89
-97.87
-97.76
-97.81
-97.63
-97.61
-97.59
-97.58
-97.81
-97.58
-97.61
-97.52
-97.43
-97.58
-97.70
-97.60
-97.84
-97.82
-97.83
-97.70
-97.64
-97.63
-97.70
-97.82
-97.91
-97.80
-97.86
-97.71
-97.71
-97.58
-97.64
-97.78
-97.80
-97.85
-97.82
-97.82
-97.78
-97.97
-98.01
-98.09
-97.98
-97.82
-97.68
-97.59
-97.57
-97.63
-97.53
-97.61
-97.63
-97.56
-97.58
-97.60
-97.58
-97.54
-97.68
-97.79
-97.72
-97.88
-97.77
-97.68
-97.61
-97.62
-97.69
-97.80
-97.88
-97.91
-97.68
-97.66
-97.47
-97.53
-97.50
-97.48
-97.78
-97.66
-97.76
-97.68
-97.48
-97.61
-97.56
-97.61
-97.66
-97.51
-97.65
-97.64
-97.66
-97.86
-97.86
-97.90
-97.69
-97.73
-97.70
-97.68
-97.80
-97.68
-97.67
-97.56
-97.58
-97.42
-97.34
-97.47
-97.53
-97.63
-97.84
-97.82
-97.69
-97.83
-97.77
-97.66
-97.77
-97.77
-97.67
-97.75
-97.73
-97.48
-97.59
-97.66
-97.72
-97.85
-97.78
-97.75
-97.80
-97.67
-97.63
-97.65
-97.49
-97.67
-97.76
-97.76
-97.87
-97.90
-97.76
-97.56
-97.51
-97.43
-97.55
-97.68
-97.72
-97.82
-97.82
-97.83
-97.78
-97.85
-97.89
-97.84
-97.97
-97.83
-97.68
-97.66
-97.55
-97.42
-97.44
-97.55
-97.53
-97.68
-97.76
-97.74
-97.79
-97.74
-97.74
-97.72
-97.77
-98.01
-97.88
-97.86
-97.71
-97.70
-97.72
-97.83
-97.97
-97.95
-97.95
-97.89
-97.93
-97.92
-98.07
-98.13
-98.17
-98.02
-97.89
-97.77
-97.72
-97.84
-97.76
-97.87
-97.84
-97.79
-97.90
-97.75
-97.92
-97.81
-97.91
-97.91
-97.95
-98.09
-98.05
-97.98
-97.96
-97.97
-98.12
-98.13
-98.29
-98.23
-98.21
-98.26
-98.16
-98.13
-97.97
-98.00
-98.03
-97.92
-97.93
-98.10
-98.04
-98.14
-98.05
-98.11
-98.01
-98.04
-98.07
-97.90
-97.87
-97.86
-97.89
-98.02
-97.99
-98.06
-97.97
-98.09
-98.13
-98.12
-98.01
-97.82
-97.57
-97.46
-97.57
-97.58
-97.75
-97.95
-98.10
-98.14
-98.03
-97.80
-97.64
-97.66
-97.81
-98.08
-98.24
-98.32
-98.42
-98.32
-98.34
-98.19
-98.13
-98.02
-97.95
-97.91
-97.96
-97.83
-97.86
-97.79
-97.69
-97.69
-97.58
-97.60
-97.59
-97.57
-97.56
-97.48
-97.25
-97.23
-97.09
-94.90
-90.36
-64.97
-64.89
-64.89
-64.89
-72.82
-93.73
-97.12
-97.77
-97.82
-97.81
-97.72
-97.62
-97.58
-97.60
-97.75
-97.75
-97.79
-97.83
-97.79
-97.81
-97.74
-97.62
-97.60
-97.67
-97.64
-97.89
-97.93
-97.74
-97.74
-97.66
-97.60
-97.67
-97.70
-97.85
-98.01
-98.06
-98.21
-98.13
-97.89
-97.74
-97.70
-97.74
-97.56
-97.42
-97.61
-97.49
-97.65
-97.83
-97.72
-97.77
-97.66
-97.78
-97.71
-97.61
-97.84
-97.55
-97.60
-97.76
-97.79
-97.90
-97.95
-97.95
-97.79
-97.82
-97.82
-97.74
-97.68
-97.61
-97.64
-97.66
-97.77
-97.77
-97.94
-98.00
-97.88
-97.83
-97.66
-97.55
-97.58
-97.67
-97.72
-97.78
-97.86
-97.81
-97.82
-97.88
-97.86
-97.88
-97.92
-97.84
-97.83
-97.78
-97.67
-97.62
-97.64
-97.64
-97.73
-97.77
-97.78
-97.90
-97.73
-97.66
-97.60
-97.57
-97.58
-97.83
-97.82
-97.90
-97.84
-97.82
-97.75
-97.68
-97.69
-97.75
-97.69
-97.81
-97.85
-97.66
-97.90
-97.76
-97.77
-97.90
-97.72
-97.60
-97.51
-97.44
-97.66
-97.65
-97.67
-97.70
-97.72
-97.72
-97.75
-97.80
-97.68
-97.76
-97.79
-97.78
-97.87
-97.88
-97.83
-97.78
-97.75
-97.67
