Frequency: 1.000000
Sample Rate: 1000000.000000
Vector Length: 1
Notes: 
-379.30
-102.90
-100.05
-98.58
-97.57
-97.47
-97.34
-97.30
-97.22
-97.32
-97.55
-97.58
-97.62
-97.47
-97.44
-97.31
-97.17
-97.29
-97.19
-97.29
-97.38
-97.37
-97.20
-97.23
-97.21
-97.10
-97.29
-97.36
-97.29
-97.38
-97.29
-97.31
-97.29
-97.36
-97.35
-97.22
-97.15
-97.18
-97.16
-97.16
-97.25
-97.20
-96.98
-96.95
-97.05
-97.00
-97.26
-97.40
-97.32
-97.25
-97.23
-97.21
-97.20
-97.33
-97.35
-97.36
-97.44
-97.36
-97.35
-97.32
-97.39
-97.28
-97.23
-97.19
-97.18
-97.15
-97.23
-97.36
-97.25
-97.30
-97.29
-97.24
-97.20
-97.31
-97.27
-97.06
-97.17
-97.15
-97.28
-97.37
-97.44
-97.34
-97.46
-97.47
-97.50
-97.62
-97.52
-97.36
-97.33
-97.31
-97.20
-97.40
-97.53
-97.39
-97.29
-97.33
-97.16
-97.07
-97.13
-97.05
-97.02
-97.12
-97.03
-97.25
-97.32
-97.35
-97.45
-97.31
-97.44
-97.41
-97.44
-97.54
-97.53
-97.55
-97.52
-97.50
-97.54
-97.36
-97.37
-97.39
-97.36
-97.25
-97.36
-97.41
-97.48
-97.38
-97.44
-97.40
-97.40
-97.21
-97.40
-97.30
-97.22
-97.41
-97.38
-97.35
-97.40
-97.42
-97.34
-97.20
-97.32
-97.23
-97.28
-97.31
-97.15
-97.16
-97.22
-97.27
-97.24
-97.32
-97.24
-97.25
-97.18
-97.13
-97.15
-97.23
-97.26
-97.37
-97.38
-97.38
-97.50
-97.59
-97.67
-97.43
-97.24
-96.97
-96.94
-96.94
-96.91
-97.09
-97.09
-97.22
-97.20
-97.15
-97.08
-97.14
-97.19
-97.33
-97.66
-97.53
-97.62
-97.52
-97.35
-97.36
-97.20
-97.16
-97.32
-97.20
-97.33
-97.26
-97.32
-97.31
-97.36
-97.45
-97.23
-97.24
-97.38
-97.48
-97.64
-97.69
-97.59
-97.41
-97.42
-97.40
-97.44
-97.45
-97.28
-97.33
-97.40
-97.35
-97.36
-97.34
-97.26
-97.21
-97.12
-97.23
-97.13
-97.11
-97.10
-97.32
-97.20
-97.40
-97.43
-97.46
-97.55
-97.47
-97.31
-97.25
-97.34
-97.33
-97.47
-97.36
-97.27
-97.18
-97.22
-97.31
-97.34
-97.30
-97.34
-97.27
-97.43
-97.54
-97.55
-97.39
-97.20
-97.03
-97.23
-97.41
-97.64
-97.83
-97.74
-97.74
-97.49
-97.29
-97.33
-97.29
-97.29
-97.37
-97.36
-97.43
-97.52
-97.47
-97.59
-97.48
-97.36
-97.39
-97.34
-97.43
-97.52
-97.64
-97.53
-97.51
-97.47
-97.49
-97.49
-97.56
-97.55
-97.50
-97.52
-97.49
-97.32
-97.40
-97.38
-97.23
-97.41
-97.41
-97.32
-97.46
-97.45
-97.36
-97.22
-97.08
-97.05
-97.02
-97.30
-97.39
-97.36
-97.38
-97.51
-97.51
-97.37
-97.35
-97.34
-97.24
-97.45
-97.41
-97.37
-97.48
-97.36
-97.42
-97.34
-97.32
-97.40
-97.27
-97.22
-97.01
-97.11
-97.24
-97.16
-97.17
-97.13
-97.30
-97.20
-97.48
-97.31
-97.33
-97.39
-97.34
-97.33
-97.34
-97.24
-97.27
-97.26
-97.41
-97.47
-97.41
-97.33
-97.29
-97.12
-97.23
-97.36
-97.40
-97.45
-97.50
-97.57
-97.51
-97.45
-97.50
-97.53
-97.57
-97.59
-97.64
-97.59
-97.43
-97.24
-97.20
-97.17
-97.15
-97.23
-97.12
-97.20
-97.04
-97.12
-97.20
-97.18
-97.24
-97.18
-97.21
-97.25
-97.27
-97.52
-97.52
-97.44
-97.38
-97.24
-97.25
-97.36
-97.16
-97.20
-97.06
-97.12
-97.16
-97.21
-97.37
-97.34
-97.37
-97.61
-97.58
-97.54
-97.40
-97.09
-97.16
-97.20
-97.37
-97.44
-97.33
-97.48
-97.41
-97.46
-97.38
-97.35
-97.34
-97.30
-97.46
-97.34
-97.22
-97.36
-97.22
-97.28
-97.32
-97.28
-97.35
-97.33
-97.29
-97.34
-97.34
-97.36
-97.43
-97.31
-97.45
-97.40
