Frequency: 1.000000
Sample Rate: 1000000.000000
Vector Length: 1
Notes: 
-379.30
-93.72
-92.56
-91.70
-91.04
-92.86
-92.86
-92.87
-92.92
-92.94
-93.02
-93.04
-92.97
-92.86
-92.77
-92.77
-92.89
-92.74
-92.66
-92.55
-92.48
-92.55
-92.64
-92.77
-92.77
-92.63
-92.61
-92.58
-92.59
-92.66
-92.78
-92.68
-92.74
-92.72
-92.74
-92.62
-92.60
-92.49
-92.44
-92.54
-92.56
-92.79
-92.90
-92.80
-92.76
-92.79
-92.68
-92.71
-92.86
-92.72
-92.75
-92.76
-92.69
-92.57
-92.72
-92.68
-92.79
-92.75
-92.64
-92.56
-92.52
-92.51
-92.65
-92.70
-92.64
-92.65
-92.75
-92.85
-92.89
-92.98
-92.83
-92.95
-92.88
-92.79
-92.63
-92.62
-92.63
-92.82
-92.95
-93.04
-93.14
-92.97
-92.81
-92.67
-92.40
-92.45
-92.46
-92.52
-92.84
-92.71
-92.84
-92.82
-92.78
-92.79
-92.91
-92.97
-93.04
-92.98
-92.81
-92.79
-92.65
-92.63
-92.66
-92.58
-92.57
-92.73
-92.75
-92.85
-92.82
-92.78
-92.67
-92.74
-92.72
-92.61
-92.57
-92.65
-92.78
-93.03
-92.97
-92.65
-92.56
-92.48
-92.54
-92.42
-92.58
-92.79
-92.70
-93.02
-92.88
-92.71
-92.78
-92.56
-92.48
-92.64
-92.61
-92.74
-92.91
-93.01
-93.02
-92.96
-92.90
-92.91
-92.92
-93.01
-92.88
-92.83
-92.62
-92.69
-92.57
-92.68
-92.82
-92.87
-92.80
-92.78
-92.78
-92.82
-92.96
-93.07
-93.14
-92.98
-92.86
-92.68
-92.66
-92.79
-92.86
-93.01
-92.83
-92.72
-92.70
-92.57
-92.67
-92.77
-92.89
-92.95
-92.81
-92.94
-92.82
-92.70
-92.80
-92.63
-92.63
-92.75
-92.70
-92.78
-92.80
-92.77
-92.83
-92.89
-92.80
-92.65
-92.73
-92.60
-92.76
-92.89
-92.80
-93.03
-92.81
-92.71
-92.67
-92.50
-92.56
-92.66
-92.54
-92.67
-92.70
-92.71
-92.76
-92.59
-92.68
-92.71
-92.68
-92.91
-92.74
-92.74
-92.64
-92.60
-92.47
-92.46
-92.52
-92.48
-92.57
-92.68
-92.68
-92.79
-92.80
-92.80
-92.88
-92.74
-92.70
-92.86
-92.62
-92.68
-92.76
-92.60
-92.58
-92.61
-92.58
-92.77
-93.10
-93.13
-93.08
-93.00
-92.88
-92.89
-92.76
-92.59
-92.60
-92.51
-92.61
-92.93
-92.80
-92.83
-92.73
-92.61
-92.81
-92.73
-92.73
-92.97
-92.84
-92.86
-92.66
-92.61
-92.52
-92.44
-92.71
-92.81
-92.77
-92.83
-92.56
-92.48
-92.49
-92.56
-92.64
-92.64
-92.52
-92.56
-92.55
-92.72
-92.70
-92.83
-92.71
-92.66
-92.79
-92.74
-92.88
-92.82
-92.83
-92.77
-92.73
-92.68
-92.71
-92.80
-92.73
-92.62
-92.57
-92.63
-92.69
-92.75
-92.75
-92.82
-92.89
-92.98
-92.93
-92.82
-92.64
-92.53
-92.64
-92.54
-92.69
-92.82
-92.84
-92.92
-93.02
-92.86
-92.78
-92.66
-92.62
-92.65
-92.75
-92.91
-92.95
-93.03
-93.01
-92.74
-92.66
-92.55
-92.43
-92.60
-92.60
-92.62
-92.63
-92.59
-92.76
-92.82
-92.71
-92.83
-92.75
-92.71
-93.04
-92.84
-92.68
-92.64
-92.61
-92.81
-92.83
-92.99
-92.86
-92.65
-92.56
-92.54
-92.59
-92.56
-92.62
-92.88
-92.89
-92.91
-92.85
-92.81
-92.66
-92.84
-92.95
-92.93
-92.88
-92.71
-92.80
-92.68
-92.83
-92.86
-92.77
-92.88
-92.98
-92.88
-92.82
-92.79
-92.70
-92.59
-92.56
-92.67
-92.76
-92.95
-93.20
-93.17
-92.98
-93.02
-92.92
-93.08
-93.11
-92.86
-92.98
-92.97
-92.96
-92.83
-92.61
-92.49
-92.38
-92.47
-92.52
-92.58
-92.72
-92.77
-92.79
-92.84
-92.61
-92.67
-92.74
-92.83
-92.99
-92.87
-92.99
-92.91
-92.91
-92.72
-92.56
-92.55
-92.57
-92.54
-92.66
-92.65
-92.55
-92.59
