Frequency: 1.000000
Sample Rate: 1000000.000000
Vector Length: 1
Notes: 
-379.30
-80.14
-80.07
-79.99
-81.81
-91.24
-91.19
-91.25
-91.41
-91.48
-91.50
-91.31
-91.33
-91.19
-91.07
-91.07
-91.15
-91.20
-91.25
-91.29
-91.33
-91.22
-91.19
-91.08
-91.05
-91.04
-91.10
-91.18
-91.30
-91.45
-91.43
-91.48
-91.33
-91.29
-91.27
-91.24
-91.10
-91.11
-91.18
-91.31
-91.36
-91.31
-91.49
-91.23
-91.18
-91.20
-91.25
-91.17
-91.14
-91.13
-91.02
-90.97
-91.11
-91.01
-91.10
-91.32
-91.29
-91.29
-91.31
-91.20
-91.16
-91.35
-91.26
-91.37
-91.43
-91.49
-91.46
-91.24
-91.28
-91.32
-91.19
-91.44
-91.26
-91.12
-91.18
-91.18
-91.17
-91.28
-91.27
-91.35
-91.53
-91.60
-91.62
-91.46
-91.34
-91.21
-91.09
-91.15
-91.12
-91.14
-91.15
-91.27
-91.50
-91.47
-91.57
-91.48
-91.28
-91.15
-91.12
-91.19
-91.41
-91.49
-91.55
-91.42
-91.28
-91.14
-91.11
-91.16
-91.41
-91.59
-91.63
-91.62
-91.58
-91.46
-91.41
-91.43
-91.51
-91.45
-91.48
-91.58
-91.50
-91.59
-91.40
-91.39
-91.29
-91.35
-91.35
-91.43
-91.42
-91.28
-91.19
-91.20
-91.20
-91.13
-91.10
-91.17
-91.12
-91.18
-91.32
-91.40
-91.31
-91.32
-91.26
-91.20
-91.33
-91.31
-91.29
-91.35
-91.42
-91.51
-91.49
-91.33
-91.21
-91.18
-91.22
-91.18
-91.37
-91.26
-91.39
-91.45
-91.35
-91.25
-91.15
-91.01
-91.12
-91.25
-91.26
-91.29
-91.17
-91.03
-91.17
-91.19
-91.31
-91.56
-91.45
-91.46
-91.46
-91.41
-91.20
-91.05
-91.06
-91.02
-91.31
-91.59
-91.65
-91.57
-91.29
-91.24
-91.25
-91.35
-91.46
-91.42
-91.18
-91.34
-91.28
-91.39
-91.55
-91.40
-91.37
-91.30
-91.29
-91.41
-91.41
-91.30
-91.19
-91.18
-91.14
-91.12
-91.30
-91.38
-91.16
-91.23
-91.11
-91.04
-91.18
-91.13
-91.04
-91.04
-91.31
-91.27
-91.39
-91.37
-91.45
-91.43
-91.51
-91.54
-91.37
-91.36
-91.17
-91.21
-91.35
-91.24
-91.37
-91.35
-91.42
-91.45
-91.38
-91.37
-91.30
-91.21
-91.06
-91.06
-91.10
-91.14
-91.23
-91.16
-91.16
-91.17
-91.30
-91.47
-91.52
-91.45
-91.26
-91.19
-91.05
-91.01
-91.25
-91.19
-91.23
-91.29
-91.39
-91.31
-91.40
-91.43
-91.29
-91.28
-91.09
-90.94
-90.88
-91.15
-91.13
-91.24
-91.18
-91.14
-91.22
-91.23
-91.15
-91.42
-91.44
-91.49
-91.68
-91.54
-91.63
-91.41
-91.25
-91.14
-90.91
-91.09
-90.97
-91.11
-91.46
-91.37
-91.50
-91.61
-91.44
-91.39
-91.44
-91.19
-91.20
-91.22
-91.19
-91.27
-91.17
-91.33
-91.39
-91.35
-91.34
-91.31
-91.22
-91.40
-91.43
-91.28
-91.19
-91.03
-90.92
-90.98
-91.24
-91.15
-91.18
-91.23
-91.24
-91.44
-91.35
-91.02
-90.96
-90.88
-90.99
-91.19
-91.17
-91.13
-91.23
-91.29
-91.36
-91.25
-91.25
-91.28
-91.20
-91.16
-91.07
-90.90
-90.90
-91.03
-91.08
-91.17
-91.43
-91.31
-91.41
-91.44
-91.30
-91.27
-91.34
-91.41
-91.37
-91.27
-91.31
-91.31
-90.60
-69.86
-69.85
-69.83
-69.80
-86.78
-87.21
-87.95
-91.34
-91.18
-91.14
-90.94
-90.91
-90.93
-90.79
-90.93
-90.90
-91.05
-91.22
-91.26
-91.42
-91.38
-91.32
-91.22
-91.07
-91.07
-91.02
-91.00
-91.25
-91.25
-91.44
-91.68
-91.79
-91.57
-91.24
-91.26
-91.11
-91.13
-91.30
-91.07
-91.03
-90.95
-90.92
-90.96
-91.20
-91.27
-91.37
-91.55
-91.53
-91.67
-91.73
-91.43
-91.48
-91.35
-91.24
-91.41
-91.29
-91.51
-91.54
-91.52
-91.59
-87.86
-49.56
-46.98
-46.98
