Frequency: 1.000000
Sample Rate: 1000000.000000
Vector Length: 1
Notes: 
-379.30
-70.05
-70.02
-70.00
-70.92
-87.04
-87.06
-87.20
-87.03
-86.72
-86.69
-86.61
-86.62
-86.83
-87.01
-87.05
-87.07
-87.14
-87.07
-87.06
-87.09
-87.14
-87.09
-87.02
-86.93
-86.96
-87.02
-87.02
-87.31
-87.37
-87.32
-87.47
-87.31
-87.25
-87.35
-87.28
-87.05
-87.05
-87.08
-87.04
-87.11
-87.17
-86.91
-86.85
-86.80
-86.78
-86.90
-87.01
-87.01
-86.91
-86.87
-86.89
-87.09
-87.05
-87.20
-87.11
-86.94
-87.04
-87.14
-87.09
-86.96
-87.01
-86.95
-87.07
-87.09
-87.12
-87.20
-87.27
-87.25
-87.22
-87.08
-86.90
-86.89
-86.88
-86.95
-86.97
-87.16
-87.10
-87.01
-86.94
-86.83
-86.89
-87.04
-87.22
-87.23
-87.25
-87.13
-87.26
-87.29
-87.29
-87.39
-87.13
-86.92
-87.00
-87.02
-87.07
-87.07
-87.06
-86.95
-86.76
-86.81
-86.85
-86.99
-87.28
-87.43
-87.45
-87.45
-87.31
-87.20
-87.15
-86.88
-86.88
-86.94
-86.94
-87.11
-86.97
-87.08
-86.98
-87.00
-87.03
-86.94
-86.99
-86.86
-86.83
-86.77
-86.77
-86.76
-86.76
-86.76
-86.82
-86.94
-86.98
-86.92
-86.98
-86.89
-86.82
-86.83
-86.86
-87.04
-87.02
-87.03
-87.04
-87.02
-87.02
-87.12
-87.12
-87.10
-87.20
-87.20
-87.23
-87.24
-87.30
-87.15
-87.18
-87.02
-86.90
-86.97
-86.93
-86.99
-87.10
-87.09
-87.13
-87.04
-86.97
-86.74
-86.74
-86.69
-86.92
-86.98
-87.03
-87.01
-86.85
-86.79
-86.77
-86.70
-86.71
-86.80
-86.91
-87.07
-87.33
-87.38
-87.33
-87.22
-87.10
-87.02
-86.87
-86.98
-87.13
-87.11
-87.10
-87.19
-87.10
-87.10
-87.03
-86.97
-86.91
-86.94
-87.03
-86.96
-86.68
-86.60
-86.52
-86.50
-86.76
-86.97
-87.06
-87.03
-87.11
-87.04
-87.08
-87.11
-87.07
-86.95
-86.87
-86.96
-87.11
-87.13
-87.19
-87.16
-87.08
-87.14
-87.12
-87.22
-87.23
-87.14
-87.28
-87.07
-86.98
-86.78
-86.74
-86.86
-87.06
-87.08
-87.00
-86.95
-86.76
-86.79
-86.87
-86.91
-87.02
-87.10
-86.96
-86.92
-87.03
-87.01
-87.03
-87.01
-87.05
-87.04
-87.16
-87.07
-87.08
-87.09
-87.16
-87.32
-87.18
-87.10
-87.10
-86.98
-87.14
-87.28
-87.23
-87.22
-87.18
-87.01
-87.03
-87.04
-87.30
-87.18
-87.17
-87.24
-87.04
-87.12
-87.08
-87.12
-87.16
-87.15
-87.13
-87.14
-87.04
-87.06
-87.11
-86.96
-86.97
-86.89
-86.72
-86.89
-86.94
-86.90
-87.03
-87.22
-87.38
-87.36
-87.33
-87.12
-86.99
-86.88
-87.06
-87.00
-87.09
-87.26
-87.21
-87.19
-87.20
-87.16
-87.05
-86.93
-86.86
-86.76
-86.96
-86.97
-87.21
-87.01
-86.90
-86.92
-86.90
-86.98
-86.93
-86.96
-86.97
-86.84
-86.78
-86.92
-86.94
-87.15
-87.21
-87.17
-86.99
-86.93
-86.90
-86.81
-86.99
-87.00
-87.07
-87.12
-87.08
-87.06
-87.16
-87.05
-86.96
-86.91
-86.85
-86.84
-86.90
-86.94
-86.92
-87.10
-87.26
-87.15
-87.12
-86.87
-86.84
-86.88
-86.90
-86.93
-86.80
-86.77
-86.85
-86.80
-86.93
-86.87
-86.82
-86.96
-86.86
-87.02
-86.88
-86.80
-86.89
-86.75
-86.85
-86.96
-86.90
-87.06
-87.13
-86.93
-86.93
-86.92
-87.01
-87.18
-87.37
-87.35
-87.32
-87.23
-87.22
-87.27
-87.28
-87.29
-87.28
-87.21
-87.25
-87.07
-87.09
-87.02
-86.91
-86.96
-87.01
-87.08
-87.10
-87.11
-87.05
-86.97
-86.99
-87.09
-87.22
-87.31
-87.17
-87.11
-87.15
-87.15
-87.11
-87.01
-86.96
-87.07
-87.12
-87.25
-87.26
-87.15
-87.06
-87.12
-87.05
