Frequency: 1.000000
Sample Rate: 1000000.000000
Vector Length: 1
Notes: 
-379.30
-68.28
-67.21
-66.36
-66.53
-67.76
-67.68
-67.71
-67.71
-67.66
-67.66
-67.64
-67.63
-67.62
-67.62
-67.66
-67.66
-67.75
-67.73
-67.77
-67.77
-67.75
-67.81
-67.86
-67.79
-67.82
-67.78
-67.72
-67.66
-67.69
-67.62
-67.63
-67.64
-67.60
-67.66
-67.71
-67.63
-67.70
-67.68
-67.63
-67.64
-67.70
-67.61
-67.60
-67.64
-67.52
-67.57
-67.60
-67.57
-67.68
-67.69
-67.63
-67.66
-67.69
-67.66
-67.72
-67.70
-67.65
-67.66
-67.62
-67.55
-67.60
-67.62
-67.62
-67.71
-67.69
-67.60
-67.64
-67.62
-67.62
-67.64
-67.63
-67.59
-67.68
-67.67
-67.71
-67.75
-67.71
-67.66
-67.72
-67.69
-67.71
-67.78
-67.80
-67.74
-67.72
-67.73
-67.68
-67.73
-67.79
-67.74
-67.77
-67.76
-67.70
-67.68
-67.76
-67.69
-67.81
-67.78
-67.73
-67.78
-67.70
-67.65
-67.67
-67.67
-67.71
-67.66
-67.78
-67.75
-67.71
-67.79
-67.79
-67.74
-67.79
-67.73
-67.71
-67.75
-67.78
-67.73
-67.81
-67.83
-67.75
-67.85
-67.80
-67.73
-67.81
-67.73
-67.70
-67.75
-67.73
-67.70
-67.74
-67.73
-67.71
-67.72
-67.74
-67.70
-67.76
-67.75
-67.70
-67.75
-67.72
-67.63
-67.67
-67.67
-67.63
-67.70
-67.67
-67.66
-67.79
-67.73
-67.72
-67.78
-67.74
-67.69
-67.77
-67.76
-67.76
-67.80
-67.81
-67.77
-67.82
-67.82
-67.74
-67.80
-67.80
-67.74
-67.78
-67.75
-67.66
-67.68
-67.67
-67.65
-67.74
-67.78
-67.73
-67.84
-67.75
-67.71
-67.75
-67.70
-67.67
-67.70
-67.67
-67.61
-67.68
-67.72
-67.73
-67.77
-67.80
-67.69
-67.74
-67.74
-67.69
-67.74
-67.71
-67.67
-67.68
-67.73
-67.73
-67.81
-67.82
-67.74
-67.77
-67.71
-67.62
-67.66
-67.66
-67.62
-67.75
-67.76
-67.70
-67.74
-67.72
-67.68
-67.74
-67.76
-67.73
-67.76
-67.75
-67.67
-67.69
-67.64
-67.68
-67.77
-67.83
-67.82
-67.91
-67.90
-67.87
-67.93
-67.92
-67.87
-67.87
-67.86
-64.71
-46.96
-46.91
-46.91
-46.92
-53.17
-67.65
-67.84
-67.77
-67.64
-67.68
-67.70
-67.68
-67.75
-67.73
-67.72
-67.78
-67.82
-67.77
-67.79
-67.78
-67.70
-67.79
-67.86
-67.82
-67.88
-67.89
-67.78
-67.79
-67.75
-67.67
-67.70
-67.71
-67.65
-67.70
-67.64
-67.61
-67.63
-67.69
-67.60
-67.67
-67.63
-67.59
-67.64
-67.67
-67.69
-67.76
-67.74
-67.67
-67.64
-67.66
-67.62
-67.68
-67.75
-67.71
-67.81
-67.79
-67.74
-67.80
-67.74
-67.71
-67.70
-67.69
-67.59
-67.62
-67.66
-67.61
-67.72
-67.76
-67.71
-67.76
-67.79
-67.74
-67.77
-67.75
-67.63
-67.64
-67.69
-67.65
-67.72
-67.73
-67.69
-67.74
-67.71
-67.66
-67.69
-67.66
-67.62
-67.67
-67.63
-67.65
-67.71
-67.74
-67.68
-67.71
-67.81
-67.72
-67.81
-67.82
-67.68
-67.69
-67.69
-67.60
-67.67
-67.73
-67.68
-67.72
-67.76
-67.64
-67.71
-67.72
-67.65
-67.75
-67.73
-67.65
-67.67
-67.68
-67.61
-67.69
-67.74
-67.60
-67.64
-67.63
-67.53
-67.57
-67.65
-67.57
-67.63
-67.71
-67.65
-67.68
-67.71
-67.63
-67.69
-67.72
-67.64
-67.68
-67.67
-67.61
-67.71
-67.69
-67.60
-67.70
-67.71
-67.66
-67.76
-67.78
-67.68
-67.76
-67.80
-67.70
-67.76
-67.78
-67.67
-67.75
-67.76
-67.63
-67.65
-67.64
-67.55
-67.61
-67.65
-67.54
-67.62
-67.64
-67.58
-67.63
-67.66
-67.57
-67.64
-67.68
-67.59
-67.69
-67.70
-67.55
-67.64
-67.64
-67.55
-67.62
-67.64
-67.54
-67.62
-67.68
-67.58
-67.64
-67.65
