Frequency: 1.000000
Sample Rate: 1000000.000000
Vector Length: 1
Notes: 
-379.30
-36.90
-34.40
-32.88
-31.86
-31.78
-31.83
-31.84
-31.79
-31.84
-31.85
-31.79
-31.84
-31.86
-31.81
-31.86
-31.88
-31.82
-31.87
-31.88
-31.82
-31.85
-31.87
-31.80
-31.84
-31.84
-31.79
-31.83
-31.86
-31.80
-31.86
-31.87
-31.82
-31.86
-31.88
-31.81
-31.86
-31.87
-31.82
-31.85
-31.87
-31.81
-31.86
-31.86
-31.82
-31.85
-31.87
-31.85
-31.84
-31.87
-31.86
-31.84
-31.87
-31.84
-31.84
-31.86
-31.84
-31.83
-31.83
-31.84
-31.80
-31.84
-31.84
-31.80
-31.83
-31.83
-31.79
-31.82
-31.82
-31.77
-31.80
-31.80
-31.77
-31.80
-31.82
-31.78
-31.82
-31.82
-31.79
-31.82
-31.83
-31.77
-31.81
-31.80
-31.76
-31.79
-31.82
-31.76
-31.80
-31.80
-31.83
-31.80
-31.83
-31.84
-31.79
-31.83
-31.85
-31.82
-31.85
-31.85
-31.81
-31.84
-31.86
-31.83
-31.86
-31.86
-31.82
-31.84
-31.86
-31.83
-31.85
-31.84
-31.80
-31.82
-31.84
-31.82
-31.85
-31.86
-31.83
-31.85
-31.87
-31.83
-31.85
-31.85
-31.81
-31.83
-31.84
-31.80
-31.82
-31.83
-31.81
-31.83
-31.84
-31.81
-31.84
-31.84
-31.82
-31.84
-31.85
-31.81
-31.83
-31.84
-31.81
-31.84
-31.84
-31.80
-31.82
-31.83
-31.80
-31.82
-31.82
-31.78
-31.80
-31.81
-31.79
-31.83
-31.83
-31.80
-31.82
-31.83
-31.81
-31.85
-31.85
-31.83
-31.85
-31.86
-31.83
-31.86
-31.85
-31.82
-31.84
-31.84
-31.81
-31.84
-31.84
-31.81
-31.84
-31.84
-31.81
-31.85
-31.85
-31.83
-31.85
-31.85
-31.82
-31.86
-31.85
-31.82
-31.85
-31.84
-31.81
-31.85
-31.83
-31.81
-31.84
-31.82
-31.81
-31.85
-31.85
-31.83
-31.86
-31.84
-31.82
-31.86
-31.84
-31.82
-31.84
-31.82
-31.80
-31.83
-31.82
-31.80
-31.83
-31.83
-31.81
-31.86
-31.85
-31.83
-31.85
-31.83
-31.81
-31.84
-31.83
-31.80
-31.84
-31.81
-31.80
-31.83
-31.83
-31.82
-31.85
-31.82
-31.82
-31.84
-31.83
-31.81
-31.83
-31.79
-31.79
-31.80
-31.79
-31.77
-31.80
-31.76
-31.76
-31.78
-31.77
-31.75
-31.79
-31.75
-31.75
-31.77
-31.76
-31.74
-31.78
-31.74
-31.75
-31.77
-31.76
-31.75
-31.78
-31.73
-31.75
-31.76
-31.76
-31.75
-31.77
-31.73
-31.75
-31.77
-31.76
-31.76
-31.78
-31.73
-31.74
-31.76
-31.74
-31.74
-31.75
-31.70
-31.71
-31.73
-31.71
-31.72
-31.72
-31.67
-31.70
-31.72
-31.69
-31.71
-31.72
-31.67
-31.71
-31.73
-31.70
-31.74
-31.74
-31.71
-31.75
-31.77
-31.75
-31.78
-31.80
-31.76
-31.80
-31.81
-31.78
-31.81
-31.81
-31.77
-31.79
-31.80
-31.76
-31.78
-31.78
-31.73
-31.75
-31.75
-31.70
-31.73
-31.74
-31.69
-31.73
-31.73
-31.69
-31.73
-31.74
-31.71
-31.75
-31.74
-31.71
-31.76
-31.76
-31.73
-31.78
-31.77
-31.74
-31.79
-31.80
-31.76
-31.80
-31.79
-31.75
-31.78
-31.79
-31.74
-31.77
-31.76
-31.72
-31.75
-31.74
-31.70
-31.73
-31.71
-31.67
-31.70
-31.70
-31.65
-31.70
-31.69
-31.66
-31.70
-31.70
-31.67
-31.72
-31.72
-31.70
-31.75
-31.76
-31.73
-31.79
-31.79
-31.77
-31.80
-31.81
-31.77
-31.81
-31.80
-31.77
-31.79
-31.78
-31.73
-31.76
-31.74
-31.70
-31.72
-31.72
-31.68
-31.72
-31.72
-31.69
-31.71
-31.71
-31.67
-31.72
-31.71
-31.68
-31.70
-31.70
-31.66
-31.71
-31.72
-31.70
-31.74
-31.76
-31.72
-31.78
-31.78
-31.75
-31.79
-31.79
-31.75
-31.79
-31.77
-31.73
-31.75
-31.75
-31.70
-31.74
-31.72
-31.68
