Frequency: 1.000000
Sample Rate: 1000000.000000
Vector Length: 1
Notes: 
-379.30
-68.90
-68.11
-67.44
-67.90
-69.78
-69.80
-69.78
-69.83
-69.79
-69.78
-69.78
-69.74
-69.74
-69.80
-69.79
-69.86
-69.92
-69.94
-70.00
-70.08
-70.03
-69.97
-69.97
-69.87
-69.83
-69.82
-69.80
-69.78
-69.82
-69.87
-69.83
-69.88
-69.85
-69.79
-69.79
-69.83
-69.78
-69.90
-69.87
-69.86
-69.91
-69.84
-69.76
-69.78
-69.74
-69.75
-69.80
-69.74
-69.76
-69.82
-69.76
-69.75
-69.76
-69.74
-69.73
-69.78
-69.82
-69.79
-69.86
-69.85
-69.81
-69.87
-69.87
-69.84
-69.84
-69.93
-69.84
-69.89
-69.85
-69.81
-69.87
-69.90
-69.81
-69.90
-69.85
-69.84
-69.98
-69.97
-69.88
-69.93
-69.88
-69.84
-69.94
-69.95
-69.81
-69.77
-69.76
-69.69
-69.75
-69.79
-69.68
-69.72
-69.76
-69.76
-69.84
-69.91
-69.83
-69.90
-69.86
-69.76
-69.85
-69.84
-69.72
-69.86
-69.87
-69.85
-69.89
-69.85
-69.77
-69.80
-69.83
-69.82
-69.87
-69.89
-69.81
-69.83
-69.84
-69.85
-69.82
-69.91
-69.85
-69.87
-69.92
-69.85
-69.86
-69.87
-69.84
-69.83
-69.80
-69.72
-69.71
-69.78
-69.72
-69.78
-69.79
-69.78
-69.82
-69.80
-69.74
-69.81
-69.82
-69.77
-69.87
-69.88
-69.88
-69.85
-69.87
-69.76
-69.81
-69.90
-69.83
-69.82
-69.83
-69.74
-69.82
-69.85
-69.82
-69.86
-69.83
-69.76
-69.80
-69.83
-69.82
-69.87
-69.89
-69.78
-69.83
-69.86
-69.81
-69.91
-69.95
-69.79
-69.78
-69.74
-69.72
-69.80
-69.85
-69.78
-69.82
-69.83
-69.75
-69.74
-69.82
-69.79
-69.83
-69.84
-69.78
-69.83
-69.88
-69.83
-69.89
-69.88
-69.76
-69.86
-69.89
-69.80
-69.89
-69.88
-69.78
-69.84
-69.85
-69.80
-69.86
-69.84
-69.71
-69.74
-69.80
-69.75
-69.83
-69.88
-69.81
-69.86
-69.89
-69.80
-69.85
-69.82
-69.77
-69.81
-69.79
-69.75
-69.86
-69.91
-69.83
-69.91
-69.91
-69.83
-69.94
-69.90
-69.83
-69.85
-69.84
-69.77
-69.80
-69.79
-69.75
-69.81
-69.84
-69.79
-69.87
-69.89
-69.81
-69.93
-69.96
-69.87
-69.94
-69.87
-69.75
-69.83
-69.80
-69.74
-69.87
-69.84
-69.83
-69.86
-69.89
-69.83
-69.90
-69.95
-69.90
-69.94
-69.96
-69.85
-69.91
-69.85
-69.76
-69.82
-69.84
-69.83
-69.91
-69.92
-69.85
-69.89
-69.89
-69.84
-69.91
-69.84
-69.76
-69.79
-69.79
-69.81
-69.93
-69.91
-69.85
-69.90
-69.87
-69.77
-69.84
-69.81
-69.70
-69.77
-69.75
-69.75
-69.89
-69.89
-69.92
-69.92
-69.86
-69.80
-69.77
-69.84
-69.78
-69.79
-69.86
-69.82
-69.78
-69.80
-69.77
-69.77
-69.86
-69.79
-69.81
-69.84
-69.79
-69.82
-69.87
-69.80
-69.81
-69.78
-69.83
-69.75
-69.74
-69.77
-69.75
-69.79
-69.83
-69.82
-69.91
-69.91
-69.88
-69.88
-69.87
-69.77
-69.82
-69.84
-69.81
-69.85
-69.98
-69.91
-69.97
-70.01
-69.92
-69.92
-69.93
-69.80
-69.87
-69.86
-69.86
-69.88
-69.84
-69.76
-69.76
-69.81
-69.76
-69.84
-69.86
-69.76
-69.80
-69.87
-69.83
-69.91
-69.93
-69.81
-69.81
-69.78
-69.74
-69.81
-69.86
-69.79
-69.80
-69.80
-69.71
-69.80
-69.84
-69.80
-69.87
-69.87
-69.79
-69.82
-69.88
-69.88
-69.95
-69.97
-69.87
-69.88
-69.88
-69.76
-69.85
-69.84
-69.78
-69.83
-69.87
-69.83
-69.90
-69.91
-69.84
-69.90
-69.89
-69.80
-69.88
-69.80
-69.74
-69.78
-69.78
-69.76
-69.77
-69.76
-69.76
-69.72
-69.80
-69.73
-69.73
-69.75
-69.66
-69.70
-69.73
-69.69
-69.81
-69.78
-69.76
-69.86
