Frequency: 1.000000
Sample Rate: 1000000.000000
Vector Length: 1
Notes: 
-379.30
-69.29
-69.28
-69.26
-69.31
-87.24
-87.15
-87.19
-87.20
-87.27
-87.42
-87.42
-87.38
-87.48
-87.30
-87.32
-87.37
-87.51
-87.48
-87.68
-87.57
-87.36
-87.33
-87.31
-87.45
-87.31
-87.26
-87.23
-87.07
-87.18
-87.30
-87.39
-87.27
-87.40
-87.30
-87.26
-87.36
-87.41
-87.36
-87.30
-87.31
-87.18
-87.10
-87.09
-87.17
-87.35
-87.45
-87.56
-87.58
-87.63
-87.49
-87.41
-87.46
-87.33
-87.30
-87.34
-87.33
-87.32
-87.33
-87.13
-87.30
-87.32
-87.28
-87.41
-87.36
-87.17
-87.15
-87.20
-87.05
-87.25
-87.20
-87.21
-87.30
-87.33
-87.42
-87.46
-87.39
-87.37
-87.38
-87.37
-87.45
-87.40
-87.26
-87.21
-87.27
-87.28
-87.33
-87.43
-87.20
-87.12
-87.02
-87.00
-87.21
-87.33
-87.36
-87.47
-87.43
-87.40
-87.51
-87.56
-87.59
-87.60
-87.48
-87.48
-87.42
-87.39
-87.42
-87.41
-87.39
-87.41
-87.53
-87.53
-87.69
-87.66
-87.46
-87.31
-87.08
-87.07
-87.12
-87.09
-87.33
-87.31
-87.31
-87.40
-87.37
-87.59
-87.39
-87.33
-87.43
-87.30
-87.40
-87.48
-87.32
-87.21
-87.21
-87.17
-87.27
-87.25
-87.29
-87.13
-87.09
-87.06
-87.04
-87.12
-87.19
-87.28
-87.28
-87.26
-87.38
-87.41
-87.38
-87.42
-87.26
-87.24
-87.17
-87.31
-87.41
-87.49
-87.58
-87.53
-87.40
-87.55
-87.52
-87.44
-87.45
-87.36
-87.23
-87.15
-87.19
-87.41
-87.43
-87.53
-87.33
-87.23
-87.25
-87.33
-87.38
-87.27
-87.33
-87.32
-87.42
-87.50
-87.38
-87.26
-87.32
-87.19
-87.28
-87.41
-87.53
-87.73
-87.69
-87.54
-87.39
-87.38
-87.30
-87.33
-87.25
-87.19
-87.48
-87.41
-87.36
-87.38
-87.29
-87.36
-87.49
-87.43
-87.28
-87.22
-87.04
-87.10
-87.27
-87.30
-87.40
-87.34
-87.28
-87.37
-87.38
-87.49
-87.55
-87.37
-87.22
-87.28
-87.23
-87.44
-87.42
-87.25
-87.25
-87.29
-87.38
-87.46
-87.51
-87.46
-87.54
-87.42
-87.36
-87.37
-87.27
-87.36
-87.46
-87.36
-87.42
-87.31
-87.14
-87.24
-87.23
-87.21
-87.16
-87.13
-87.08
-87.25
-87.48
-87.50
-87.48
-87.35
-87.29
-87.34
-87.39
-87.40
-87.29
-87.14
-87.07
-87.02
-87.03
-87.00
-87.05
-87.19
-87.30
-87.34
-87.48
-87.36
-87.21
-87.21
-87.15
-86.95
-87.26
-87.20
-87.03
-87.14
-87.04
-87.01
-87.17
-87.21
-87.31
-87.42
-87.44
-87.38
-87.54
-87.40
-87.28
-87.30
-87.42
-87.46
-87.59
-87.65
-87.53
-87.52
-87.44
-87.26
-87.21
-87.27
-87.25
-87.42
-87.42
-87.35
-87.23
-87.16
-87.01
-87.08
-87.13
-87.23
-87.29
-87.37
-87.35
-87.45
-87.41
-87.30
-87.33
-87.42
-87.37
-87.43
-87.37
-87.22
-87.36
-87.29
-87.46
-87.59
-87.61
-87.67
-87.47
-87.38
-87.35
-87.29
-87.31
-87.26
-87.32
-87.26
-87.25
-87.41
-87.28
-87.20
-87.04
-86.97
-86.98
-86.94
-87.11
-87.31
-87.28
-87.29
-87.34
-87.37
-87.18
-87.26
-87.17
-87.22
-87.46
-87.43
-87.41
-87.44
-87.20
-87.18
-87.12
-87.12
-87.24
-87.30
-87.45
-87.42
-87.44
-87.51
-87.27
-87.30
-87.34
-87.27
-87.45
-87.51
-87.56
-87.49
-87.56
-87.42
-87.34
-87.26
-87.32
-87.21
-87.30
-87.24
-87.29
-87.49
-87.43
-87.42
-87.35
-87.38
-87.59
-87.51
-87.42
-87.32
-87.16
-87.21
-87.34
-87.34
-87.38
-87.31
-87.39
-87.28
-87.25
-87.27
-87.31
-87.27
-87.44
-87.55
-87.54
-87.60
-87.55
-87.35
-87.30
-87.23
-87.19
-87.20
-87.32
-87.23
-87.20
-87.22
-87.09
