Frequency: 1.000000
Sample Rate: 1000000.000000
Vector Length: 1
Notes: 
-379.30
-91.75
-90.73
-89.88
-89.23
-91.27
-91.25
-91.32
-91.56
-91.54
-91.61
-91.65
-91.62
-91.43
-91.40
-91.27
-91.21
-91.45
-91.55
-91.65
-91.65
-91.49
-91.43
-91.30
-91.23
-91.21
-91.30
-91.39
-91.58
-91.59
-91.48
-91.25
-91.10
-91.08
-91.18
-91.28
-91.44
-91.46
-91.56
-91.61
-91.44
-91.49
-91.49
-91.29
-91.29
-91.05
-91.09
-91.24
-91.38
-91.62
-91.64
-91.57
-91.59
-91.48
-91.53
-91.62
-91.61
-91.92
-91.62
-91.29
-91.14
-90.97
-90.97
-90.98
-91.15
-91.10
-91.35
-91.28
-91.40
-91.33
-91.13
-91.35
-91.51
-91.59
-91.75
-91.54
-91.31
-91.36
-91.39
-91.58
-91.79
-91.66
-91.58
-91.43
-91.39
-91.37
-91.34
-91.29
-91.31
-91.48
-91.59
-91.65
-91.64
-91.51
-91.53
-91.49
-91.59
-91.47
-91.42
-91.42
-91.36
-91.49
-91.38
-91.20
-91.20
-91.31
-91.36
-91.57
-91.32
-91.28
-91.30
-91.30
-91.43
-91.47
-91.58
-91.37
-91.22
-91.45
-91.37
-91.51
-91.56
-91.42
-91.38
-91.46
-91.47
-91.58
-91.61
-91.57
-91.55
-91.51
-91.45
-91.51
-91.63
-91.43
-91.46
-91.35
-91.32
-91.33
-91.62
-91.76
-91.62
-91.50
-91.25
-91.22
-91.30
-91.39
-91.57
-91.69
-91.66
-91.79
-91.88
-91.56
-91.62
-91.48
-91.08
-91.09
-91.08
-91.03
-91.10
-91.27
-91.35
-91.47
-91.58
-91.65
-91.44
-91.39
-91.32
-91.38
-91.53
-91.43
-91.51
-91.51
-91.43
-91.31
-91.32
-91.13
-91.02
-91.15
-91.12
-91.32
-91.45
-91.61
-91.78
-91.92
-91.86
-91.76
-91.46
-91.20
-91.20
-91.32
-91.30
-91.40
-91.38
-91.10
-90.96
-91.04
-90.90
-90.97
-90.92
-91.00
-91.06
-91.17
-91.42
-91.39
-91.40
-91.35
-91.43
-91.49
-91.47
-91.54
-91.52
-91.35
-91.38
-91.29
-91.16
-91.18
-91.36
-91.37
-91.44
-91.57
-91.46
-91.59
-91.58
-91.45
-91.51
-91.47
-91.45
-91.52
-91.69
-91.57
-91.68
-91.62
-91.38
-91.49
-91.31
-91.23
-91.26
-91.33
-91.34
-91.32
-91.21
-91.11
-91.16
-91.36
-91.63
-91.66
-91.63
-91.60
-91.45
-91.62
-91.47
-91.59
-91.45
-91.31
-91.35
-91.31
-91.16
-91.24
-91.43
-91.31
-91.55
-91.56
-91.46
-91.34
-91.31
-91.27
-91.24
-91.17
-91.05
-91.06
-91.05
-91.14
-91.35
-91.31
-91.42
-91.43
-91.39
-91.37
-91.22
-91.27
-91.36
-91.42
-91.48
-91.49
-91.41
-91.36
-91.39
-91.46
-91.49
-91.68
-91.51
-91.53
-91.46
-91.40
-91.34
-91.52
-91.58
-91.55
-91.52
-91.54
-91.35
-91.37
-91.31
-91.31
-91.27
-91.26
-91.22
-91.22
-91.28
-91.46
-91.45
-91.40
-91.31
-91.05
-91.12
-91.17
-91.20
-91.41
-91.21
-91.30
-91.50
-91.58
-91.50
-91.51
-91.41
-91.36
-91.43
-91.50
-91.56
-91.72
-91.77
-91.70
-91.46
-91.42
-91.44
-91.26
-91.50
-91.38
-91.40
-91.65
-91.46
-91.55
-91.51
-91.42
-91.56
-91.69
-91.49
-91.46
-91.25
-91.19
-91.22
-91.43
-91.52
-91.54
-91.46
-91.32
-91.30
-91.32
-91.52
-91.62
-91.83
-91.67
-91.56
-91.49
-91.22
-91.31
-91.33
-91.44
-91.56
-91.53
-91.39
-91.33
-91.31
-91.38
-91.60
-91.61
-91.69
-91.76
-91.80
-91.66
-91.45
-91.48
-91.34
-91.25
-91.36
-91.33
-91.39
-91.43
-91.52
-91.53
-91.52
-91.54
-91.55
-91.53
-91.66
-91.60
-91.78
-91.50
-91.38
-91.45
-91.44
-91.53
-91.72
-91.64
-91.52
-91.50
-91.48
-91.62
-91.61
-91.62
-91.67
-91.46
-91.52
-91.57
-91.65
-91.53
-91.63
-91.56
-91.31
-91.18
-91.18
