Frequency: 1.000000
Sample Rate: 1000000.000000
Vector Length: 1
Notes: 
-379.30
-95.26
-93.87
-92.79
-91.83
-92.74
-92.55
-92.36
-92.49
-92.64
-92.64
-92.74
-92.72
-92.59
-92.60
-92.60
-92.67
-92.79
-92.80
-92.77
-92.68
-92.66
-92.79
-92.80
-92.84
-92.92
-92.85
-92.90
-92.98
-92.96
-93.10
-93.05
-92.99
-92.97
-92.77
-92.80
-92.83
-92.81
-92.89
-92.83
-92.94
-92.76
-92.77
-92.60
-92.63
-92.43
-92.47
-92.61
-92.77
-92.81
-92.75
-92.70
-92.55
-92.57
-92.87
-92.70
-92.72
-92.90
-92.62
-92.66
-92.74
-92.64
-92.76
-92.68
-92.81
-92.87
-92.70
-92.88
-92.81
-92.77
-92.84
-92.78
-92.80
-92.85
-92.93
-93.19
-93.23
-93.39
-93.30
-93.11
-92.94
-92.85
-92.93
-92.85
-92.87
-92.90
-92.77
-92.71
-92.85
-92.85
-92.79
-92.88
-92.71
-92.71
-92.90
-92.85
-92.84
-93.09
-92.95
-92.90
-92.93
-92.88
-92.71
-92.76
-92.63
-92.65
-92.80
-92.80
-92.82
-92.81
-92.92
-93.00
-92.98
-92.83
-92.79
-92.80
-92.87
-92.88
-92.89
-92.95
-92.75
-92.80
-92.66
-92.54
-92.51
-92.62
-92.46
-92.60
-92.67
-92.59
-92.78
-92.82
-92.81
-92.81
-92.77
-92.75
-92.78
-92.68
-92.78
-92.78
-92.73
-92.94
-92.85
-92.70
-92.59
-92.57
-92.68
-92.71
-92.89
-92.91
-92.69
-92.75
-92.67
-92.58
-92.66
-92.56
-92.61
-92.66
-92.73
-92.78
-92.71
-92.82
-92.71
-92.59
-92.66
-92.76
-92.92
-92.79
-92.88
-93.03
-92.92
-93.07
-93.14
-92.87
-92.74
-92.96
-92.75
-92.85
-92.97
-92.98
-93.00
-92.92
-92.79
-92.86
-92.73
-92.84
-92.82
-92.85
-92.86
-92.88
-92.96
-92.69
-92.62
-92.58
-92.51
-92.53
-92.75
-92.83
-92.78
-92.80
-92.77
-92.63
-92.85
-92.90
-93.03
-93.00
-92.87
-92.85
-92.67
-92.92
-92.79
-92.87
-92.97
-92.98
-93.25
-93.28
-93.19
-81.90
-80.80
-64.88
-48.45
-47.63
-47.63
-47.63
-51.67
-69.76
-81.52
-82.90
-91.56
-91.94
-92.42
-92.62
-92.71
-92.78
-92.91
-92.89
-93.00
-92.94
-92.71
-92.76
-92.64
-92.78
-93.05
-93.03
-93.02
-93.09
-92.88
-92.86
-92.82
-92.72
-92.81
-92.84
-92.84
-92.84
-92.83
-92.90
-92.87
-92.92
-93.05
-92.86
-92.81
-92.80
-92.87
-92.90
-92.83
-92.76
-92.77
-92.82
-92.92
-93.05
-92.90
-92.65
-92.57
-92.58
-92.54
-92.47
-92.45
-92.45
-92.64
-92.77
-92.78
-92.76
-92.58
-92.51
-92.60
-92.71
-92.77
-92.70
-92.72
-92.75
-92.84
-92.95
-92.97
-93.23
-93.01
-92.87
-92.75
-92.55
-92.55
-92.52
-92.58
-92.65
-92.79
-92.81
-92.88
-92.79
-92.59
-92.62
-92.66
-92.79
-92.83
-92.83
-92.91
-92.97
-92.98
-93.05
-92.97
-92.88
-92.99
-92.89
-92.96
-92.82
-92.70
-92.84
-93.04
-93.20
-93.19
-93.12
-93.04
-92.86
-92.85
-92.82
-92.79
-92.93
-93.04
-93.10
-92.93
-92.84
-92.58
-92.68
-92.68
-92.58
-92.73
-92.71
-92.78
-92.77
-92.71
-92.60
-92.62
-92.68
-92.85
-93.00
-92.92
-92.89
-92.75
-92.74
-92.74
-92.87
-92.99
-92.97
-92.80
-92.71
-92.74
-92.74
-92.82
-92.87
-92.73
-92.59
-92.70
-92.57
-92.82
-92.92
-92.88
-92.78
-92.68
-92.51
-92.53
-92.65
-92.74
-92.86
-92.93
-92.86
-92.83
-92.58
-92.67
-92.63
-92.62
-92.69
-92.62
-92.55
-92.58
-92.56
-92.61
-92.58
-92.49
-92.51
-92.52
-92.79
-92.76
-92.72
-92.82
-92.74
-92.91
-93.00
-92.79
-92.85
-92.72
-92.75
-92.71
-92.94
-92.90
-92.87
-93.10
-93.00
-92.83
-92.83
-92.88
-92.75
-92.79
-92.97
-92.92
