Frequency: 1.000000
Sample Rate: 1000000.000000
Vector Length: 1
Notes: 
-379.30
-97.82
-95.78
-94.31
-93.41
-93.89
-93.83
-93.97
-94.13
-94.04
-94.19
-94.20
-94.06
-94.03
-94.07
-94.00
-93.93
-93.87
-94.01
-93.96
-93.98
-94.10
-94.03
-93.93
-94.21
-94.35
-94.35
-94.39
-94.29
-94.16
-94.13
-93.94
-93.83
-93.68
-93.80
-93.92
-94.00
-94.03
-94.04
-94.04
-94.16
-94.03
-94.29
-94.30
-94.17
-94.13
-94.14
-94.13
-94.22
-94.18
-94.09
-94.01
-93.93
-93.95
-93.98
-93.92
-93.86
-93.86
-93.95
-93.87
-93.96
-94.00
-93.88
-93.98
-93.82
-93.76
-93.76
-93.84
-93.92
-94.00
-93.96
-94.08
-94.11
-93.79
-93.90
-93.62
-93.55
-93.81
-93.66
-93.96
-93.90
-93.82
-94.02
-94.00
-93.96
-93.90
-93.95
-94.04
-94.02
-94.00
-93.85
-93.60
-93.78
-93.82
-93.98
-94.19
-94.19
-94.50
-94.34
-94.16
-94.20
-93.94
-93.88
-93.85
-93.73
-93.78
-93.80
-93.75
-93.71
-93.78
-93.95
-93.84
-93.89
-93.86
-93.80
-93.87
-94.00
-94.01
-93.89
-94.07
-93.82
-93.80
-94.00
-94.02
-94.07
-94.07
-94.15
-93.90
-93.79
-93.69
-93.52
-93.38
-88.29
-64.65
-63.48
-63.48
-63.48
-65.54
-89.02
-92.97
-94.01
-93.94
-93.97
-94.01
-93.97
-94.03
-94.00
-93.99
-93.94
-93.89
-93.92
-93.94
-94.05
-94.08
-94.21
-94.07
-94.03
-93.97
-93.89
-93.94
-94.03
-94.00
-94.15
-94.17
-94.11
-94.16
-94.15
-94.04
-94.12
-94.18
-94.25
-94.19
-94.24
-94.18
-94.00
-94.00
-93.93
-93.89
-93.93
-94.16
-94.19
-94.18
-94.12
-93.94
-93.93
-94.06
-94.06
-94.43
-94.33
-94.33
-94.25
-94.03
-93.77
-93.84
-93.85
-93.91
-94.13
-94.00
-93.76
-93.77
-93.77
-93.78
-93.99
-94.01
-93.93
-93.89
-93.90
-93.85
-93.83
-93.83
-93.86
-93.99
-94.23
-94.09
-94.14
-94.03
-93.90
-93.76
-93.75
-93.84
-93.86
-94.04
-94.09
-94.06
-93.97
-94.17
-94.15
-94.12
-94.17
-94.06
-93.94
-93.98
-94.01
-94.07
-94.32
-94.25
-94.28
-94.24
-94.10
-94.14
-93.96
-94.08
-94.11
-93.95
-93.94
-93.86
-93.91
-94.12
-94.06
-94.18
-93.94
-93.94
-93.87
-93.77
-93.58
-93.64
-93.71
-93.76
-93.91
-93.88
-93.97
-93.75
-93.89
-93.81
-93.89
-93.89
-93.80
-93.76
-93.73
-93.91
-93.91
-93.85
-94.11
-94.02
-94.28
-94.26
-94.00
-93.67
-93.68
-93.67
-93.77
-93.99
-94.06
-94.12
-94.15
-93.92
-93.92
-93.87
-93.62
-93.75
-93.81
-93.74
-94.00
-94.00
-93.99
-94.05
-94.05
-94.11
-94.01
-93.98
-93.97
-94.04
-93.98
-94.10
-93.94
-93.97
-93.96
-93.92
-94.00
-93.99
-94.09
-94.06
-93.94
-94.04
-93.99
-94.12
-94.05
-94.07
-94.08
-93.96
-93.85
-93.67
-93.68
-93.73
-93.90
-93.84
-94.08
-94.13
-94.01
-93.98
-93.91
-93.76
-93.90
-93.80
-93.89
-93.95
-93.90
-93.84
-93.82
-93.76
-93.86
-94.01
-94.10
-94.19
-94.02
-93.99
-94.02
-93.95
-93.95
-93.96
-93.82
-93.92
-93.82
-93.74
-93.69
-93.58
-93.58
-93.79
-93.92
-94.19
-94.09
-94.02
-93.95
-93.80
-93.93
-94.09
-94.02
-94.18
-94.11
-94.07
-94.17
-94.10
-94.21
-94.31
-94.19
-94.02
-93.85
-93.81
-93.70
-93.91
-93.88
-93.97
-93.86
-93.80
-93.83
-93.81
-94.05
-94.21
-94.28
-94.12
-94.02
-93.85
-93.67
-93.74
-93.79
-93.80
-94.03
-94.12
-94.14
-94.19
-94.26
-94.27
-94.13
-93.94
-93.84
-94.01
-94.02
-94.26
-94.21
-94.15
-93.85
-93.77
-93.87
-93.78
-93.84
-94.02
-93.83
-93.96
-94.11
-94.05
-94.14
