Frequency: 1.000000
Sample Rate: 1000000.000000
Vector Length: 1
Notes: 
-379.30
-99.58
-97.21
-95.93
-94.90
-94.98
-95.01
-94.89
-94.79
-94.93
-94.82
-94.84
-94.94
-95.04
-94.97
-95.24
-95.16
-95.15
-95.22
-95.23
-95.29
-95.27
-95.11
-94.96
-94.92
-94.83
-94.90
-94.95
-94.87
-94.88
-94.89
-94.88
-94.93
-95.09
-94.95
-95.04
-94.90
-94.87
-94.95
-94.97
-94.96
-94.99
-95.05
-95.05
-94.98
-94.99
-94.83
-94.83
-94.97
-95.05
-95.20
-95.22
-95.33
-95.17
-95.13
-95.08
-95.14
-95.18
-95.12
-95.07
-95.03
-94.96
-94.98
-94.90
-94.76
-94.69
-94.72
-94.63
-94.89
-95.14
-95.13
-95.17
-94.86
-94.76
-94.85
-94.87
-94.96
-95.03
-95.09
-95.12
-95.14
-95.10
-95.09
-95.23
-95.08
-95.06
-94.95
-94.84
-94.83
-95.03
-95.07
-95.04
-95.19
-95.00
-95.05
-95.21
-95.00
-95.18
-95.06
-95.05
-95.10
-95.01
-94.74
-94.74
-94.58
-94.70
-94.76
-94.72
-94.90
-94.96
-94.92
-95.00
-95.05
-95.10
-95.18
-95.00
-95.02
-95.00
-94.92
-95.00
-95.19
-95.08
-95.33
-95.33
-95.15
-95.05
-94.87
-94.66
-94.76
-94.97
-94.95
-95.10
-95.13
-95.04
-95.05
-94.88
-94.97
-94.81
-94.89
-94.89
-94.89
-94.88
-94.76
-94.86
-94.94
-94.94
-95.10
-95.05
-95.08
-94.98
-95.03
-95.07
-94.95
-95.07
-95.21
-95.09
-95.20
-95.07
-94.99
-94.97
-95.01
-95.11
-95.07
-95.26
-95.06
-94.84
-94.83
-94.69
-94.67
-94.85
-95.06
-94.96
-95.21
-95.15
-95.01
-95.04
-94.97
-94.95
-94.85
-94.82
-94.87
-94.88
-94.75
-94.93
-94.91
-95.04
-95.20
-95.00
-95.08
-94.91
-94.86
-94.99
-94.94
-95.00
-95.17
-95.23
-95.24
-95.04
-94.89
-94.80
-94.97
-95.06
-95.14
-95.33
-94.99
-95.04
-94.93
-94.87
-94.95
-94.91
-95.05
-94.97
-94.79
-94.72
-94.76
-94.76
-95.04
-95.11
-95.14
-95.13
-95.08
-95.06
-95.11
-94.95
-94.92
-94.87
-94.76
-94.88
-94.95
-94.87
-95.03
-95.16
-95.17
-95.22
-95.33
-95.19
-95.00
-94.77
-94.85
-94.88
-95.04
-95.10
-95.13
-95.25
-95.08
-95.10
-95.14
-95.00
-94.98
-94.91
-94.83
-94.92
-95.04
-95.04
-95.08
-94.93
-94.93
-94.83
-94.94
-94.97
-94.96
-95.06
-94.96
-94.73
-94.44
-94.50
-94.39
-94.44
-94.39
-94.44
-94.48
-94.64
-94.80
-94.75
-94.70
-94.71
-94.72
-94.92
-94.90
-94.90
-94.95
-95.09
-95.14
-95.17
-95.01
-94.97
-94.81
-94.74
-94.70
-94.84
-94.84
-94.95
-95.03
-94.95
-94.96
-94.93
-95.00
-95.06
-94.98
-95.02
-94.95
-94.91
-95.02
-95.25
-95.16
-95.03
-95.06
-94.85
-94.89
-95.07
-94.95
-95.11
-95.07
-94.93
-94.90
-94.85
-94.91
-94.81
-94.77
-94.95
-94.88
-94.94
-95.00
-94.87
-94.87
-94.85
-94.81
-95.04
-95.10
-94.92
-94.99
-94.79
-94.64
-94.87
-95.03
-95.16
-95.11
-95.08
-95.12
-94.99
-94.91
-95.08
-94.98
-95.04
-95.20
-95.01
-95.04
-94.99
-95.00
-94.97
-94.93
-94.94
-94.96
-94.87
-94.95
-94.95
-94.79
-94.91
-94.91
-94.88
-95.00
-94.79
-94.71
-94.80
-94.68
-94.89
-94.92
-94.96
-94.94
-94.83
-94.86
-94.86
-94.93
-94.92
-95.05
-95.12
-95.14
-95.20
-95.05
-95.06
-95.05
-95.04
-95.12
-95.09
-95.23
-95.06
-95.05
-95.05
-94.85
-94.88
-94.78
-94.73
-94.76
-94.88
-94.91
-95.03
-95.13
-94.96
-95.05
-94.95
-94.91
-95.07
-95.14
-95.27
-95.37
-95.26
-95.19
-95.22
-95.15
-95.12
-95.02
-95.08
-94.97
-94.87
-94.98
-95.03
-95.06
-95.24
-95.23
-95.24
-95.14
