Frequency: 1.000000
Sample Rate: 1000000.000000
Vector Length: 1
Notes: 
-379.30
-99.92
-97.86
-96.43
-95.55
-95.70
-95.65
-95.72
-95.54
-95.35
-95.36
-95.21
-95.18
-95.34
-95.35
-95.52
-95.44
-95.50
-95.52
-95.60
-95.50
-95.47
-95.44
-95.40
-95.57
-95.65
-95.76
-95.56
-95.47
-95.35
-95.26
-95.33
-95.36
-95.39
-95.61
-95.60
-95.57
-95.53
-95.47
-95.31
-95.35
-95.29
-95.31
-95.39
-95.31
-95.28
-95.40
-95.42
-95.46
-95.51
-95.46
-95.38
-95.41
-95.52
-95.47
-95.63
-95.60
-95.57
-95.61
-95.49
-95.47
-95.38
-95.37
-95.45
-95.30
-95.36
-95.36
-95.34
-95.43
-95.56
-95.58
-95.53
-95.41
-95.35
-95.38
-95.44
-95.38
-95.43
-95.33
-95.48
-95.46
-95.42
-95.39
-95.46
-95.59
-95.75
-95.58
-95.58
-95.46
-95.36
-95.45
-95.52
-95.44
-95.57
-95.56
-95.53
-95.59
-95.59
-95.50
-95.35
-95.26
-95.30
-95.33
-95.54
-95.54
-95.37
-95.28
-94.50
-71.00
-67.36
-67.36
-67.36
-67.42
-93.84
-95.31
-95.25
-95.33
-95.31
-95.38
-95.56
-95.57
-95.58
-95.63
-95.69
-95.67
-95.51
-95.39
-95.33
-95.21
-95.25
-95.44
-95.51
-95.57
-95.58
-95.61
-95.54
-95.67
-95.68
-95.43
-95.48
-95.40
-95.54
-95.80
-95.64
-95.50
-95.27
-95.09
-95.25
-95.41
-95.48
-95.62
-95.58
-95.57
-95.57
-95.63
-95.59
-95.62
-95.50
-95.42
-95.31
-95.25
-95.31
-95.35
-95.29
-95.47
-95.61
-95.57
-95.56
-95.59
-95.39
-95.41
-95.43
-95.37
-95.34
-95.47
-95.37
-95.39
-95.51
-95.35
-95.48
-95.49
-95.23
-95.27
-95.29
-95.35
-95.26
-95.51
-95.31
-95.25
-95.45
-95.31
-95.41
-95.43
-95.47
-95.68
-95.66
-95.68
-95.69
-95.48
-95.39
-95.35
-95.35
-95.47
-95.52
-95.57
-95.70
-95.52
-95.50
-95.57
-95.58
-95.74
-95.71
-95.60
-95.39
-95.39
-95.45
-95.41
-95.45
-95.39
-95.13
-95.27
-95.46
-95.60
-95.68
-95.54
-95.40
-95.41
-95.61
-95.66
-95.72
-95.77
-95.72
-95.43
-95.40
-95.35
-95.39
-95.46
-95.59
-95.53
-95.60
-95.57
-95.49
-95.49
-95.34
-95.14
-95.20
-95.23
-95.42
-95.60
-95.48
-95.44
-95.19
-95.31
-95.49
-95.69
-95.78
-95.71
-95.63
-95.75
-95.56
-95.80
-95.60
-95.51
-95.55
-95.26
-95.33
-95.28
-95.19
-95.25
-95.28
-95.36
-95.43
-95.50
-95.68
-95.55
-95.60
-95.63
-95.70
-95.86
-95.81
-95.73
-95.69
-95.68
-95.59
-95.74
-95.72
-95.63
-95.58
-95.27
-95.14
-95.24
-95.40
-95.37
-95.56
-95.50
-95.41
-95.45
-95.41
-95.43
-95.57
-95.73
-95.67
-95.74
-95.52
-95.29
-95.56
-95.67
-95.64
-95.86
-95.78
-95.61
-95.56
-95.51
-95.45
-95.57
-95.63
-95.71
-95.65
-95.67
-95.55
-95.39
-95.55
-95.64
-95.54
-95.65
-95.59
-95.48
-95.52
-95.54
-95.46
-95.45
-95.40
-95.49
-95.43
-95.42
-95.49
-95.23
-95.22
-95.37
-95.32
-95.44
-95.47
-95.36
-95.44
-95.34
-95.40
-95.48
-95.53
-95.60
-95.55
-95.48
-95.48
-95.38
-95.36
-95.47
-95.47
-95.44
-95.38
-95.31
-95.23
-95.23
-95.20
-95.33
-95.30
-95.37
-95.40
-95.43
-95.52
-95.42
-95.38
-95.47
-95.54
-95.66
-95.71
-95.55
-95.63
-95.54
-95.47
-95.45
-95.49
-95.61
-95.72
-95.63
-95.56
-95.53
-95.45
-95.53
-95.73
-95.61
-95.48
-95.46
-95.42
-95.44
-95.73
-95.82
-95.80
-95.92
-95.85
-95.85
-95.88
-95.72
-95.64
-95.46
-95.37
-95.13
-95.13
-94.78
-94.21
-93.80
-89.93
-87.24
-80.83
-44.61
-44.61
-44.61
-44.61
-80.42
-88.68
-91.69
-93.10
