Frequency: 1.000000
Sample Rate: 1000000.000000
Vector Length: 1
Notes: 
-379.30
-100.36
-98.20
-96.67
-95.71
-95.83
-95.49
-95.56
-95.39
-95.29
-95.43
-95.44
-95.59
-95.53
-95.67
-95.68
-95.61
-95.71
-95.69
-95.67
-95.63
-95.66
-95.61
-95.53
-95.42
-95.41
-95.45
-95.42
-95.50
-95.49
-95.43
-95.61
-95.50
-95.66
-95.66
-95.65
-95.74
-95.89
-95.90
-96.01
-95.92
-95.83
-95.66
-95.68
-95.56
-95.57
-95.71
-95.49
-95.64
-95.66
-95.54
-95.50
-95.53
-95.44
-95.58
-95.47
-95.41
-95.46
-95.47
-95.41
-95.48
-95.44
-95.40
-95.62
-95.70
-95.73
-95.77
-95.73
-95.70
-95.65
-95.67
-95.59
-95.69
-95.62
-95.60
-95.56
-95.53
-95.69
-95.64
-95.78
-95.56
-95.55
-95.51
-95.44
-95.46
-95.40
-95.56
-95.72
-95.77
-95.73
-95.60
-95.65
-95.66
-95.66
-95.56
-95.46
-95.42
-95.47
-95.53
-95.43
-95.55
-95.70
-95.82
-95.92
-95.80
-95.63
-95.36
-95.30
-95.45
-95.50
-95.64
-95.59
-95.47
-95.51
-95.50
-95.51
-95.57
-95.67
-95.74
-95.77
-95.73
-95.68
-95.62
-95.70
-95.67
-95.73
-95.81
-95.82
-95.86
-95.83
-95.78
-95.70
-95.62
-95.59
-95.61
-95.73
-95.58
-95.60
-95.63
-95.55
-95.60
-95.76
-95.65
-95.78
-95.61
-95.61
-95.56
-95.45
-95.59
-95.59
-95.52
-95.71
-95.71
-95.74
-95.94
-95.68
-95.70
-95.62
-95.35
-95.42
-95.48
-95.37
-95.45
-95.47
-95.52
-95.38
-95.44
-95.36
-95.38
-95.32
-95.38
-95.29
-95.38
-95.47
-95.58
-95.74
-95.85
-95.76
-95.76
-95.60
-95.41
-95.39
-95.35
-95.44
-95.64
-95.50
-95.62
-95.67
-95.50
-95.55
-95.50
-95.44
-95.45
-95.35
-95.33
-95.40
-95.33
-95.22
-95.25
-95.21
-95.27
-95.47
-95.64
-95.69
-95.61
-95.66
-95.54
-95.65
-95.71
-95.68
-95.49
-95.48
-95.47
-95.57
-95.73
-95.71
-95.70
-95.59
-95.62
-95.58
-95.56
-95.59
-95.62
-95.73
-95.60
-95.70
-95.76
-95.63
-95.70
-95.58
-95.62
-95.44
-95.50
-95.51
-95.50
-95.61
-95.70
-95.69
-95.72
-95.72
-95.58
-95.52
-95.51
-95.35
-95.45
-95.23
-95.43
-95.42
-95.43
-95.73
-95.66
-95.64
-95.70
-95.64
-95.58
-95.53
-95.40
-95.46
-95.33
-95.32
-95.26
-95.48
-95.72
-95.76
-95.89
-95.75
-95.56
-95.49
-95.37
-95.48
-95.46
-95.43
-95.37
-95.40
-95.37
-95.37
-95.46
-95.47
-95.55
-95.66
-95.81
-95.70
-95.68
-95.61
-95.65
-95.61
-95.70
-95.61
-95.52
-95.56
-95.41
-95.47
-95.48
-95.42
-95.41
-95.50
-95.50
-95.55
-95.72
-95.50
-95.36
-95.46
-95.67
-95.75
-95.71
-95.67
-95.57
-95.71
-95.71
-95.71
-95.73
-95.71
-95.73
-95.73
-95.73
-95.70
-95.74
-95.70
-95.76
-95.69
-95.51
-95.54
-95.48
-95.52
-95.57
-95.52
-95.54
-95.54
-95.63
-95.74
-95.59
-95.75
-95.78
-95.65
-95.74
-95.77
-95.72
-95.70
-95.75
-95.51
-95.48
-95.23
-95.22
-95.20
-95.47
-95.51
-95.66
-95.53
-95.48
-95.65
-95.50
-95.44
-95.53
-95.57
-95.67
-95.65
-95.71
-95.67
-95.62
-95.50
-95.23
-95.32
-95.40
-95.36
-95.62
-95.49
-95.42
-95.49
-95.56
-95.78
-95.84
-95.87
-95.72
-95.61
-95.51
-95.54
-95.59
-95.63
-95.52
-95.41
-95.50
-95.46
-95.46
-95.49
-95.30
-95.36
-95.43
-95.36
-95.54
-95.51
-95.52
-95.54
-95.49
-95.63
-95.48
-95.60
-95.45
-95.43
-95.49
-95.49
-95.50
-95.55
-95.65
-95.52
-95.70
-95.61
-95.52
-95.53
-95.40
-95.34
-95.45
-95.54
-95.65
-95.77
-95.60
-95.42
-95.48
-95.30
-95.30
-95.38
-95.31
