Frequency: 1.000000
Sample Rate: 1000000.000000
Vector Length: 1
Notes: 
-379.30
-100.77
-98.41
-96.86
-95.76
-95.87
-95.97
-96.04
-96.26
-96.21
-96.31
-96.32
-96.27
-96.32
-96.23
-96.26
-96.25
-96.15
-96.07
-95.93
-95.99
-95.84
-95.89
-96.06
-96.18
-96.06
-96.02
-95.84
-95.71
-95.84
-95.83
-95.95
-95.90
-95.93
-95.65
-95.72
-95.86
-95.92
-95.98
-96.16
-95.84
-96.07
-95.99
-95.98
-96.06
-95.99
-96.03
-95.92
-95.95
-95.99
-95.86
-96.04
-96.09
-95.93
-96.14
-96.03
-96.10
-96.18
-96.14
-96.12
-96.07
-96.10
-96.13
-95.99
-96.11
-96.11
-96.12
-96.13
-96.07
-96.08
-96.03
-96.05
-96.01
-95.96
-95.90
-95.97
-96.08
-96.12
-96.07
-96.09
-95.93
-95.86
-96.03
-95.89
-95.93
-95.91
-95.81
-95.82
-95.92
-95.98
-96.20
-96.06
-96.20
-96.12
-96.07
-96.13
-96.12
-96.17
-96.18
-96.27
-96.11
-96.11
-95.88
-95.83
-95.89
-96.03
-96.25
-96.28
-96.28
-96.09
-95.91
-95.91
-95.84
-95.83
-96.06
-95.91
-95.87
-95.82
-95.92
-95.88
-95.97
-95.97
-95.76
-95.62
-95.66
-95.70
-95.80
-95.93
-95.94
-96.05
-96.12
-95.96
-95.96
-95.96
-95.97
-96.08
-96.33
-96.36
-96.32
-96.31
-96.04
-95.82
-95.88
-95.86
-95.93
-96.02
-95.89
-96.11
-96.09
-96.18
-96.11
-95.84
-95.66
-95.72
-95.90
-96.03
-96.11
-96.07
-95.89
-96.10
-96.03
-96.03
-96.01
-95.99
-96.04
-96.06
-96.04
-96.09
-95.91
-95.92
-96.16
-96.05
-96.23
-96.14
-96.09
-96.12
-96.11
-96.12
-96.06
-95.97
-95.98
-95.99
-95.99
-96.04
-96.06
-95.86
-95.93
-96.05
-95.87
-96.01
-96.07
-95.87
-96.04
-95.89
-95.87
-96.04
-96.01
-96.09
-96.27
-96.13
-96.20
-96.21
-96.17
-96.06
-95.98
-95.78
-95.85
-95.96
-95.86
-96.06
-95.99
-96.11
-96.32
-96.15
-96.33
-96.16
-96.07
-96.14
-96.06
-96.06
-95.96
-95.68
-95.12
-93.64
-90.27
-46.65
-46.49
-46.49
-46.49
-51.38
-90.95
-93.63
-94.68
-92.17
-91.91
-92.02
-91.99
-94.48
-96.08
-96.07
-96.15
-96.20
-96.00
-95.92
-95.96
-96.01
-96.12
-96.19
-96.02
-95.93
-95.92
-95.80
-95.97
-96.15
-96.11
-96.00
-96.00
-95.99
-95.66
-95.79
-95.78
-95.89
-96.06
-96.12
-96.05
-96.09
-96.00
-95.87
-95.74
-95.63
-95.66
-95.65
-95.79
-95.96
-95.95
-95.96
-96.05
-95.87
-95.84
-95.94
-95.91
-96.00
-96.10
-96.19
-96.08
-96.08
-96.04
-95.96
-96.05
-96.01
-95.97
-95.90
-95.91
-95.97
-96.13
-96.15
-96.20
-96.24
-96.21
-96.24
-96.18
-96.23
-96.23
-96.13
-96.06
-96.05
-96.08
-96.07
-96.15
-96.16
-95.85
-95.80
-95.59
-95.56
-95.77
-95.94
-96.16
-96.10
-96.13
-96.13
-96.13
-96.06
-96.05
-95.95
-95.92
-95.92
-95.93
-96.06
-96.03
-96.17
-96.23
-96.23
-96.19
-96.13
-96.23
-96.21
-96.24
-96.15
-95.85
-95.76
-95.71
-95.76
-95.66
-95.67
-95.63
-95.76
-95.72
-95.85
-95.62
-95.75
-95.81
-95.86
-96.02
-96.06
-96.07
-96.21
-96.27
-96.30
-96.19
-95.91
-95.91
-95.86
-95.87
-95.94
-95.85
-95.78
-95.87
-96.05
-96.27
-96.37
-96.44
-96.28
-96.00
-95.93
-95.80
-95.90
-96.00
-96.06
-96.14
-96.09
-96.00
-96.05
-95.95
-95.90
-96.03
-95.98
-95.91
-96.03
-96.04
-95.97
-95.99
-95.88
-95.81
-95.81
-95.76
-95.94
-96.00
-95.92
-96.03
-95.96
-95.94
-95.90
-95.72
-95.74
-95.82
-95.90
-96.06
-95.97
-95.99
-95.94
-96.02
-96.05
-96.17
-96.31
-96.08
-96.05
-95.87
-95.67
-95.63
-95.60
-95.83
