Frequency: 1.000000
Sample Rate: 1000000.000000
Vector Length: 1
Notes: 
-379.30
-101.13
-98.77
-97.33
-96.17
-96.10
-96.15
-96.03
-96.12
-96.05
-96.10
-96.07
-96.13
-96.23
-96.29
-96.39
-96.33
-96.15
-96.31
-96.23
-96.30
-96.33
-96.05
-95.95
-96.02
-96.11
-96.32
-96.36
-96.16
-96.16
-96.07
-95.96
-96.18
-96.00
-95.98
-95.94
-95.93
-96.06
-96.14
-96.27
-96.18
-96.10
-96.19
-96.14
-96.23
-96.39
-96.25
-96.43
-96.40
-96.31
-96.37
-95.98
-95.89
-95.88
-95.82
-95.83
-96.01
-96.04
-96.10
-96.26
-96.20
-96.42
-96.20
-96.17
-96.27
-96.09
-96.12
-96.32
-96.26
-96.33
-96.34
-96.08
-95.94
-95.87
-95.82
-95.74
-95.74
-96.01
-96.12
-96.32
-96.44
-96.26
-96.21
-96.07
-96.19
-96.22
-96.37
-96.32
-96.32
-96.27
-96.12
-96.08
-95.96
-96.10
-96.05
-95.99
-95.91
-95.91
-96.13
-96.33
-96.49
-96.30
-96.15
-96.07
-96.06
-96.15
-96.04
-96.06
-96.17
-96.09
-96.04
-95.99
-95.83
-96.04
-96.03
-96.30
-96.20
-96.07
-96.09
-96.00
-96.22
-96.19
-96.34
-96.28
-96.16
-96.27
-96.22
-96.17
-96.31
-96.13
-95.99
-96.10
-95.95
-95.95
-96.08
-96.10
-96.17
-95.98
-96.00
-96.05
-95.99
-96.06
-96.22
-96.12
-96.01
-96.06
-96.04
-96.06
-96.06
-96.15
-96.08
-96.10
-95.97
-96.08
-96.17
-96.19
-96.31
-96.19
-96.14
-96.15
-96.22
-96.28
-96.43
-96.29
-96.21
-96.12
-96.28
-96.42
-96.33
-96.18
-95.99
-95.94
-95.96
-96.02
-96.08
-96.03
-96.02
-95.98
-96.10
-96.15
-96.11
-96.25
-96.25
-96.25
-96.18
-96.15
-96.06
-91.76
-90.93
-90.90
-90.88
-93.31
-96.03
-96.07
-96.08
-96.08
-96.02
-96.19
-96.16
-96.25
-96.20
-96.20
-96.20
-96.15
-96.19
-96.09
-96.14
-96.32
-96.31
-96.24
-96.15
-95.99
-96.00
-96.15
-96.24
-96.19
-96.08
-95.95
-95.92
-96.00
-95.99
-96.11
-96.05
-96.08
-96.20
-96.20
-96.17
-96.23
-96.18
-96.07
-96.08
-96.04
-96.11
-96.00
-96.18
-96.22
-96.28
-96.48
-96.48
-96.47
-96.28
-96.21
-96.13
-96.24
-96.23
-96.24
-96.38
-96.03
-96.11
-96.26
-96.10
-96.27
-96.24
-96.23
-96.27
-96.16
-96.17
-96.21
-96.14
-96.29
-96.26
-96.29
-96.40
-96.31
-96.40
-96.44
-96.37
-96.40
-96.43
-96.14
-96.02
-95.92
-96.00
-95.98
-96.01
-95.99
-95.75
-95.72
-95.71
-95.91
-96.07
-96.10
-96.04
-95.99
-95.91
-95.93
-96.07
-96.23
-96.31
-96.44
-96.35
-96.25
-96.30
-96.25
-96.27
-96.34
-96.43
-96.24
-96.21
-96.16
-96.06
-96.08
-96.08
-96.16
-96.01
-96.04
-96.03
-95.94
-96.05
-96.06
-96.07
-96.04
-96.11
-96.04
-96.23
-96.28
-96.23
-96.18
-96.22
-96.06
-96.04
-96.33
-96.31
-96.20
-96.14
-96.14
-96.25
-96.21
-96.20
-96.20
-96.17
-95.92
-95.96
-96.03
-96.01
-96.11
-96.04
-95.93
-96.01
-96.00
-96.13
-96.22
-96.28
-96.23
-96.25
-96.31
-96.24
-96.22
-96.37
-96.25
-96.23
-96.24
-96.16
-96.17
-96.14
-96.11
-96.06
-96.06
-96.10
-96.17
-96.18
-96.27
-96.06
-96.07
-95.99
-95.87
-96.02
-96.09
-96.13
-96.24
-96.22
-96.20
-96.39
-96.45
-96.46
-96.35
-96.11
-96.02
-96.02
-96.15
-96.20
-96.19
-96.30
-96.22
-96.17
-96.19
-96.24
-96.30
-96.24
-96.22
-96.07
-96.01
-96.18
-96.28
-96.48
-96.46
-96.41
-96.49
-96.36
-96.30
-96.14
-95.90
-95.86
-95.89
-95.88
-96.12
-96.35
-96.29
-96.29
-96.07
-96.08
-96.06
-96.10
-96.24
-96.20
-96.32
-96.16
-96.13
-96.08
-95.92
-96.13
