Frequency: 1.000000
Sample Rate: 1000000.000000
Vector Length: 1
Notes: 
-379.30
-101.56
-99.02
-97.34
-96.21
-96.10
-96.08
-96.09
-96.03
-81.31
-69.20
-69.20
-69.20
-69.21
-94.43
-95.99
-95.96
-96.06
-96.17
-96.14
-96.16
-96.12
-96.08
-96.00
-96.07
-96.03
-95.91
-96.03
-95.94
-95.89
-96.06
-96.04
-96.17
-96.27
-96.18
-96.31
-96.16
-96.18
-96.18
-96.25
-96.09
-96.07
-96.05
-95.74
-95.85
-95.73
-95.73
-95.95
-95.88
-96.13
-96.00
-96.08
-95.99
-96.17
-96.21
-96.18
-96.12
-95.91
-96.01
-96.10
-96.06
-96.26
-96.21
-96.21
-96.27
-96.17
-96.12
-96.05
-96.00
-95.96
-96.00
-95.99
-96.01
-96.07
-96.19
-96.19
-96.08
-96.02
-96.00
-96.05
-96.11
-95.98
-96.05
-96.03
-95.94
-96.09
-96.12
-96.19
-96.25
-96.27
-96.22
-96.15
-96.12
-96.12
-96.10
-96.01
-96.08
-96.04
-96.11
-96.17
-96.01
-96.12
-95.87
-96.04
-96.12
-96.08
-96.06
-95.90
-95.89
-95.87
-95.82
-96.01
-95.97
-96.03
-96.08
-95.98
-95.93
-95.82
-95.99
-96.04
-96.10
-96.12
-96.12
-96.07
-96.17
-96.10
-96.15
-96.15
-96.02
-96.05
-95.85
-95.76
-95.87
-95.80
-95.95
-96.09
-96.10
-96.22
-96.48
-96.52
-96.24
-96.29
-96.18
-96.03
-96.09
-96.11
-96.04
-96.17
-96.22
-96.27
-96.34
-96.27
-96.24
-96.29
-96.29
-96.20
-96.21
-96.05
-95.92
-96.03
-96.07
-96.16
-96.33
-96.36
-96.40
-96.26
-96.34
-96.09
-96.13
-96.16
-96.06
-96.13
-96.02
-96.00
-96.10
-96.08
-96.17
-96.13
-96.20
-96.32
-96.36
-96.41
-96.48
-96.45
-96.50
-96.44
-96.41
-96.44
-96.30
-96.33
-96.32
-96.29
-96.25
-96.24
-96.30
-96.37
-96.17
-96.15
-95.97
-96.09
-96.02
-96.01
-96.12
-96.07
-96.11
-96.18
-96.04
-96.10
-96.12
-96.24
-96.17
-96.29
-96.24
-96.15
-96.26
-96.17
-96.05
-96.11
-96.01
-95.89
-96.07
-96.10
-96.01
-96.02
-96.07
-96.02
-96.10
-96.13
-96.14
-96.39
-96.46
-96.31
-96.43
-96.28
-96.08
-96.11
-96.09
-96.17
-96.05
-96.09
-96.15
-96.07
-96.18
-96.30
-96.33
-96.21
-96.13
-96.01
-96.01
-96.00
-96.09
-96.13
-96.16
-96.00
-96.12
-96.18
-96.27
-96.34
-96.48
-96.28
-96.21
-95.99
-96.00
-96.00
-96.08
-96.23
-96.08
-96.13
-96.18
-96.17
-96.18
-96.30
-96.36
-96.33
-96.42
-96.17
-96.11
-96.10
-96.12
-96.09
-95.98
-96.03
-96.09
-96.12
-96.23
-96.20
-96.28
-96.19
-96.27
-96.41
-96.33
-96.38
-96.40
-96.33
-96.48
-96.30
-96.16
-96.32
-96.00
-96.04
-96.39
-96.31
-96.29
-96.37
-96.23
-96.25
-96.23
-96.08
-96.11
-95.96
-95.99
-96.28
-96.24
-96.32
-96.27
-96.23
-96.01
-95.86
-95.80
-95.86
-96.01
-96.16
-96.27
-96.35
-96.23
-96.29
-96.15
-96.28
-96.25
-96.27
-96.29
-96.30
-96.31
-96.38
-96.39
-96.31
-96.12
-96.01
-95.95
-96.04
-96.13
-96.11
-96.16
-96.11
-96.08
-96.25
-96.18
-96.16
-96.19
-96.23
-96.21
-96.25
-96.09
-96.01
-96.01
-95.97
-95.91
-96.05
-96.02
-95.96
-96.12
-96.10
-96.06
-96.06
-96.00
-96.01
-95.95
-95.86
-95.95
-95.84
-96.03
-96.12
-96.24
-96.25
-96.01
-96.12
-96.00
-95.96
-96.01
-95.99
-96.11
-95.97
-96.03
-96.08
-96.00
-96.21
-96.22
-96.25
-96.27
-96.16
-96.18
-96.18
-96.18
-96.25
-96.27
-96.21
-96.37
-96.29
-96.14
-96.12
-96.07
-96.07
-96.18
-96.26
-96.11
-96.17
-96.10
-96.08
-96.27
-96.17
-96.15
-95.97
-95.87
-95.81
-95.80
-95.89
-96.05
-96.17
-95.26
