Frequency: 1.000000
Sample Rate: 1000000.000000
Vector Length: 1
Notes: 
-379.30
-101.82
-99.01
-97.33
-96.46
-96.45
-96.37
-96.39
-96.40
-96.35
-96.49
-96.65
-96.62
-96.57
-96.63
-96.45
-96.51
-96.63
-96.56
-96.48
-96.50
-96.25
-96.25
-96.37
-96.36
-96.39
-96.58
-96.53
-96.55
-96.44
-96.51
-96.46
-96.52
-96.44
-96.52
-96.43
-96.45
-96.52
-96.35
-96.38
-96.35
-96.39
-96.60
-96.78
-96.77
-96.66
-96.50
-96.35
-96.35
-96.34
-96.42
-96.49
-96.38
-96.39
-96.38
-96.34
-96.42
-96.40
-96.35
-96.32
-96.32
-96.10
-96.22
-96.25
-96.33
-96.46
-96.66
-96.61
-96.63
-96.70
-96.69
-96.56
-96.41
-96.45
-96.49
-96.45
-96.50
-96.39
-96.18
-96.32
-96.30
-96.36
-96.40
-96.32
-96.15
-96.11
-96.30
-96.39
-96.46
-96.49
-96.59
-96.56
-96.71
-96.58
-96.57
-96.65
-96.81
-96.94
-96.96
-96.92
-96.55
-96.37
-96.23
-96.19
-96.38
-96.54
-96.68
-96.69
-96.64
-96.59
-96.64
-96.59
-96.55
-96.43
-96.42
-96.35
-96.42
-96.58
-96.57
-96.73
-96.79
-96.70
-96.69
-96.65
-96.63
-96.62
-96.54
-96.32
-96.26
-96.22
-96.33
-96.42
-96.57
-96.56
-96.50
-96.53
-96.37
-96.47
-96.41
-96.37
-96.40
-96.30
-96.29
-96.49
-96.64
-96.66
-96.79
-96.65
-96.64
-96.62
-96.60
-96.36
-96.32
-96.40
-96.24
-96.46
-96.51
-96.55
-96.58
-96.46
-96.52
-96.48
-96.52
-96.63
-96.62
-96.40
-96.25
-96.33
-96.30
-96.33
-96.44
-96.43
-96.35
-96.40
-96.41
-96.51
-96.44
-96.57
-96.67
-96.52
-96.53
-96.35
-96.33
-96.33
-96.47
-96.41
-96.51
-96.53
-96.49
-96.42
-96.44
-96.55
-96.65
-96.51
-96.49
-96.35
-96.41
-96.55
-96.56
-96.53
-96.59
-96.39
-96.39
-96.44
-96.46
-96.52
-96.62
-96.41
-96.41
-96.08
-95.93
-95.89
-85.13
-84.94
-81.07
-46.44
-46.44
-46.44
-46.44
-81.90
-88.39
-88.77
-95.17
-95.73
-95.82
-96.43
-96.26
-91.86
-91.73
-91.79
-91.83
-95.60
-96.62
-96.58
-96.54
-96.59
-96.69
-96.71
-96.71
-96.51
-96.38
-96.25
-96.27
-96.25
-96.24
-96.45
-96.13
-95.89
-95.64
-93.85
-88.38
-64.37
-64.03
-61.75
-61.75
-63.64
-65.61
-71.85
-93.43
-95.29
-96.09
-96.24
-96.51
-96.59
-96.41
-96.35
-96.26
-96.19
-96.41
-96.35
-96.41
-96.47
-96.40
-96.40
-96.35
-96.24
-96.36
-96.41
-96.60
-96.58
-96.63
-96.57
-96.34
-96.34
-96.49
-96.50
-96.68
-96.82
-96.66
-96.58
-96.65
-96.56
-96.52
-96.52
-96.57
-96.59
-96.71
-96.49
-96.44
-96.40
-96.31
-96.43
-96.60
-96.51
-96.46
-96.31
-96.29
-96.20
-96.31
-96.46
-96.44
-96.69
-96.63
-96.67
-96.49
-96.48
-96.36
-96.28
-96.39
-96.46
-96.43
-96.53
-96.36
-96.39
-96.34
-96.50
-96.61
-96.71
-96.64
-96.57
-96.51
-96.58
-96.67
-96.63
-96.60
-96.40
-96.37
-96.25
-96.41
-96.46
-96.37
-96.50
-96.42
-96.54
-96.48
-96.39
-96.37
-96.26
-96.19
-96.36
-96.36
-96.41
-96.65
-96.61
-96.73
-96.75
-96.62
-96.57
-96.60
-96.61
-96.58
-96.74
-96.71
-96.71
-96.59
-96.57
-96.39
-96.42
-96.42
-96.56
-96.47
-96.48
-96.71
-96.53
-96.60
-96.62
-96.53
-96.48
-96.52
-96.35
-96.51
-96.44
-96.42
-96.49
-96.44
-96.37
-96.33
-96.30
-96.16
-96.09
-96.20
-96.36
-96.45
-96.39
-96.33
-96.16
-96.11
-96.24
-96.34
-96.49
-96.61
-96.68
-96.64
-96.52
-96.45
-96.41
-96.47
-96.52
-96.48
-96.49
-96.49
-96.39
-96.34
-96.41
-96.28
-96.34
-96.50
-96.38
-96.53
-96.50
-96.36
