Frequency: 1.000000
Sample Rate: 1000000.000000
Vector Length: 1
Notes: 
-379.30
-101.76
-99.18
-97.67
-96.56
-96.65
-96.70
-96.71
-96.94
-96.79
-96.77
-96.81
-96.67
-96.69
-96.83
-96.74
-96.73
-96.79
-96.62
-96.62
-96.68
-96.83
-96.84
-96.84
-96.91
-96.85
-96.66
-96.52
-96.60
-96.60
-96.66
-96.65
-96.55
-96.55
-96.41
-96.55
-96.56
-96.70
-96.67
-96.73
-96.72
-96.68
-96.58
-96.62
-96.54
-96.58
-96.53
-96.54
-96.54
-96.46
-96.48
-96.42
-96.56
-96.65
-96.69
-96.87
-96.80
-96.82
-96.73
-96.68
-96.56
-96.34
-96.41
-96.51
-96.70
-96.72
-96.72
-96.80
-96.68
-96.73
-96.76
-96.67
-96.78
-96.59
-96.55
-96.67
-96.80
-97.00
-97.08
-97.10
-96.94
-96.86
-96.83
-96.73
-96.71
-96.61
-96.49
-96.46
-96.48
-96.55
-96.50
-96.70
-96.77
-96.64
-96.77
-96.77
-96.73
-96.94
-96.85
-96.66
-96.67
-96.46
-96.51
-96.51
-96.53
-96.53
-96.55
-96.52
-96.67
-96.69
-96.61
-96.60
-96.63
-96.65
-96.84
-96.93
-96.98
-96.90
-96.86
-96.85
-96.78
-96.76
-96.77
-96.69
-96.86
-96.85
-96.79
-96.92
-96.81
-96.88
-96.94
-96.67
-96.71
-96.70
-96.75
-96.91
-96.72
-96.61
-96.48
-96.48
-96.64
-96.77
-96.96
-96.89
-96.73
-96.66
-96.57
-96.52
-96.54
-96.44
-96.28
-96.36
-96.34
-96.52
-96.78
-96.82
-96.85
-96.71
-96.66
-96.70
-96.64
-96.66
-96.90
-96.97
-96.80
-96.67
-96.67
-96.72
-96.71
-96.81
-96.77
-96.89
-96.83
-96.67
-96.59
-96.49
-96.47
-96.57
-96.56
-96.61
-96.54
-96.53
-96.62
-96.61
-96.63
-96.64
-96.58
-96.53
-96.51
-96.58
-96.80
-96.83
-96.86
-96.74
-96.58
-96.48
-96.42
-96.53
-96.58
-96.67
-96.71
-96.70
-96.64
-96.60
-96.71
-96.84
-96.95
-96.86
-96.84
-96.65
-96.57
-96.53
-96.55
-96.43
-96.58
-96.59
-96.53
-96.53
-96.26
-96.38
-96.55
-96.62
-96.70
-96.79
-96.64
-96.59
-96.66
-96.66
-96.69
-96.68
-96.82
-96.81
-96.84
-96.84
-96.78
-96.70
-96.65
-96.63
-96.49
-96.63
-96.71
-96.57
-96.52
-96.40
-96.30
-96.46
-96.70
-96.61
-96.58
-96.52
-96.36
-96.51
-96.44
-96.47
-96.51
-96.48
-96.69
-96.76
-96.80
-96.82
-96.77
-96.63
-96.57
-96.50
-96.58
-96.51
-96.57
-96.57
-96.57
-96.68
-96.71
-96.68
-96.69
-96.69
-96.61
-96.57
-96.45
-96.50
-96.66
-96.73
-96.94
-96.93
-96.97
-96.91
-96.69
-96.70
-96.62
-96.36
-96.45
-96.48
-96.50
-96.70
-96.82
-96.69
-96.79
-96.68
-96.68
-96.66
-96.72
-96.80
-96.82
-96.94
-96.85
-96.76
-96.92
-96.80
-96.69
-96.84
-96.83
-96.68
-96.79
-96.79
-96.60
-96.66
-96.57
-96.54
-96.57
-96.69
-96.75
-96.76
-96.69
-96.49
-96.61
-96.41
-96.53
-96.69
-96.55
-96.17
-96.03
-96.10
-95.93
-87.68
-87.55
-87.14
-82.30
-46.40
-46.40
-46.40
-46.40
-82.85
-87.65
-91.93
-92.18
-95.88
-96.01
-96.09
-96.12
-96.61
-96.80
-96.85
-94.02
-92.64
-92.61
-92.60
-93.13
-96.74
-96.65
-96.65
-96.73
-96.56
-96.62
-96.54
-96.50
-96.57
-96.63
-96.77
-96.80
-96.75
-96.69
-96.76
-96.56
-96.62
-96.62
-96.57
-96.56
-96.60
-96.58
-96.53
-96.54
-96.69
-96.49
-96.63
-96.68
-96.63
-96.78
-96.70
-96.61
-96.54
-96.45
-96.49
-96.49
-96.64
-96.63
-96.69
-96.65
-96.62
-96.64
-96.71
-96.75
-96.74
-96.73
-96.76
-96.58
-96.68
-96.73
-96.73
-96.84
-96.67
-96.64
-96.63
-96.60
-96.60
-96.66
-96.64
-96.58
-96.61
-96.57
-96.66
-96.68
