Frequency: 1.000000
Sample Rate: 1000000.000000
Vector Length: 1
Notes: 
-379.30
-100.20
-97.54
-96.15
-95.23
-95.35
-95.55
-95.45
-95.37
-95.38
-95.14
-95.14
-95.31
-95.12
-95.30
-95.33
-95.14
-95.25
-95.37
-95.45
-95.63
-95.56
-95.37
-95.44
-95.50
-95.47
-95.49
-95.45
-95.24
-95.25
-95.25
-95.35
-95.33
-95.26
-95.43
-95.30
-95.18
-95.45
-95.34
-95.18
-95.21
-95.16
-95.02
-95.14
-95.04
-95.01
-95.10
-95.13
-95.38
-95.44
-95.34
-95.39
-95.26
-95.16
-95.44
-95.21
-95.17
-95.06
-94.76
-94.86
-94.84
-94.89
-95.00
-94.87
-94.90
-94.94
-94.92
-95.02
-94.95
-94.92
-94.94
-95.10
-95.28
-95.33
-95.32
-95.29
-95.04
-94.96
-94.89
-94.89
-95.24
-95.26
-95.24
-95.09
-94.96
-95.05
-94.90
-94.96
-95.16
-95.10
-94.99
-94.96
-94.87
-95.06
-95.14
-95.13
-95.07
-94.98
-94.75
-94.75
-94.69
-94.83
-95.02
-95.02
-95.09
-95.21
-95.13
-95.30
-95.15
-95.06
-94.84
-94.89
-94.88
-94.85
-95.11
-95.13
-95.06
-95.07
-94.93
-95.07
-94.82
-94.76
-94.75
-94.72
-94.97
-95.14
-95.23
-95.17
-95.07
-95.00
-95.33
-95.08
-95.16
-95.47
-95.28
-95.36
-95.32
-95.14
-95.22
-95.33
-95.17
-95.29
-95.28
-95.25
-95.26
-95.34
-95.32
-95.35
-95.37
-95.42
-95.48
-95.03
-95.10
-95.01
-94.85
-95.00
-94.94
-95.01
-95.21
-95.01
-94.95
-94.89
-94.77
-94.87
-94.98
-94.94
-95.01
-95.07
-95.20
-95.46
-95.46
-95.30
-95.17
-94.77
-94.86
-94.96
-95.08
-95.06
-95.08
-94.97
-94.95
-95.23
-95.39
-95.37
-95.28
-95.23
-95.17
-95.08
-95.19
-95.16
-94.85
-94.96
-94.90
-94.91
-95.12
-95.08
-95.11
-94.94
-94.85
-94.69
-94.76
-94.95
-95.02
-95.23
-95.10
-94.98
-95.04
-94.95
-94.90
-94.94
-95.06
-95.10
-95.17
-95.03
-94.88
-94.76
-94.55
-94.64
-94.61
-94.78
-94.87
-94.88
-95.14
-95.07
-95.12
-95.28
-95.05
-94.88
-94.91
-94.58
-94.66
-94.63
-94.67
-94.86
-94.89
-95.03
-94.89
-94.74
-94.66
-94.71
-94.70
-94.84
-94.86
-94.76
-94.60
-94.29
-94.07
-94.25
-94.57
-94.74
-94.97
-94.78
-94.82
-94.93
-94.98
-95.01
-95.11
-95.04
-94.88
-94.86
-94.66
-94.51
-94.59
-94.40
-94.38
-94.47
-94.55
-94.69
-94.83
-94.87
-95.01
-94.94
-95.00
-94.99
-94.81
-94.94
-95.03
-94.97
-94.82
-94.52
-94.53
-94.46
-94.57
-94.71
-94.81
-94.98
-95.10
-95.20
-95.25
-95.03
-95.09
-95.09
-95.25
-95.29
-95.39
-95.27
-95.00
-94.91
-94.97
-94.95
-95.06
-95.16
-95.00
-94.78
-94.79
-94.85
-94.85
-95.20
-95.21
-95.12
-95.21
-95.13
-95.08
-94.84
-94.74
-94.67
-94.64
-94.49
-94.41
-94.59
-94.50
-94.76
-94.75
-94.57
-94.57
-94.51
-94.50
-94.32
-94.29
-94.25
-94.32
-94.64
-94.55
-94.63
-94.53
-94.52
-94.44
-94.64
-94.68
-94.72
-94.93
-94.78
-94.83
-94.86
-94.92
-94.98
-94.95
-94.91
-95.10
-94.97
-95.03
-95.11
-95.14
-95.32
-95.32
-95.44
-95.41
-95.12
-95.00
-94.90
-94.87
-95.11
-95.31
-95.24
-95.10
-95.12
-95.01
-95.10
-94.96
-94.88
-94.90
-94.83
-94.88
-95.01
-94.86
-94.92
-94.94
-94.95
-94.99
-94.97
-94.64
-94.55
-94.66
-94.60
-94.80
-94.99
-94.88
-95.09
-95.18
-95.17
-95.28
-95.02
-94.94
-94.91
-94.95
-95.20
-95.14
-95.01
-94.95
-94.82
-94.77
-94.99
-94.89
-94.91
-94.87
-94.86
-94.93
-94.89
-94.67
-94.65
-94.68
-94.56
-95.04
-95.32
-95.19
-95.31
-95.04
-94.87
-95.02
-95.01
-94.93
