Frequency: 1.000000
Sample Rate: 1000000.000000
Vector Length: 1
Notes: 
-379.30
-99.72
-97.33
-96.04
-95.05
-95.29
-95.38
-95.34
-95.18
-95.16
-95.21
-95.15
-95.20
-95.18
-95.16
-95.16
-95.24
-95.23
-94.99
-95.08
-94.88
-94.97
-94.98
-95.01
-95.19
-95.19
-95.33
-95.40
-95.22
-95.19
-95.22
-95.05
-95.07
-95.21
-95.15
-95.23
-94.97
-94.77
-94.67
-94.51
-94.51
-94.55
-94.56
-94.64
-94.78
-94.77
-94.67
-94.80
-94.82
-94.64
-94.86
-94.75
-94.75
-94.88
-94.79
-94.84
-94.97
-94.96
-95.16
-95.15
-95.02
-94.90
-95.01
-94.94
-94.97
-94.94
-94.84
-94.95
-94.98
-94.94
-95.05
-94.89
-94.75
-94.97
-95.11
-95.37
-95.54
-95.52
-95.46
-95.38
-95.37
-95.30
-95.38
-95.45
-95.33
-95.33
-95.24
-95.00
-94.98
-95.06
-95.25
-95.55
-95.55
-95.41
-95.24
-95.19
-95.29
-95.20
-95.15
-95.18
-95.12
-95.32
-95.51
-95.51
-95.54
-95.40
-95.35
-95.23
-95.15
-95.15
-95.17
-95.30
-95.40
-95.56
-95.56
-95.29
-95.23
-95.09
-95.05
-95.20
-95.26
-95.36
-95.52
-95.56
-95.50
-95.26
-95.15
-95.14
-95.17
-95.26
-95.42
-95.12
-95.09
-95.04
-94.93
-95.15
-95.34
-95.12
-95.05
-95.03
-94.83
-95.04
-95.16
-95.00
-95.31
-95.39
-95.63
-95.85
-95.85
-95.80
-94.13
-64.38
-62.54
-62.54
-62.54
-63.05
-93.00
-95.58
-95.87
-95.68
-95.60
-95.50
-95.22
-95.26
-95.09
-95.13
-95.34
-95.40
-95.41
-95.37
-95.14
-95.05
-95.09
-95.21
-95.27
-95.40
-95.50
-95.39
-95.37
-95.29
-95.32
-95.35
-95.33
-95.36
-95.28
-95.26
-95.40
-95.37
-95.45
-95.47
-95.40
-95.09
-95.11
-95.09
-95.10
-95.15
-95.31
-95.38
-95.38
-95.35
-95.36
-95.21
-95.11
-95.07
-95.15
-95.23
-95.39
-95.47
-95.52
-95.41
-95.18
-95.29
-95.37
-95.42
-95.56
-95.49
-95.36
-95.53
-95.46
-95.38
-95.35
-95.16
-95.24
-95.18
-95.08
-95.19
-95.17
-95.14
-95.37
-95.21
-95.39
-95.60
-95.53
-95.70
-95.67
-95.62
-95.45
-95.42
-95.23
-95.00
-94.86
-94.94
-95.15
-95.35
-95.62
-95.64
-95.49
-95.40
-95.51
-95.45
-95.60
-95.79
-95.67
-95.62
-95.78
-95.76
-95.77
-95.79
-95.69
-95.41
-95.33
-95.20
-95.28
-95.42
-95.56
-95.62
-95.50
-95.50
-95.33
-95.25
-95.23
-95.22
-95.09
-95.27
-95.13
-95.08
-95.12
-95.01
-94.88
-94.71
-94.85
-95.05
-95.12
-95.37
-95.36
-95.28
-95.25
-95.20
-95.29
-95.25
-95.42
-95.69
-95.70
-95.95
-93.08
-69.66
-69.65
-69.65
-69.66
-93.04
-95.43
-95.66
-95.57
-95.54
-95.37
-95.27
-95.24
-95.02
-95.11
-95.17
-95.22
-95.14
-95.25
-95.09
-94.96
-95.06
-94.97
-94.97
-95.01
-95.06
-95.21
-95.21
-95.30
-95.19
-95.19
-95.05
-94.95
-94.96
-94.93
-94.97
-95.17
-95.07
-95.04
-95.13
-95.07
-95.18
-95.33
-95.38
-95.49
-95.34
-95.24
-95.20
-95.20
-95.26
-95.20
-95.30
-95.38
-95.36
-95.32
-95.07
-94.94
-94.97
-94.94
-95.21
-95.31
-95.30
-95.39
-95.40
-95.38
-95.49
-95.33
-95.07
-95.00
-94.77
-94.87
-94.88
-94.94
-94.96
-95.16
-95.11
-95.17
-95.32
-95.32
-95.41
-95.24
-95.53
-95.52
-95.51
-95.75
-95.42
-95.39
-95.33
-95.16
-95.18
-95.22
-95.21
-95.14
-95.36
-95.29
-95.27
-95.18
-95.06
-95.12
-95.22
-95.45
-95.47
-95.45
-95.43
-95.36
-95.47
-95.39
-95.33
-95.33
-95.13
-95.05
-94.96
-94.98
-95.02
-95.07
-95.18
-95.25
-95.24
-95.24
-95.24
-95.24
-95.23
-95.07
-95.00
-94.99
-94.87
-94.88
