Frequency: 1.000000
Sample Rate: 1000000.000000
Vector Length: 1
Notes: 
-379.30
-102.68
-100.00
-98.18
-96.95
-96.86
-96.87
-96.95
-96.96
-96.88
-96.84
-96.63
-96.92
-96.80
-96.90
-96.96
-96.79
-96.69
-96.60
-96.59
-96.55
-96.76
-96.77
-96.82
-96.67
-96.58
-96.70
-96.55
-96.61
-96.63
-96.68
-96.73
-96.85
-96.89
-97.00
-96.91
-96.92
-97.00
-96.90
-96.89
-96.89
-96.71
-96.71
-96.90
-96.89
-96.80
-96.74
-96.45
-96.46
-96.46
-96.47
-96.59
-96.52
-96.51
-96.48
-96.57
-96.54
-96.57
-96.63
-96.68
-96.76
-96.88
-96.86
-96.71
-96.68
-96.58
-96.71
-96.68
-96.79
-96.64
-96.51
-96.66
-96.62
-96.54
-96.57
-96.54
-96.50
-96.69
-96.69
-96.73
-96.82
-96.96
-97.09
-97.27
-97.09
-97.03
-96.98
-96.75
-96.75
-96.75
-96.70
-96.60
-96.72
-96.83
-96.90
-96.93
-96.90
-96.78
-96.64
-96.72
-96.81
-96.85
-96.94
-96.81
-96.75
-96.84
-96.95
-96.95
-97.13
-96.81
-96.68
-96.68
-96.59
-96.68
-96.69
-96.73
-96.62
-96.61
-96.66
-96.66
-96.77
-96.66
-96.63
-96.59
-96.56
-96.59
-96.66
-96.52
-96.73
-96.72
-96.90
-96.88
-96.76
-96.71
-96.57
-96.60
-96.87
-96.86
-97.00
-96.99
-96.95
-96.92
-96.67
-96.61
-96.60
-96.57
-96.55
-96.72
-96.58
-96.56
-96.52
-96.54
-96.79
-96.98
-96.85
-96.95
-96.77
-96.76
-96.73
-96.82
-96.85
-96.73
-96.70
-96.55
-96.59
-96.75
-96.68
-96.72
-96.71
-96.64
-96.68
-96.62
-96.78
-96.91
-97.02
-96.86
-96.83
-96.65
-96.65
-96.82
-96.89
-96.84
-96.84
-96.67
-96.71
-96.81
-96.76
-96.76
-96.80
-96.73
-96.84
-96.79
-96.77
-96.77
-96.72
-96.75
-96.64
-96.81
-96.73
-96.72
-96.84
-96.74
-96.78
-96.83
-96.78
-96.75
-96.72
-96.61
-96.61
-96.55
-96.59
-96.58
-96.72
-96.69
-96.78
-96.97
-96.93
-96.98
-96.91
-96.62
-96.94
-96.71
-96.79
-96.96
-96.66
-96.67
-96.64
-96.47
-96.59
-96.66
-96.85
-96.97
-97.15
-97.02
-97.10
-96.85
-96.67
-96.61
-96.61
-96.54
-96.75
-96.84
-96.81
-96.86
-96.97
-96.76
-96.40
-96.01
-95.88
-95.79
-96.08
-96.33
-96.43
-95.78
-95.28
-95.06
-94.42
-94.22
-94.06
-91.15
-82.45
-44.81
-44.67
-44.67
-44.67
-52.51
-90.01
-93.16
-94.16
-94.80
-95.02
-95.24
-95.49
-95.95
-96.26
-96.22
-95.96
-95.52
-95.59
-95.81
-95.95
-96.67
-96.70
-96.68
-96.64
-96.61
-96.60
-96.66
-96.84
-96.98
-96.94
-96.93
-96.71
-96.60
-96.74
-96.69
-96.79
-96.84
-96.81
-96.83
-96.88
-96.94
-96.73
-96.59
-96.68
-96.76
-96.77
-97.03
-96.73
-96.64
-96.62
-96.84
-96.89
-96.92
-96.92
-96.82
-96.85
-96.88
-96.84
-96.61
-96.65
-96.65
-96.66
-96.73
-96.61
-96.59
-96.61
-96.68
-96.75
-96.75
-96.86
-96.96
-96.90
-96.96
-96.82
-96.90
-96.92
-96.80
-96.94
-96.80
-96.67
-96.87
-96.95
-96.86
-96.78
-96.81
-96.73
-96.74
-96.71
-96.66
-96.58
-96.57
-96.71
-96.79
-96.99
-97.10
-97.02
-97.05
-96.98
-96.89
-96.62
-96.58
-96.42
-96.43
-96.68
-96.79
-96.88
-96.87
-96.79
-96.70
-96.72
-96.78
-96.84
-96.92
-96.82
-96.71
-96.59
-96.67
-96.67
-96.71
-96.85
-96.77
-96.85
-96.92
-96.74
-96.79
-96.51
-96.62
-96.60
-96.79
-96.78
-96.73
-96.77
-96.75
-96.86
-96.92
-96.70
-96.74
-96.63
-96.65
-96.70
-96.70
-96.70
-96.65
-96.74
-96.83
-96.84
-96.87
-96.95
-96.94
-96.77
-96.87
-96.69
-96.64
-96.74
-96.82
-96.91
-96.95
-96.92
-96.80
-96.71
