Frequency: 1.000000
Sample Rate: 1000000.000000
Vector Length: 1
Notes: 
-379.30
-84.88
-84.60
-84.36
-89.91
-90.60
-90.48
-90.53
-90.50
-90.61
-90.75
-90.69
-90.93
-90.89
-90.96
-90.91
-90.67
-90.75
-90.97
-90.92
-91.00
-91.01
-90.91
-90.96
-91.00
-90.90
-90.93
-90.88
-90.77
-90.84
-90.75
-90.91
-91.05
-90.95
-90.88
-90.86
-90.72
-90.81
-90.92
-90.76
-90.91
-90.81
-90.77
-90.75
-90.79
-90.83
-90.86
-90.74
-90.67
-90.61
-90.66
-90.75
-90.91
-90.91
-90.89
-90.77
-90.80
-90.76
-90.92
-90.93
-91.05
-91.03
-90.82
-90.81
-90.65
-90.57
-90.71
-90.65
-90.63
-90.62
-90.72
-90.77
-90.87
-90.79
-90.73
-90.62
-90.67
-90.68
-90.69
-90.62
-90.58
-90.55
-90.63
-90.68
-90.70
-90.71
-90.72
-90.68
-90.74
-90.75
-90.86
-90.75
-90.68
-90.66
-90.74
-90.79
-90.83
-90.81
-90.82
-90.80
-90.76
-90.67
-90.66
-90.67
-90.88
-90.77
-90.85
-90.81
-90.74
-90.70
-90.70
-90.53
-90.50
-90.49
-90.46
-90.62
-90.76
-90.86
-90.91
-90.97
-90.77
-90.81
-90.75
-90.78
-90.88
-90.90
-90.94
-90.88
-90.70
-90.67
-90.62
-90.65
-90.70
-90.67
-90.69
-90.77
-90.83
-90.70
-90.72
-90.65
-90.70
-90.69
-90.65
-90.51
-90.66
-90.63
-90.84
-90.88
-90.82
-90.83
-90.68
-90.54
-90.53
-90.52
-90.54
-90.51
-90.56
-90.74
-90.70
-90.68
-90.68
-90.53
-90.66
-90.67
-90.59
-90.61
-90.68
-90.65
-90.90
-90.78
-90.84
-90.69
-90.56
-90.64
-90.74
-90.73
-90.92
-90.81
-90.86
-90.82
-90.68
-90.66
-90.69
-90.57
-90.90
-90.80
-90.79
-90.87
-90.94
-90.86
-90.98
-90.85
-90.73
-90.87
-90.88
-90.97
-90.96
-90.86
-90.91
-90.68
-90.71
-90.72
-90.71
-90.59
-90.69
-90.62
-90.74
-90.61
-90.63
-90.72
-90.57
-90.59
-90.71
-90.58
-90.59
-90.62
-90.68
-90.71
-90.73
-90.68
-90.57
-90.51
-90.57
-90.60
-90.65
-90.69
-90.72
-90.65
-90.77
-90.65
-90.61
-90.58
-90.66
-90.56
-90.65
-90.60
-90.55
-90.56
-90.64
-90.79
-90.83
-90.64
-90.67
-90.50
-90.52
-90.68
-90.84
-90.65
-90.73
-90.65
-90.67
-90.88
-90.83
-90.72
-90.73
-90.58
-90.61
-90.55
-90.55
-90.54
-90.66
-90.70
-90.74
-90.80
-90.75
-90.77
-90.74
-90.65
-90.69
-90.73
-90.78
-90.70
-90.75
-90.69
-90.75
-90.74
-90.71
-90.58
-90.60
-90.74
-90.62
-90.57
-90.55
-90.50
-90.52
-90.61
-90.55
-90.56
-90.67
-90.63
-90.76
-90.67
-90.85
-90.74
-90.59
-90.66
-90.65
-90.60
-90.69
-90.59
-90.61
-90.80
-90.77
-90.86
-90.88
-90.69
-90.84
-90.68
-90.65
-90.61
-90.63
-90.54
-90.66
-90.54
-90.55
-90.50
-90.53
-90.62
-90.70
-90.62
-90.64
-90.58
-90.60
-90.68
-90.89
-90.83
-91.01
-90.89
-90.78
-90.74
-90.69
-90.60
-90.73
-90.50
-90.56
-90.43
-90.42
-90.56
-90.62
-90.78
-90.89
-90.79
-90.84
-90.61
-90.59
-90.69
-90.63
-90.76
-90.62
-90.55
-90.55
-90.75
-90.82
-90.67
-90.63
-90.34
-90.43
-90.39
-90.53
-90.55
-90.47
-90.39
-90.50
-90.40
-90.58
-90.52
-90.46
-90.59
-90.59
-90.64
-90.74
-90.62
-90.77
-90.96
-90.84
-90.76
-90.76
-90.59
-90.71
-90.70
-90.74
-90.67
-90.58
-90.47
-90.59
-90.42
-90.59
-90.60
-90.58
-90.70
-90.49
-90.54
-90.63
-90.55
-90.50
-90.48
-90.40
-90.46
-90.49
-90.42
-90.55
-90.57
-90.61
-90.62
-90.50
-90.56
-90.69
-90.66
-90.84
-90.90
-90.75
-90.86
-90.90
-90.69
-90.81
-90.60
-90.57
-90.61
