Frequency: 1.000000
Sample Rate: 1000000.000000
Vector Length: 1
Notes: 
-379.30
-101.48
-98.69
-97.17
-96.13
-95.81
-95.66
-95.37
-95.11
-90.69
-66.28
-63.88
-63.88
-63.88
-65.30
-90.99
-94.89
-95.19
-95.33
-95.50
-95.57
-95.68
-95.72
-95.79
-95.81
-95.69
-95.94
-95.95
-95.89
-95.99
-96.02
-95.99
-95.79
-95.80
-95.66
-95.61
-95.69
-95.66
-95.81
-95.94
-95.78
-95.76
-95.68
-95.75
-95.67
-95.60
-95.61
-95.48
-95.54
-95.51
-95.39
-95.34
-95.44
-95.59
-95.85
-95.89
-96.00
-95.92
-96.07
-96.12
-95.91
-95.95
-95.76
-95.60
-95.60
-95.67
-95.66
-95.68
-95.80
-95.80
-95.83
-95.97
-95.98
-96.03
-96.18
-95.97
-95.97
-95.90
-95.82
-95.96
-95.86
-95.91
-95.93
-95.80
-95.65
-95.78
-95.59
-95.63
-95.77
-95.62
-95.82
-95.84
-95.76
-95.94
-95.87
-95.86
-96.01
-95.96
-95.82
-95.67
-95.43
-95.33
-95.40
-95.44
-95.61
-95.65
-95.53
-95.70
-95.73
-95.69
-95.99
-95.87
-95.83
-95.79
-95.50
-95.60
-95.51
-95.51
-95.53
-95.59
-95.61
-95.62
-95.73
-95.78
-96.04
-96.04
-95.94
-95.97
-95.74
-95.70
-95.62
-95.53
-95.58
-95.78
-95.79
-95.78
-95.67
-95.40
-95.51
-95.54
-95.63
-95.74
-95.88
-95.79
-95.95
-95.84
-95.85
-95.85
-95.66
-95.74
-95.59
-95.67
-95.86
-95.81
-95.89
-95.73
-95.70
-95.76
-95.74
-95.69
-95.60
-95.68
-95.55
-95.55
-95.43
-95.41
-95.49
-95.58
-95.65
-95.72
-95.61
-95.67
-95.81
-95.88
-95.83
-95.81
-95.81
-95.95
-95.85
-95.66
-95.54
-95.33
-95.37
-95.65
-95.86
-96.12
-96.21
-96.17
-96.09
-95.91
-95.99
-95.78
-95.82
-95.85
-95.86
-95.92
-95.88
-95.87
-95.75
-95.93
-96.00
-96.07
-96.10
-95.90
-95.83
-95.65
-95.51
-95.56
-95.73
-95.64
-95.84
-95.87
-95.79
-95.85
-95.72
-95.76
-95.72
-95.70
-95.84
-95.77
-95.66
-95.57
-95.50
-95.59
-95.76
-95.89
-95.89
-95.75
-95.73
-95.80
-95.98
-96.13
-95.94
-95.90
-95.73
-95.77
-95.93
-96.14
-96.15
-96.19
-96.13
-96.01
-96.02
-95.96
-95.96
-95.95
-95.93
-95.90
-95.82
-95.77
-95.75
-95.74
-95.75
-95.65
-95.72
-95.72
-95.82
-95.86
-96.00
-95.96
-96.04
-95.86
-95.79
-95.91
-95.99
-96.12
-96.14
-96.07
-95.88
-95.84
-95.85
-95.90
-96.00
-95.92
-95.84
-95.86
-95.87
-95.87
-95.95
-95.84
-87.80
-87.80
-87.77
-87.83
-94.51
-95.89
-95.84
-95.57
-95.31
-91.91
-86.11
-59.63
-59.62
-59.62
-59.63
-71.29
-91.35
-94.67
-95.16
-95.22
-95.57
-95.68
-95.68
-95.74
-95.76
-95.69
-95.78
-95.49
-95.55
-95.49
-95.46
-95.54
-95.57
-95.53
-95.56
-95.71
-95.61
-95.70
-95.73
-95.51
-95.59
-95.62
-95.73
-95.92
-95.79
-95.83
-95.63
-95.51
-95.46
-95.49
-95.62
-95.69
-95.94
-95.94
-95.89
-95.95
-95.81
-95.66
-95.66
-95.66
-95.82
-95.80
-95.88
-95.83
-95.66
-95.77
-95.75
-95.80
-95.78
-95.75
-95.83
-95.79
-95.58
-95.60
-95.61
-95.56
-95.54
-95.60
-95.41
-95.68
-95.90
-95.93
-95.94
-95.93
-95.98
-95.94
-95.90
-95.84
-95.84
-95.79
-95.86
-95.88
-95.69
-95.60
-95.64
-95.64
-95.74
-95.60
-95.59
-95.49
-95.47
-95.48
-95.55
-95.80
-95.94
-96.01
-96.04
-95.84
-95.82
-95.86
-95.74
-95.80
-95.71
-95.70
-95.63
-95.55
-95.67
-95.54
-95.63
-95.62
-95.64
-95.78
-95.83
-95.74
-95.60
-95.86
-95.92
-96.04
-96.11
-96.02
-95.86
-95.86
-95.88
-95.86
-95.91
-95.93
-95.91
-95.96
-95.90
-95.65
-95.50
