Frequency: 1.000000
Sample Rate: 1000000.000000
Vector Length: 1
Notes: 
-379.30
-101.51
-99.34
-97.69
-96.72
-96.81
-96.45
-96.59
-96.38
-96.42
-96.58
-96.54
-96.66
-96.30
-96.39
-96.30
-96.35
-96.56
-96.57
-96.78
-96.60
-96.54
-96.54
-96.40
-96.29
-96.46
-96.29
-96.35
-96.42
-96.40
-96.52
-96.51
-96.49
-96.50
-96.78
-96.72
-96.70
-96.52
-96.32
-96.19
-96.14
-96.28
-96.36
-96.49
-96.58
-96.53
-96.55
-96.56
-96.63
-96.67
-96.70
-96.66
-96.56
-96.59
-96.58
-96.48
-96.51
-96.60
-96.48
-96.41
-96.49
-96.11
-96.29
-96.35
-96.38
-96.48
-96.28
-96.26
-96.30
-96.34
-96.45
-96.42
-96.32
-96.20
-96.36
-96.24
-96.40
-96.30
-96.30
-96.39
-96.49
-96.64
-96.62
-96.56
-96.50
-96.49
-96.51
-96.43
-96.21
-96.42
-96.36
-96.23
-96.27
-96.20
-96.05
-96.24
-96.43
-96.48
-96.54
-96.77
-96.71
-96.81
-96.52
-96.42
-96.24
-96.11
-96.24
-96.31
-96.38
-96.51
-96.43
-96.57
-96.61
-96.72
-96.75
-96.64
-96.68
-96.53
-96.48
-96.49
-96.43
-96.38
-96.41
-96.45
-96.29
-96.28
-96.42
-96.55
-96.55
-96.44
-96.35
-96.27
-96.34
-96.53
-96.60
-96.60
-96.62
-96.51
-96.42
-96.39
-96.49
-96.54
-96.51
-96.37
-96.36
-96.37
-96.35
-96.47
-96.44
-96.41
-96.41
-96.47
-96.46
-96.43
-96.42
-96.44
-96.46
-96.48
-96.32
-96.34
-96.26
-96.16
-96.22
-96.43
-96.50
-96.70
-96.85
-96.83
-96.71
-96.48
-96.43
-96.27
-96.30
-96.52
-96.36
-96.48
-96.37
-96.40
-96.57
-96.51
-96.48
-96.40
-96.41
-96.34
-96.39
-96.44
-96.44
-96.29
-96.28
-96.23
-96.30
-96.44
-96.64
-96.69
-96.59
-96.40
-96.45
-96.51
-96.48
-96.42
-96.62
-96.54
-96.51
-96.46
-96.47
-96.47
-96.39
-96.50
-96.43
-96.45
-96.56
-96.69
-96.73
-96.84
-96.69
-96.55
-96.40
-96.35
-96.32
-96.40
-96.52
-96.67
-96.62
-96.72
-96.67
-96.51
-96.62
-96.66
-96.61
-96.57
-96.64
-96.62
-96.61
-96.67
-96.49
-96.57
-96.53
-96.62
-96.65
-96.53
-96.43
-96.43
-96.45
-96.60
-96.66
-96.50
-96.51
-96.43
-96.50
-96.59
-96.52
-96.42
-96.09
-96.21
-96.32
-96.31
-96.54
-96.41
-96.26
-96.37
-96.47
-96.63
-96.65
-96.59
-96.71
-96.56
-96.64
-96.64
-96.48
-96.50
-96.51
-96.58
-96.61
-96.65
-96.68
-96.46
-96.38
-96.21
-96.11
-96.21
-96.26
-96.57
-96.62
-96.50
-96.60
-96.49
-96.66
-96.68
-96.76
-96.52
-96.49
-96.47
-96.38
-96.51
-96.56
-96.48
-96.58
-96.27
-96.10
-94.69
-68.70
-68.69
-68.69
-68.69
-73.52
-95.75
-96.03
-96.19
-96.16
-96.18
-96.19
-96.02
-96.18
-96.33
-96.29
-96.33
-96.29
-96.19
-96.29
-96.28
-96.48
-96.48
-96.70
-96.76
-96.66
-96.63
-96.48
-96.36
-96.41
-96.48
-96.44
-96.46
-96.43
-96.28
-96.31
-96.22
-96.18
-96.29
-96.40
-96.52
-96.65
-96.84
-96.69
-96.83
-96.62
-96.57
-96.57
-96.59
-96.63
-96.63
-96.59
-96.56
-96.48
-96.55
-96.51
-96.40
-96.36
-96.27
-96.40
-96.54
-96.62
-96.71
-96.63
-96.59
-96.51
-96.49
-96.37
-96.32
-96.37
-96.52
-96.65
-96.73
-96.69
-96.51
-96.52
-96.49
-96.59
-96.63
-96.56
-96.57
-96.43
-96.35
-96.43
-96.39
-96.49
-96.43
-96.39
-96.28
-96.22
-96.24
-96.27
-96.36
-96.56
-96.51
-96.49
-96.39
-96.50
-96.50
-96.54
-96.70
-96.48
-96.66
-96.57
-96.53
-96.54
-96.60
-96.53
-96.65
-96.75
-96.66
-96.60
-96.65
-96.55
-96.52
-96.31
-96.39
-96.33
