Frequency: 1.000000
Sample Rate: 1000000.000000
Vector Length: 1
Notes: 
-379.30
-103.91
-100.71
-99.03
-97.66
-97.23
-97.24
-97.17
-97.31
-97.40
-97.31
-97.36
-97.29
-97.39
-97.50
-97.49
-97.49
-97.47
-97.35
-97.22
-97.15
-97.06
-97.05
-97.25
-97.34
-97.48
-97.52
-97.40
-97.25
-97.21
-97.16
-97.24
-97.25
-97.35
-97.33
-97.31
-97.46
-97.48
-97.60
-97.52
-97.40
-97.37
-97.37
-97.36
-97.46
-97.50
-97.36
-97.47
-97.31
-97.23
-97.35
-97.28
-97.32
-97.23
-97.30
-97.29
-97.33
-97.43
-97.24
-97.15
-97.14
-97.27
-97.41
-97.49
-97.52
-97.25
-97.21
-97.30
-97.25
-97.35
-97.38
-97.21
-97.22
-97.32
-97.33
-97.31
-97.36
-97.41
-97.50
-97.51
-97.43
-97.36
-97.34
-97.41
-97.38
-97.36
-97.31
-97.29
-97.40
-97.54
-97.49
-97.36
-97.35
-97.27
-97.29
-97.37
-97.53
-97.52
-97.60
-97.63
-97.55
-97.36
-97.23
-97.21
-97.21
-97.29
-97.34
-97.38
-97.32
-97.23
-97.21
-97.37
-97.21
-97.21
-97.32
-97.25
-97.32
-97.43
-97.23
-97.35
-97.30
-97.24
-97.45
-97.27
-97.33
-97.29
-97.33
-97.42
-97.53
-97.59
-97.57
-97.51
-97.52
-97.47
-97.44
-97.41
-97.43
-97.31
-97.21
-97.05
-97.01
-97.19
-97.20
-97.38
-97.46
-97.37
-97.23
-97.18
-97.06
-97.14
-97.30
-97.35
-97.49
-97.46
-97.40
-97.28
-97.37
-97.29
-97.41
-97.48
-97.50
-97.58
-97.42
-97.51
-97.50
-97.37
-97.53
-97.46
-97.34
-97.48
-97.33
-97.35
-97.38
-97.40
-97.37
-97.41
-97.36
-97.23
-97.10
-97.17
-97.18
-97.31
-97.43
-97.41
-97.21
-97.17
-97.25
-97.09
-97.45
-97.36
-97.41
-97.56
-97.33
-97.36
-97.26
-97.28
-97.21
-97.13
-97.06
-96.86
-97.06
-97.18
-97.35
-97.38
-97.19
-96.96
-96.92
-97.13
-97.20
-97.50
-97.58
-97.52
-97.53
-97.53
-97.34
-97.38
-97.34
-97.38
-97.36
-97.38
-97.48
-97.33
-97.24
-97.26
-97.23
-97.41
-97.52
-97.53
-97.51
-97.50
-97.41
-97.47
-97.36
-97.14
-97.20
-97.16
-97.04
-97.04
-97.17
-97.12
-97.31
-97.37
-97.14
-97.11
-96.97
-97.01
-97.14
-97.29
-97.28
-97.33
-97.41
-97.40
-97.55
-97.45
-97.44
-97.31
-97.31
-97.39
-97.35
-97.57
-97.53
-97.71
-97.53
-97.34
-97.32
-97.13
-97.11
-97.23
-97.18
-97.13
-97.19
-97.23
-97.39
-97.61
-97.53
-97.66
-97.51
-97.32
-97.54
-97.39
-97.32
-97.48
-97.37
-97.31
-97.42
-97.38
-97.43
-97.25
-97.21
-97.25
-97.28
-97.24
-97.38
-97.58
-97.45
-97.49
-97.45
-97.40
-97.28
-97.31
-97.22
-97.09
-97.12
-97.15
-97.24
-97.38
-97.35
-97.38
-97.22
-97.25
-97.19
-97.32
-97.18
-97.19
-97.30
-97.14
-97.37
-97.41
-97.35
-97.52
-97.48
-97.40
-97.43
-97.13
-97.17
-97.25
-97.19
-97.34
-97.29
-97.14
-97.05
-97.09
-97.10
-96.91
-96.96
-96.98
-97.17
-97.27
-97.20
-97.13
-97.04
-97.09
-97.28
-97.30
-97.34
-97.44
-97.35
-97.38
-97.48
-97.42
-97.22
-97.26
-97.15
-97.18
-97.34
-97.46
-97.64
-97.65
-97.50
-97.31
-97.20
-97.24
-97.20
-97.28
-97.46
-97.28
-97.35
-97.28
-97.29
-97.26
-97.32
-97.16
-97.29
-97.32
-97.21
-97.32
-97.08
-96.83
-96.88
-96.86
-96.87
-96.95
-96.75
-89.19
-89.17
-89.22
-89.11
-94.25
-91.80
-47.64
-47.64
-47.64
-47.64
-55.05
-93.67
-93.25
-93.71
-93.83
-93.92
-95.25
-97.26
-96.79
-96.70
-96.54
-96.56
-96.84
-97.15
-97.18
-97.22
-97.30
-97.29
-97.18
-97.23
-97.30
-97.24
-97.10
-97.27
-97.21
-97.13
-97.13
-97.02
