Frequency: 1.000000
Sample Rate: 1000000.000000
Vector Length: 1
Notes: 
-379.30
-101.67
-99.23
-97.72
-96.82
-96.80
-96.74
-96.83
-96.83
-96.75
-96.80
-96.86
-96.71
-96.75
-96.80
-96.73
-96.74
-96.90
-96.68
-96.57
-96.66
-96.62
-96.81
-96.74
-96.67
-96.62
-96.64
-96.77
-96.81
-96.73
-96.73
-96.68
-96.46
-96.42
-96.24
-96.30
-96.60
-96.68
-96.82
-96.81
-96.65
-96.58
-96.48
-96.46
-96.53
-96.58
-96.64
-96.76
-96.87
-96.94
-96.95
-96.64
-96.55
-96.42
-96.57
-96.66
-96.69
-96.60
-96.39
-96.29
-96.17
-96.28
-96.36
-96.51
-96.48
-96.58
-96.65
-96.51
-96.53
-96.50
-96.49
-96.54
-96.63
-96.69
-96.64
-96.72
-96.59
-96.60
-96.67
-96.84
-96.97
-96.95
-97.00
-96.79
-96.59
-96.49
-96.58
-96.63
-96.78
-96.79
-96.93
-96.62
-96.70
-96.80
-96.62
-96.64
-96.65
-96.50
-96.41
-96.29
-96.48
-96.39
-96.48
-96.43
-96.33
-96.47
-96.66
-96.74
-96.74
-96.65
-96.55
-96.37
-96.52
-96.48
-96.49
-96.66
-96.65
-96.55
-96.60
-96.75
-96.80
-96.81
-96.73
-96.61
-96.71
-96.66
-96.80
-96.85
-96.51
-96.58
-96.50
-96.47
-96.60
-96.59
-96.74
-96.69
-96.74
-96.72
-96.65
-96.74
-96.73
-96.49
-96.54
-96.45
-96.42
-96.53
-96.50
-96.42
-96.54
-96.37
-96.40
-96.45
-96.28
-96.53
-96.66
-96.70
-96.77
-96.86
-96.78
-96.73
-96.71
-96.63
-96.67
-96.70
-96.69
-96.88
-96.81
-96.88
-96.91
-96.79
-96.63
-96.75
-96.60
-96.48
-96.43
-96.33
-96.41
-96.44
-96.56
-96.72
-96.82
-96.83
-96.76
-96.68
-96.54
-96.52
-96.56
-96.41
-96.57
-96.49
-96.46
-96.71
-96.75
-96.53
-96.49
-96.48
-96.35
-96.42
-96.60
-96.57
-96.64
-96.66
-96.65
-96.72
-96.69
-96.69
-96.85
-96.88
-96.91
-96.89
-96.89
-96.82
-96.68
-96.61
-96.44
-96.37
-96.17
-96.25
-96.19
-96.31
-96.46
-96.47
-96.38
-96.38
-96.37
-96.54
-96.61
-96.72
-96.82
-96.80
-96.77
-96.85
-96.80
-96.80
-96.77
-96.70
-96.68
-96.79
-96.79
-96.87
-96.95
-96.90
-96.84
-96.73
-96.65
-96.59
-96.50
-96.32
-96.22
-94.06
-70.69
-70.69
-70.69
-70.70
-95.61
-96.36
-96.37
-96.40
-96.52
-96.66
-96.84
-96.75
-96.80
-96.86
-96.85
-96.68
-96.54
-96.25
-96.16
-95.90
-95.63
-92.65
-87.50
-64.58
-64.56
-64.56
-64.58
-74.82
-92.26
-95.32
-96.02
-96.29
-96.70
-96.89
-96.74
-96.78
-96.53
-96.46
-96.60
-96.58
-96.75
-96.72
-96.88
-96.79
-96.80
-96.82
-96.63
-96.65
-96.48
-96.59
-96.59
-96.66
-96.62
-96.64
-96.48
-96.50
-96.53
-96.48
-96.62
-96.56
-96.27
-96.55
-96.54
-96.63
-96.71
-96.72
-96.67
-96.74
-96.77
-96.74
-96.66
-96.68
-96.87
-96.91
-97.11
-97.03
-96.99
-96.87
-96.92
-96.91
-96.86
-96.80
-96.82
-96.82
-96.91
-96.95
-96.91
-96.84
-96.89
-96.86
-96.75
-96.74
-96.66
-96.55
-96.61
-96.58
-96.69
-96.67
-96.71
-96.79
-96.66
-96.54
-96.49
-96.56
-96.57
-96.53
-96.65
-96.67
-96.56
-96.70
-96.70
-96.72
-96.80
-96.80
-96.66
-96.73
-96.63
-96.65
-96.51
-96.52
-96.54
-96.56
-96.65
-96.67
-96.56
-96.66
-96.66
-96.71
-96.57
-96.61
-96.55
-96.60
-96.83
-96.83
-96.82
-96.78
-96.77
-96.58
-96.67
-96.78
-96.76
-96.83
-96.77
-96.76
-96.69
-96.70
-96.83
-96.87
-96.95
-97.04
-96.95
-96.83
-96.72
-96.65
-96.67
-96.55
-96.56
-96.66
-96.57
-96.72
-96.77
-96.65
-96.73
-96.89
-96.80
-96.82
-96.67
-96.64
-96.71
-96.62
