Frequency: 1.000000
Sample Rate: 1000000.000000
Vector Length: 1
Notes: 
-379.30
-101.80
-99.26
-97.96
-96.94
-97.01
-96.99
-96.94
-97.01
-96.94
-96.99
-96.92
-96.86
-97.02
-96.72
-96.84
-96.69
-96.59
-96.76
-96.85
-96.96
-97.04
-96.87
-96.94
-96.99
-97.06
-96.94
-96.88
-96.71
-96.76
-96.83
-96.87
-96.82
-97.04
-96.92
-96.89
-96.85
-96.77
-96.91
-97.03
-97.12
-97.05
-96.97
-96.99
-96.91
-97.13
-97.08
-97.07
-97.14
-97.00
-97.18
-97.18
-97.18
-97.20
-97.09
-96.98
-96.98
-96.88
-96.95
-96.98
-96.94
-97.17
-97.24
-97.34
-97.40
-97.33
-97.06
-97.02
-96.98
-96.96
-97.01
-96.90
-96.71
-96.79
-96.70
-96.60
-96.79
-96.74
-96.72
-96.88
-96.82
-96.89
-97.06
-96.89
-97.09
-96.93
-97.06
-97.03
-96.99
-96.99
-96.89
-96.93
-96.96
-96.99
-96.92
-96.78
-96.84
-96.89
-97.04
-97.00
-96.90
-96.84
-96.83
-96.80
-96.75
-96.72
-96.75
-96.82
-97.00
-97.06
-97.10
-96.89
-96.84
-96.61
-96.72
-96.81
-96.91
-97.13
-96.94
-96.80
-96.76
-96.78
-96.92
-97.12
-97.16
-97.08
-97.09
-97.07
-97.00
-97.03
-96.93
-96.80
-96.78
-96.66
-96.68
-96.98
-96.90
-97.05
-97.16
-97.13
-97.13
-96.99
-96.91
-96.98
-97.03
-96.96
-97.00
-96.90
-96.91
-96.93
-96.83
-96.72
-96.67
-96.73
-96.82
-97.17
-97.19
-97.28
-96.99
-96.82
-96.83
-96.78
-96.80
-96.87
-96.77
-96.81
-96.91
-96.96
-97.05
-96.99
-96.89
-96.96
-96.94
-96.95
-97.03
-97.11
-97.17
-97.19
-97.30
-97.26
-97.11
-97.06
-97.06
-97.13
-97.23
-97.24
-97.18
-96.99
-97.05
-96.99
-97.13
-97.28
-97.31
-97.35
-97.20
-97.21
-97.03
-96.88
-97.02
-96.93
-97.19
-97.25
-97.11
-97.21
-97.01
-97.01
-97.01
-97.14
-96.95
-97.02
-97.04
-96.98
-97.05
-96.92
-96.97
-96.99
-96.98
-97.12
-97.05
-96.98
-97.08
-97.02
-96.96
-97.07
-96.97
-96.93
-96.90
-96.83
-96.80
-96.89
-96.95
-97.09
-97.11
-97.16
-97.14
-97.22
-97.08
-97.04
-97.02
-96.96
-97.02
-96.97
-96.92
-97.00
-96.96
-97.04
-97.01
-97.07
-97.11
-97.21
-97.12
-97.02
-96.95
-96.92
-96.90
-97.02
-97.08
-97.21
-97.24
-97.26
-97.37
-97.26
-97.32
-97.10
-97.18
-97.11
-97.06
-97.17
-97.11
-97.10
-97.18
-97.05
-97.05
-97.01
-96.97
-96.97
-96.89
-96.88
-97.00
-97.08
-97.09
-97.17
-97.01
-96.95
-96.87
-96.86
-96.87
-96.82
-96.72
-96.84
-96.86
-97.01
-97.07
-96.93
-96.89
-96.94
-96.92
-97.11
-97.07
-96.87
-96.95
-96.89
-96.97
-97.06
-96.78
-96.78
-96.60
-96.51
-96.54
-96.76
-96.96
-96.96
-97.01
-96.88
-96.92
-96.95
-96.99
-96.97
-97.11
-97.06
-97.01
-97.10
-97.11
-97.10
-97.12
-97.09
-97.19
-97.11
-97.12
-97.10
-97.02
-96.91
-96.88
-96.85
-96.80
-96.94
-97.12
-97.13
-97.26
-97.23
-97.03
-97.01
-96.90
-96.86
-97.05
-97.10
-96.97
-97.12
-96.91
-96.76
-96.93
-97.00
-97.15
-97.33
-97.22
-97.12
-97.06
-96.94
-96.98
-97.07
-97.16
-97.31
-66.21
-56.49
-55.66
-55.09
-54.95
-58.94
-62.51
-66.86
-96.71
-96.89
-97.01
-97.19
-97.29
-97.09
-96.79
-96.71
-96.64
-96.69
-96.87
-96.87
-96.92
-96.85
-96.92
-96.69
-96.76
-96.77
-96.81
-96.89
-96.80
-96.64
-96.74
-96.68
-96.78
-96.77
-96.80
-96.93
-97.06
-97.15
-97.14
-97.14
-97.00
-97.02
-97.14
-97.31
-97.16
-97.21
-97.08
-96.85
-96.83
-96.91
-96.82
-97.04
-97.11
-97.14
-97.03
-96.93
-96.98
-97.03
