Frequency: 1.000000
Sample Rate: 1000000.000000
Vector Length: 1
Notes: 
-379.30
-102.71
-100.00
-98.28
-97.15
-97.02
-97.03
-97.17
-97.31
-97.16
-97.09
-97.18
-97.04
-97.11
-97.22
-97.17
-97.21
-97.19
-97.19
-97.23
-97.16
-97.17
-97.14
-97.10
-97.04
-97.02
-97.14
-97.09
-97.29
-97.39
-97.33
-97.16
-96.97
-96.92
-96.75
-96.78
-96.93
-97.07
-97.23
-97.23
-97.20
-97.14
-97.22
-97.15
-97.09
-97.02
-97.06
-97.23
-97.25
-97.19
-97.25
-97.19
-97.22
-97.42
-97.36
-97.35
-97.37
-97.37
-97.40
-97.32
-97.41
-97.34
-97.33
-97.33
-97.14
-97.26
-97.25
-97.23
-97.41
-97.40
-97.24
-97.25
-97.11
-97.15
-97.24
-97.12
-96.98
-97.06
-97.09
-97.06
-97.19
-97.05
-97.04
-96.99
-97.04
-97.09
-97.18
-97.22
-97.12
-97.20
-97.10
-97.20
-97.17
-97.33
-97.39
-97.32
-97.40
-97.15
-97.10
-97.07
-97.15
-97.21
-97.20
-97.12
-96.95
-96.94
-97.16
-97.18
-97.32
-97.31
-97.17
-97.27
-97.28
-97.30
-97.33
-97.33
-97.12
-97.05
-97.06
-96.98
-97.02
-97.02
-97.18
-97.30
-97.31
-97.38
-97.31
-97.21
-97.10
-96.92
-97.01
-97.01
-97.12
-97.27
-97.24
-97.23
-97.30
-97.43
-97.30
-97.40
-97.42
-97.30
-97.23
-97.10
-97.14
-97.26
-97.31
-97.43
-97.33
-97.41
-97.47
-97.36
-97.27
-97.27
-97.17
-97.25
-97.30
-97.20
-97.19
-97.13
-97.08
-97.27
-97.16
-97.25
-97.28
-97.11
-97.02
-97.12
-97.10
-97.05
-97.16
-97.36
-97.24
-97.31
-97.12
-97.02
-97.08
-97.07
-97.04
-97.14
-97.28
-97.20
-97.28
-97.29
-97.23
-97.23
-97.20
-97.16
-97.14
-97.01
-96.88
-96.80
-96.80
-96.80
-97.11
-97.10
-97.25
-97.22
-96.91
-96.86
-96.79
-96.12
-96.06
-96.09
-96.03
-96.40
-96.39
-95.93
-95.37
-94.71
-93.38
-88.90
-48.98
-45.20
-45.20
-45.20
-45.20
-82.27
-91.51
-94.47
-95.27
-95.77
-96.35
-96.58
-96.29
-96.20
-96.37
-96.23
-96.35
-96.69
-96.63
-96.84
-97.03
-97.10
-97.02
-97.03
-96.89
-96.85
-97.00
-97.16
-97.05
-97.26
-97.38
-97.21
-97.27
-97.17
-97.09
-97.33
-97.28
-97.19
-97.15
-97.09
-97.09
-97.12
-97.06
-97.00
-96.98
-97.02
-97.08
-97.32
-97.40
-97.44
-97.37
-97.18
-97.10
-97.14
-97.10
-97.21
-97.37
-97.14
-97.17
-97.21
-97.06
-97.00
-96.96
-97.03
-97.11
-97.29
-97.19
-97.23
-97.09
-97.03
-97.00
-96.95
-96.92
-96.96
-97.28
-97.31
-97.42
-97.38
-97.24
-97.24
-96.99
-97.11
-97.09
-96.99
-97.23
-97.29
-97.24
-97.29
-97.29
-97.15
-97.25
-97.23
-97.12
-97.33
-97.23
-97.21
-97.26
-97.06
-96.98
-96.95
-96.88
-97.01
-97.08
-97.19
-97.23
-97.13
-96.99
-97.09
-96.93
-97.02
-97.01
-97.02
-97.21
-97.11
-97.33
-97.15
-97.23
-97.34
-97.37
-97.37
-97.32
-97.29
-97.31
-97.55
-97.59
-97.56
-97.59
-97.37
-97.44
-97.28
-97.40
-96.95
-96.97
-97.12
-97.12
-97.07
-97.29
-97.35
-97.21
-97.38
-97.25
-97.18
-97.17
-97.18
-97.29
-97.26
-97.33
-97.24
-97.19
-97.16
-97.06
-96.93
-97.08
-97.10
-97.11
-97.29
-97.20
-97.25
-97.26
-97.07
-97.09
-96.96
-96.99
-96.98
-96.91
-96.97
-97.07
-97.28
-97.37
-97.29
-97.22
-97.12
-97.11
-97.28
-97.25
-97.23
-97.12
-97.02
-97.10
-97.15
-97.26
-97.27
-97.22
-97.11
-96.97
-97.02
-96.91
-96.98
-97.00
-97.02
-97.25
-97.22
-97.05
-97.04
-96.99
-97.01
-97.21
-97.37
-97.23
-97.13
-97.20
-97.07
-97.15
-97.21
-97.07
-97.10
-97.10
-97.07
-97.12
