Frequency: 1.000000
Sample Rate: 1000000.000000
Vector Length: 1
Notes: 
-379.30
-101.89
-99.57
-97.85
-96.69
-96.59
-96.57
-96.60
-96.72
-97.01
-97.06
-97.04
-96.86
-96.55
-96.51
-96.48
-96.61
-96.59
-96.58
-96.51
-96.64
-96.88
-97.03
-97.18
-96.89
-96.78
-96.74
-96.59
-96.77
-96.63
-96.69
-96.71
-96.73
-96.72
-96.68
-96.71
-96.59
-96.66
-96.84
-96.72
-96.85
-96.70
-96.58
-96.68
-96.68
-96.96
-96.76
-96.70
-96.78
-96.63
-96.59
-96.62
-96.59
-96.63
-96.71
-96.74
-96.63
-96.71
-96.65
-96.89
-96.83
-96.81
-96.80
-96.62
-96.76
-96.78
-96.72
-96.85
-96.80
-96.75
-96.84
-96.73
-96.77
-96.64
-96.58
-96.52
-96.44
-96.59
-96.75
-96.54
-96.67
-96.57
-96.50
-96.69
-96.90
-96.91
-96.97
-96.84
-96.89
-96.88
-96.84
-96.75
-96.75
-96.51
-96.63
-96.84
-96.67
-96.68
-96.74
-96.61
-96.83
-96.84
-96.84
-96.74
-96.69
-96.65
-96.65
-96.83
-96.81
-96.78
-96.88
-96.75
-96.73
-96.93
-96.82
-97.01
-97.03
-96.98
-97.14
-96.98
-96.98
-96.83
-96.65
-96.64
-96.57
-96.61
-96.52
-96.52
-96.38
-96.51
-96.45
-96.55
-96.65
-96.66
-96.63
-96.64
-96.57
-96.49
-96.49
-96.64
-96.78
-96.92
-96.77
-96.81
-96.78
-96.79
-96.90
-96.79
-96.77
-96.71
-96.66
-96.86
-96.77
-96.77
-96.75
-96.67
-96.75
-96.55
-96.56
-96.40
-96.54
-96.52
-96.48
-96.42
-96.54
-96.37
-96.61
-96.79
-96.76
-96.86
-96.92
-96.87
-96.81
-96.87
-96.92
-96.88
-96.76
-96.78
-96.56
-96.48
-96.53
-96.43
-96.54
-96.92
-96.83
-96.94
-96.83
-96.48
-96.42
-96.50
-96.35
-96.54
-96.68
-96.84
-96.75
-96.81
-96.85
-96.63
-96.65
-96.60
-96.49
-96.49
-96.56
-96.55
-96.66
-96.72
-96.66
-96.67
-96.93
-96.78
-96.86
-96.83
-96.68
-96.69
-96.88
-96.86
-96.89
-96.87
-96.66
-96.72
-96.63
-96.76
-96.75
-96.55
-96.41
-96.32
-96.36
-96.50
-96.68
-96.73
-96.80
-96.77
-96.78
-96.69
-96.86
-96.75
-96.82
-96.79
-96.85
-96.94
-96.95
-96.99
-96.83
-96.74
-96.80
-96.74
-96.71
-96.79
-96.66
-96.55
-96.56
-96.66
-96.57
-96.82
-96.78
-96.70
-96.70
-96.61
-96.78
-96.74
-96.76
-96.77
-96.44
-96.47
-96.56
-96.61
-96.82
-96.65
-96.79
-96.62
-96.72
-96.73
-96.73
-96.86
-96.90
-96.95
-96.94
-96.89
-96.70
-96.61
-96.69
-96.60
-96.77
-96.70
-96.86
-96.88
-96.64
-96.49
-96.53
-96.45
-96.46
-96.56
-96.65
-96.70
-96.66
-96.68
-96.58
-96.70
-96.75
-96.82
-96.91
-96.83
-96.79
-96.66
-96.72
-96.88
-96.80
-97.00
-97.05
-96.87
-96.95
-96.88
-96.85
-96.98
-96.98
-96.96
-96.85
-96.91
-96.86
-96.95
-96.94
-96.98
-96.90
-96.89
-96.79
-96.69
-96.58
-96.61
-96.72
-96.64
-96.75
-96.64
-96.49
-96.53
-96.71
-96.69
-96.65
-96.72
-96.73
-96.72
-96.65
-96.57
-96.62
-96.58
-96.73
-96.84
-96.75
-96.97
-96.68
-96.73
-96.72
-96.48
-96.34
-96.40
-96.32
-96.41
-96.62
-96.65
-96.64
-96.91
-96.91
-96.94
-96.88
-96.88
-96.73
-96.62
-96.77
-96.80
-96.78
-96.86
-96.92
-96.68
-96.69
-96.42
-96.37
-96.48
-96.57
-96.86
-96.92
-97.03
-96.97
-96.97
-96.83
-96.65
-96.83
-96.86
-96.83
-96.88
-96.82
-96.87
-96.93
-96.67
-96.81
-96.73
-96.72
-96.83
-90.30
-90.32
-90.30
-90.35
-97.12
-96.89
-97.08
-97.06
-97.03
-97.09
-96.89
-96.81
-96.67
-96.77
-96.63
-96.80
-96.73
-96.57
-96.62
-96.56
-96.49
-96.60
-96.74
-96.76
-96.75
