Frequency: 1.000000
Sample Rate: 1000000.000000
Vector Length: 1
Notes: 
-379.30
-101.98
-99.60
-97.91
-96.92
-97.01
-96.92
-97.09
-97.24
-97.09
-97.21
-97.08
-96.99
-96.98
-96.95
-97.03
-96.92
-97.04
-97.00
-96.96
-96.94
-96.94
-97.01
-97.03
-97.07
-97.08
-97.22
-97.14
-97.13
-96.97
-96.93
-96.84
-96.79
-96.82
-96.56
-96.19
-87.87
-63.75
-63.74
-63.74
-63.76
-91.70
-96.68
-96.86
-96.87
-96.94
-96.91
-97.07
-97.17
-97.14
-97.21
-96.79
-96.67
-96.69
-96.66
-96.86
-96.75
-96.74
-96.78
-96.80
-97.04
-97.05
-96.97
-96.89
-96.83
-96.85
-97.00
-97.24
-97.25
-97.39
-97.27
-97.18
-97.11
-97.20
-97.21
-97.17
-97.22
-96.97
-97.01
-96.96
-96.84
-96.96
-96.91
-97.09
-97.12
-97.19
-97.05
-97.05
-96.89
-96.74
-96.49
-80.04
-68.16
-68.16
-68.16
-68.17
-94.56
-96.87
-97.08
-97.05
-97.00
-96.91
-96.72
-96.99
-97.14
-97.24
-97.14
-96.93
-96.83
-96.78
-96.80
-96.81
-97.01
-96.91
-96.79
-96.87
-96.84
-96.76
-96.85
-96.99
-97.07
-97.11
-97.09
-97.05
-97.08
-97.20
-97.17
-96.91
-96.71
-96.65
-96.78
-96.84
-96.94
-96.93
-96.76
-96.82
-96.94
-97.02
-97.19
-97.21
-97.16
-97.07
-97.10
-97.10
-97.01
-97.05
-96.99
-97.14
-97.24
-97.03
-97.00
-97.05
-97.06
-96.95
-96.83
-96.88
-96.80
-97.13
-97.23
-97.20
-97.04
-96.94
-96.93
-97.04
-97.10
-97.08
-97.05
-96.90
-96.93
-96.95
-97.08
-97.19
-97.14
-97.27
-97.20
-97.11
-97.04
-97.13
-97.02
-96.81
-96.72
-96.62
-96.67
-96.79
-96.89
-96.85
-96.78
-96.78
-96.89
-97.01
-97.01
-97.05
-96.94
-96.87
-96.93
-96.91
-96.83
-97.08
-97.04
-97.05
-97.17
-97.10
-97.22
-97.07
-96.98
-97.00
-96.92
-96.92
-96.83
-96.76
-96.83
-96.75
-96.78
-96.98
-96.88
-97.01
-97.05
-96.92
-97.05
-96.96
-97.06
-97.02
-97.02
-97.07
-97.07
-97.10
-96.98
-97.02
-96.97
-96.96
-96.97
-96.97
-96.79
-96.98
-96.93
-96.94
-97.16
-97.10
-97.20
-97.19
-97.10
-96.94
-96.85
-96.89
-96.88
-96.91
-96.93
-97.00
-96.92
-97.13
-97.18
-97.36
-97.32
-97.42
-97.26
-96.91
-96.83
-96.71
-96.76
-96.89
-96.94
-96.95
-96.88
-97.00
-97.11
-97.04
-96.95
-96.69
-96.67
-96.54
-96.82
-96.92
-96.95
-97.15
-97.07
-97.03
-97.21
-97.27
-97.18
-97.16
-97.01
-96.85
-96.91
-96.98
-97.18
-97.06
-97.05
-97.08
-96.86
-96.79
-96.83
-96.84
-96.90
-96.88
-96.96
-96.87
-96.74
-96.76
-96.82
-96.89
-96.92
-97.16
-97.27
-97.17
-97.07
-97.01
-96.99
-97.05
-96.87
-97.01
-96.92
-96.86
-97.04
-97.04
-97.07
-97.02
-96.85
-96.89
-96.90
-96.87
-97.06
-97.07
-97.14
-97.06
-96.99
-97.02
-96.86
-96.85
-96.88
-96.83
-96.88
-96.94
-97.08
-97.21
-97.33
-97.38
-97.32
-97.05
-97.01
-96.98
-96.79
-96.89
-96.94
-96.91
-97.04
-97.09
-97.01
-97.01
-97.07
-96.86
-96.88
-96.92
-96.77
-96.80
-96.80
-96.88
-96.99
-96.86
-96.82
-96.90
-96.76
-96.88
-96.82
-96.74
-96.84
-96.92
-97.00
-97.11
-97.16
-97.13
-97.14
-97.08
-97.03
-97.12
-96.96
-97.12
-97.02
-97.04
-97.03
-96.96
-97.14
-96.86
-96.81
-96.47
-94.22
-69.41
-67.26
-67.25
-67.26
-69.19
-92.47
-96.04
-96.63
-96.98
-97.15
-97.39
-97.42
-97.29
-97.29
-97.14
-97.00
-97.10
-97.07
-97.02
-97.04
-97.01
-96.84
-96.81
-96.79
-96.84
-96.84
-96.98
-97.05
-97.14
-97.18
-97.22
-97.26
-97.12
-97.02
-96.88
