Frequency: 1.000000
Sample Rate: 1000000.000000
Vector Length: 1
Notes: 
-379.30
-102.10
-99.23
-97.76
-96.80
-96.66
-96.78
-97.00
-97.05
-97.15
-97.13
-97.00
-97.14
-97.20
-97.30
-97.32
-97.18
-97.09
-97.03
-97.13
-97.24
-97.16
-97.22
-97.12
-97.14
-97.14
-97.01
-96.85
-96.81
-96.86
-96.95
-97.12
-97.23
-97.20
-97.25
-97.25
-97.03
-96.99
-97.01
-96.95
-96.92
-97.17
-97.23
-97.27
-97.30
-97.25
-97.04
-97.03
-97.10
-96.96
-96.90
-96.94
-96.91
-97.06
-97.15
-97.24
-97.18
-97.31
-97.33
-97.19
-97.27
-97.11
-97.02
-97.06
-96.97
-97.00
-97.15
-97.26
-97.30
-97.21
-97.12
-96.96
-96.90
-96.87
-96.90
-97.02
-97.09
-97.07
-96.98
-97.01
-97.17
-97.09
-97.18
-97.13
-96.81
-96.80
-96.73
-96.69
-96.87
-96.98
-97.24
-97.25
-97.24
-97.20
-97.00
-97.20
-97.22
-97.25
-97.45
-97.26
-97.34
-97.09
-97.03
-97.00
-97.04
-97.28
-97.21
-97.22
-97.08
-96.97
-96.98
-97.04
-97.00
-97.16
-97.19
-97.15
-97.22
-97.22
-97.36
-97.20
-97.12
-97.10
-97.07
-97.28
-97.16
-97.14
-97.08
-97.09
-97.12
-97.28
-97.41
-97.27
-97.20
-97.02
-96.96
-97.12
-97.16
-97.47
-97.42
-97.29
-97.08
-97.07
-97.05
-97.05
-97.22
-97.18
-97.18
-97.16
-97.01
-97.10
-97.10
-97.28
-97.33
-97.41
-97.46
-97.33
-97.18
-97.03
-96.84
-96.75
-96.86
-96.82
-96.97
-96.75
-96.98
-97.14
-97.07
-97.31
-97.28
-97.20
-97.13
-96.87
-96.88
-96.92
-97.05
-97.15
-97.17
-97.06
-97.25
-97.21
-97.24
-97.13
-97.08
-97.16
-97.02
-97.15
-97.19
-96.90
-97.07
-97.05
-96.99
-96.87
-96.81
-96.80
-96.87
-97.01
-97.10
-97.06
-97.02
-96.99
-97.08
-97.01
-97.10
-97.13
-97.28
-97.24
-97.17
-97.24
-97.04
-97.18
-97.44
-97.36
-97.50
-97.28
-97.24
-97.23
-97.17
-97.34
-97.23
-97.20
-97.08
-96.95
-96.97
-97.02
-97.10
-97.18
-97.23
-97.11
-97.11
-97.05
-97.07
-97.22
-97.15
-97.05
-97.03
-97.00
-97.11
-97.32
-97.43
-97.44
-97.55
-97.47
-97.46
-97.25
-97.14
-96.92
-96.83
-96.95
-96.99
-97.04
-97.16
-97.11
-97.10
-97.17
-97.29
-97.26
-97.18
-97.19
-96.65
-93.71
-67.11
-67.09
-67.09
-67.09
-69.00
-95.42
-96.91
-97.05
-97.18
-97.17
-97.18
-97.24
-97.29
-97.38
-97.31
-97.22
-97.25
-97.12
-97.16
-97.20
-97.13
-97.24
-97.07
-97.03
-97.01
-96.93
-96.95
-96.89
-96.86
-97.02
-96.95
-97.07
-97.18
-97.23
-97.34
-97.39
-97.20
-97.11
-97.10
-97.08
-97.00
-96.97
-96.92
-97.01
-97.14
-97.05
-97.11
-96.94
-96.98
-97.01
-97.03
-97.17
-97.16
-97.22
-97.21
-97.04
-97.21
-97.12
-97.16
-97.28
-97.10
-97.00
-96.90
-97.03
-96.94
-96.85
-96.94
-97.02
-96.84
-97.00
-97.14
-97.04
-97.36
-97.42
-97.27
-97.32
-97.24
-97.22
-97.16
-97.24
-97.11
-97.10
-97.11
-97.07
-97.24
-97.27
-97.14
-97.04
-97.06
-96.94
-96.93
-96.77
-96.71
-96.76
-96.79
-97.09
-97.10
-97.15
-97.13
-97.19
-97.24
-97.26
-97.18
-97.16
-97.25
-97.22
-97.25
-97.22
-96.99
-97.01
-97.01
-96.84
-96.94
-97.02
-97.03
-97.22
-97.45
-97.41
-97.45
-97.35
-97.33
-97.30
-97.20
-97.19
-97.05
-96.97
-96.98
-96.94
-97.03
-96.99
-97.17
-97.18
-97.12
-97.24
-97.21
-97.23
-97.40
-97.30
-97.33
-97.31
-97.27
-97.31
-97.29
-97.12
-97.08
-96.98
-97.13
-97.20
-97.33
-97.30
-97.11
-96.66
-96.59
-96.67
-96.57
-97.02
-97.08
-97.19
-97.13
