Frequency: 1.000000
Sample Rate: 1000000.000000
Vector Length: 1
Notes: 
-379.30
-101.93
-99.63
-98.00
-97.02
-97.05
-96.83
-96.79
-96.81
-96.82
-96.76
-96.95
-96.95
-96.94
-97.10
-97.02
-97.03
-96.95
-97.01
-96.95
-96.97
-96.95
-97.02
-97.34
-97.53
-97.52
-97.57
-97.39
-97.34
-97.17
-97.13
-97.14
-97.07
-97.11
-97.09
-96.90
-96.90
-96.96
-96.93
-97.17
-97.04
-96.89
-96.90
-96.77
-96.76
-96.82
-96.75
-96.85
-96.83
-97.09
-96.99
-97.02
-97.07
-96.94
-96.79
-96.98
-96.85
-96.90
-96.97
-96.90
-96.86
-96.81
-96.93
-96.79
-96.80
-96.79
-96.96
-96.96
-97.04
-96.98
-96.90
-96.89
-96.89
-96.92
-96.97
-97.03
-96.92
-96.88
-97.14
-97.10
-97.02
-97.15
-97.00
-96.90
-96.92
-96.91
-97.04
-97.06
-97.08
-97.12
-97.27
-97.16
-97.13
-96.97
-96.66
-96.71
-96.70
-96.72
-97.06
-96.95
-96.88
-96.86
-96.78
-96.86
-96.70
-96.74
-96.92
-96.97
-97.17
-97.10
-96.95
-96.89
-96.94
-97.18
-97.11
-97.08
-96.95
-96.85
-96.78
-96.77
-96.76
-96.74
-96.92
-96.98
-97.15
-96.99
-96.97
-96.86
-96.54
-96.59
-96.57
-96.69
-96.86
-96.82
-97.00
-97.00
-97.19
-97.16
-97.17
-97.05
-97.00
-97.03
-97.20
-97.08
-96.89
-96.83
-96.68
-96.62
-96.71
-96.77
-97.03
-97.10
-97.17
-97.15
-97.04
-97.00
-97.05
-97.09
-97.07
-97.18
-96.95
-97.04
-96.98
-96.97
-97.08
-97.08
-97.08
-97.16
-97.09
-97.22
-97.13
-96.96
-97.09
-96.94
-97.04
-97.07
-97.11
-97.26
-97.02
-97.02
-96.90
-96.88
-96.97
-97.00
-96.88
-96.97
-97.11
-97.02
-97.04
-97.07
-96.88
-97.03
-97.13
-97.09
-97.02
-96.96
-96.67
-96.71
-96.81
-97.03
-97.06
-97.01
-96.83
-96.67
-96.59
-96.71
-96.80
-96.97
-97.14
-97.17
-97.13
-97.04
-97.16
-97.00
-96.92
-96.91
-96.86
-96.82
-96.96
-97.05
-97.08
-97.13
-97.06
-96.87
-97.00
-96.92
-96.93
-96.95
-96.75
-96.77
-96.69
-96.78
-96.77
-96.59
-96.68
-96.71
-96.73
-96.99
-97.18
-97.13
-97.27
-97.18
-97.23
-97.16
-96.82
-96.58
-96.08
-96.07
-96.05
-96.21
-96.55
-96.52
-96.38
-95.87
-95.36
-94.65
-93.42
-90.47
-49.58
-45.13
-45.13
-45.13
-45.13
-82.32
-91.47
-94.04
-94.97
-95.52
-96.28
-96.16
-96.41
-96.36
-96.45
-96.55
-96.76
-96.68
-96.96
-96.98
-96.87
-96.78
-96.80
-96.87
-96.91
-96.88
-97.13
-97.10
-97.18
-97.16
-97.10
-96.87
-96.99
-97.06
-96.98
-96.99
-97.27
-97.09
-96.97
-96.95
-96.83
-96.79
-96.92
-96.96
-96.84
-96.92
-96.79
-96.75
-96.76
-96.62
-96.63
-96.65
-96.54
-96.74
-96.76
-96.84
-96.96
-96.80
-96.79
-96.80
-96.71
-96.66
-96.75
-96.68
-96.75
-96.62
-96.71
-96.90
-97.00
-97.04
-97.14
-97.04
-96.82
-96.98
-97.10
-96.95
-97.16
-96.97
-96.81
-96.80
-96.74
-96.86
-96.94
-96.92
-97.02
-96.91
-96.83
-96.81
-96.81
-96.79
-96.83
-96.92
-97.13
-97.17
-97.07
-96.96
-96.87
-96.76
-96.67
-96.68
-96.75
-96.69
-96.89
-96.99
-97.02
-96.97
-96.74
-96.87
-96.89
-96.84
-96.97
-96.99
-97.03
-96.96
-97.02
-96.92
-97.03
-96.89
-97.00
-96.92
-96.90
-97.16
-97.09
-97.26
-97.43
-97.38
-97.45
-97.27
-97.01
-96.74
-96.79
-96.77
-96.91
-97.07
-96.97
-96.92
-96.98
-96.77
-96.87
-96.90
-96.88
-97.02
-97.02
-96.88
-96.89
-96.81
-96.97
-96.97
-96.89
-96.83
-96.69
-96.78
-96.84
-96.93
-96.95
-96.90
-96.83
-96.89
-96.76
-96.86
-96.74
-96.65
-96.73
