Frequency: 1.000000
Sample Rate: 1000000.000000
Vector Length: 1
Notes: 
-379.30
-102.46
-99.80
-98.24
-97.18
-97.21
-97.35
-97.30
-97.28
-97.23
-97.14
-97.22
-97.14
-97.00
-96.96
-96.95
-97.09
-97.16
-97.28
-97.25
-97.16
-97.04
-97.13
-97.23
-97.17
-97.27
-96.86
-96.97
-97.01
-97.12
-97.36
-97.23
-97.16
-97.18
-97.23
-97.40
-97.46
-97.21
-97.20
-97.14
-97.12
-97.36
-97.39
-97.46
-97.47
-97.45
-97.25
-97.26
-97.29
-97.35
-97.30
-97.09
-97.12
-97.08
-97.04
-97.32
-97.30
-97.26
-97.37
-97.47
-97.39
-97.26
-97.20
-97.05
-97.19
-97.39
-97.43
-97.45
-97.41
-97.26
-97.22
-97.26
-97.25
-97.35
-97.30
-97.22
-97.07
-96.92
-96.97
-96.90
-96.93
-97.09
-97.15
-97.21
-97.40
-97.19
-97.29
-97.42
-97.23
-97.30
-97.02
-97.00
-97.07
-97.03
-97.18
-97.37
-97.14
-97.12
-97.11
-97.04
-97.23
-97.25
-97.09
-97.02
-97.05
-97.08
-97.28
-97.27
-97.31
-97.26
-97.16
-97.08
-97.20
-97.13
-97.15
-97.24
-97.22
-97.26
-97.14
-97.15
-97.03
-97.06
-96.99
-97.06
-97.12
-97.17
-97.38
-97.23
-97.20
-97.09
-97.13
-97.11
-97.30
-97.34
-97.30
-97.32
-97.26
-97.22
-97.22
-97.30
-97.26
-97.22
-97.25
-97.12
-97.06
-97.01
-97.10
-97.10
-97.29
-97.36
-97.19
-97.02
-96.89
-96.96
-97.15
-97.13
-97.21
-96.96
-97.05
-97.14
-97.19
-97.30
-97.37
-97.22
-97.09
-97.15
-96.91
-96.87
-97.13
-97.09
-97.12
-97.39
-97.40
-97.39
-97.39
-97.44
-97.46
-97.51
-97.66
-97.45
-97.43
-97.43
-97.35
-97.37
-97.52
-97.43
-97.33
-97.28
-97.20
-97.09
-97.14
-97.14
-97.07
-97.14
-97.20
-97.19
-97.20
-97.28
-97.17
-97.31
-97.24
-97.22
-97.27
-97.25
-97.28
-97.20
-97.15
-97.35
-97.27
-97.41
-97.41
-97.36
-97.31
-97.33
-97.29
-97.37
-97.33
-97.14
-97.28
-97.02
-97.06
-97.02
-97.05
-97.20
-97.32
-97.19
-97.10
-96.92
-96.88
-96.99
-97.02
-97.22
-97.29
-97.29
-97.40
-97.37
-97.29
-97.27
-97.31
-97.31
-97.35
-97.27
-97.35
-97.30
-97.28
-97.45
-97.40
-97.35
-97.29
-97.18
-97.10
-97.18
-97.24
-97.12
-97.22
-97.18
-97.21
-97.24
-97.10
-97.17
-97.16
-97.28
-97.21
-97.22
-97.13
-96.93
-97.02
-97.05
-96.94
-97.08
-97.17
-97.12
-97.08
-97.14
-97.06
-97.14
-97.29
-97.45
-97.45
-97.39
-97.33
-97.10
-97.15
-97.35
-97.14
-97.30
-97.27
-97.23
-97.37
-97.47
-97.33
-97.27
-97.14
-97.23
-97.05
-97.07
-97.20
-97.14
-97.22
-97.33
-97.08
-97.12
-96.55
-96.43
-96.39
-96.18
-96.18
-95.77
-94.57
-91.13
-47.91
-47.32
-47.32
-47.32
-51.44
-91.48
-94.99
-95.80
-96.33
-96.46
-96.78
-97.04
-97.02
-97.23
-97.31
-97.10
-97.01
-96.98
-97.18
-97.20
-97.26
-97.25
-97.26
-97.10
-97.21
-97.17
-97.12
-97.24
-97.17
-97.31
-97.17
-97.06
-97.23
-97.21
-97.31
-97.37
-97.33
-97.16
-96.90
-97.03
-96.96
-97.07
-97.30
-97.30
-97.45
-97.45
-97.21
-97.22
-97.27
-97.07
-97.03
-97.07
-96.95
-97.04
-97.14
-97.17
-97.02
-96.87
-96.84
-96.77
-96.97
-97.04
-97.26
-97.44
-97.31
-97.23
-97.15
-97.11
-97.13
-97.12
-97.41
-97.52
-97.64
-97.69
-97.49
-97.15
-96.95
-97.12
-97.09
-97.18
-97.27
-97.34
-97.46
-97.35
-97.30
-97.08
-97.00
-96.91
-96.95
-97.03
-97.06
-97.04
-97.08
-97.05
-97.05
-97.18
-97.28
-97.31
-97.29
-97.23
-97.47
-97.44
-97.29
-97.03
-96.98
-96.97
-97.02
-97.21
-97.28
-97.33
-97.27
