Frequency: 1.000000
Sample Rate: 1000000.000000
Vector Length: 1
Notes: 
-379.30
-103.47
-100.34
-98.50
-97.24
-97.00
-96.95
-96.97
-96.93
-96.74
-96.86
-96.73
-96.87
-96.96
-96.92
-97.00
-96.96
-96.97
-97.08
-96.97
-96.65
-96.64
-96.63
-96.61
-96.88
-97.04
-97.11
-97.03
-96.89
-96.88
-96.90
-96.94
-96.85
-96.92
-96.87
-96.80
-96.91
-97.00
-97.10
-97.04
-97.06
-97.03
-96.96
-96.94
-96.86
-96.74
-96.71
-96.83
-96.94
-97.11
-96.93
-96.89
-96.87
-96.81
-96.96
-97.07
-97.08
-97.11
-97.07
-96.97
-96.54
-96.38
-96.13
-93.17
-87.59
-63.31
-63.30
-63.29
-63.30
-72.89
-91.16
-95.41
-96.48
-96.70
-97.11
-97.15
-97.11
-97.22
-97.14
-97.11
-97.10
-97.13
-96.92
-96.74
-96.70
-96.77
-96.83
-97.02
-97.18
-97.14
-96.78
-96.50
-96.35
-96.31
-96.46
-96.89
-96.80
-96.79
-96.74
-96.50
-96.63
-96.60
-96.67
-96.71
-96.79
-96.80
-96.77
-96.77
-96.58
-96.56
-96.51
-96.62
-96.63
-96.72
-96.70
-96.76
-96.82
-96.90
-97.03
-97.07
-97.07
-97.08
-96.93
-96.75
-96.89
-96.74
-96.73
-97.02
-96.87
-96.78
-96.84
-96.83
-96.82
-97.04
-97.17
-97.14
-97.05
-97.13
-97.03
-96.97
-96.98
-96.90
-96.77
-96.84
-96.93
-97.11
-97.00
-96.96
-96.87
-96.86
-96.92
-96.97
-97.04
-97.11
-96.99
-96.83
-96.71
-96.76
-96.78
-96.87
-96.90
-96.80
-96.93
-96.77
-96.92
-97.06
-97.00
-96.79
-96.70
-96.60
-96.62
-96.73
-97.00
-97.05
-97.05
-97.00
-96.90
-96.83
-96.86
-96.97
-96.95
-97.03
-96.87
-96.84
-96.57
-96.53
-96.61
-96.62
-96.79
-96.98
-96.81
-97.02
-96.98
-96.87
-96.96
-96.80
-96.83
-96.95
-96.64
-96.79
-96.78
-96.69
-96.95
-96.94
-96.77
-96.75
-96.74
-96.71
-96.97
-96.99
-97.10
-97.11
-97.10
-96.99
-96.89
-96.83
-96.78
-96.76
-96.79
-96.93
-96.90
-96.91
-97.04
-97.07
-97.01
-96.89
-96.77
-96.74
-96.76
-96.81
-96.89
-96.79
-96.81
-96.65
-96.65
-96.70
-96.86
-96.96
-96.87
-96.98
-97.04
-97.05
-97.15
-97.17
-97.01
-96.97
-96.99
-97.02
-97.13
-97.11
-97.05
-96.87
-96.74
-96.75
-96.76
-96.61
-96.76
-96.88
-96.91
-96.98
-97.05
-97.03
-96.85
-96.78
-96.85
-96.60
-96.75
-96.86
-96.73
-96.87
-96.72
-96.71
-96.87
-96.73
-96.83
-96.80
-96.56
-96.58
-96.69
-96.59
-96.70
-96.79
-96.77
-96.96
-97.02
-97.16
-97.10
-96.97
-96.93
-96.91
-96.95
-97.01
-96.97
-96.85
-96.81
-96.86
-97.02
-97.10
-97.16
-97.13
-97.03
-96.95
-96.88
-96.88
-96.77
-96.82
-96.72
-96.74
-96.96
-96.97
-96.96
-96.97
-96.89
-96.83
-96.72
-96.66
-96.73
-96.71
-96.78
-96.89
-96.78
-96.81
-96.79
-96.85
-96.75
-96.82
-96.87
-96.77
-97.03
-97.08
-97.03
-96.99
-96.88
-96.76
-96.65
-96.87
-97.09
-97.08
-97.13
-97.11
-96.97
-96.86
-96.89
-96.75
-96.82
-97.14
-97.00
-96.93
-96.78
-96.56
-96.41
-94.14
-68.28
-68.26
-68.26
-68.27
-72.02
-96.29
-96.79
-96.85
-96.75
-96.84
-96.98
-96.95
-96.96
-97.08
-96.97
-96.91
-96.78
-96.70
-96.57
-96.76
-96.87
-96.89
-97.07
-97.10
-97.02
-96.98
-96.89
-96.84
-96.89
-96.84
-96.82
-96.69
-96.50
-96.58
-96.71
-96.90
-96.96
-96.88
-96.85
-96.82
-96.97
-97.07
-97.12
-97.08
-97.05
-96.86
-96.79
-96.90
-96.85
-96.82
-96.87
-96.96
-97.03
-97.10
-97.14
-97.24
-97.18
-96.98
-96.95
-96.81
-96.72
-96.75
-96.77
-96.82
-96.81
-96.94
-96.95
-96.91
-96.93
