Frequency: 1.000000
Sample Rate: 1000000.000000
Vector Length: 1
Notes: 
-379.30
-101.93
-99.57
-98.01
-96.92
-96.99
-96.94
-96.95
-96.99
-96.90
-97.05
-97.11
-97.07
-97.22
-97.13
-97.08
-97.18
-97.23
-97.34
-97.37
-97.36
-97.38
-97.13
-97.17
-97.00
-96.93
-96.85
-96.88
-97.14
-97.14
-97.22
-97.19
-97.02
-97.02
-97.00
-97.01
-97.10
-97.07
-97.10
-97.14
-97.21
-97.34
-97.47
-97.33
-97.33
-97.28
-97.31
-97.46
-97.39
-97.09
-97.07
-96.85
-96.85
-96.87
-96.93
-96.91
-96.93
-96.95
-97.11
-97.12
-97.20
-97.30
-97.17
-97.30
-97.28
-97.36
-97.42
-97.20
-97.23
-97.15
-97.17
-97.25
-97.30
-97.17
-97.09
-97.38
-97.30
-97.45
-97.51
-97.34
-97.19
-97.24
-97.25
-97.04
-97.08
-97.18
-97.19
-97.17
-97.09
-97.16
-96.98
-96.93
-97.04
-97.04
-96.96
-97.03
-97.06
-96.98
-97.09
-97.07
-97.09
-97.10
-97.04
-96.96
-97.04
-97.19
-97.15
-97.14
-97.23
-96.95
-96.98
-97.05
-97.01
-97.08
-96.97
-96.95
-97.13
-97.17
-97.16
-96.99
-96.92
-96.94
-97.06
-97.20
-97.12
-97.06
-96.92
-96.97
-96.98
-97.18
-97.31
-97.25
-97.24
-97.21
-97.15
-97.18
-97.13
-97.16
-97.29
-97.22
-97.09
-96.89
-96.84
-96.74
-96.74
-96.98
-97.04
-97.20
-97.30
-97.30
-97.39
-97.46
-97.43
-97.20
-97.03
-97.02
-97.01
-97.13
-97.13
-97.09
-97.00
-97.05
-97.10
-97.08
-97.18
-97.14
-97.15
-97.18
-97.25
-97.18
-97.18
-97.05
-97.02
-97.08
-97.06
-97.19
-97.20
-97.27
-97.12
-97.10
-97.01
-97.09
-97.24
-97.25
-97.18
-97.15
-97.11
-96.98
-96.99
-97.05
-97.03
-97.11
-97.07
-97.01
-97.09
-97.05
-97.17
-97.20
-97.12
-97.04
-97.03
-96.90
-96.87
-96.76
-96.88
-97.03
-97.16
-97.21
-97.24
-97.37
-97.28
-97.26
-97.11
-97.04
-97.01
-97.13
-97.02
-97.02
-96.98
-96.90
-97.18
-97.12
-97.20
-97.17
-97.05
-97.11
-97.26
-97.24
-97.13
-97.05
-97.04
-97.04
-97.27
-97.44
-97.59
-97.65
-97.59
-97.40
-97.34
-97.36
-97.32
-97.36
-97.19
-97.20
-97.29
-97.29
-97.19
-97.14
-97.00
-96.86
-96.95
-97.07
-97.05
-97.14
-97.32
-97.25
-97.29
-97.14
-97.27
-97.16
-97.14
-97.21
-97.24
-97.16
-97.17
-97.22
-97.11
-97.03
-97.00
-96.79
-96.76
-96.97
-97.08
-97.28
-97.31
-97.32
-97.25
-97.04
-97.02
-96.89
-96.86
-96.94
-96.90
-96.98
-96.97
-97.04
-97.21
-97.07
-96.98
-96.98
-96.95
-96.95
-96.84
-96.70
-96.70
-96.76
-96.88
-96.96
-96.97
-96.96
-96.93
-97.07
-97.12
-97.16
-97.12
-97.16
-97.07
-97.16
-97.16
-97.10
-97.20
-97.19
-97.23
-97.20
-97.03
-97.05
-97.29
-97.43
-97.50
-97.64
-97.44
-97.21
-97.09
-97.08
-96.99
-97.01
-97.11
-97.20
-97.37
-97.23
-97.20
-97.22
-97.04
-97.06
-97.01
-96.90
-96.98
-96.97
-97.13
-97.12
-97.02
-96.98
-96.87
-96.87
-96.96
-97.19
-97.25
-97.22
-97.12
-96.93
-97.04
-97.05
-97.15
-97.27
-97.09
-97.17
-97.24
-97.15
-97.24
-97.32
-97.15
-97.13
-97.07
-97.01
-97.03
-96.97
-96.75
-96.83
-96.97
-97.21
-97.29
-97.39
-97.05
-96.95
-97.02
-96.97
-97.19
-97.27
-97.16
-97.19
-97.19
-97.12
-97.15
-97.20
-97.10
-97.28
-97.18
-97.03
-96.98
-96.97
-97.04
-97.08
-97.26
-97.23
-97.30
-97.32
-97.23
-97.11
-97.07
-97.26
-97.38
-97.45
-97.30
-97.15
-97.11
-97.00
-97.08
-97.02
-96.94
-97.08
-97.00
-97.28
-97.19
-97.24
-97.28
-97.18
-97.19
-97.29
-97.11
