Frequency: 1.000000
Sample Rate: 1000000.000000
Vector Length: 1
Notes: 
-379.30
-103.44
-100.19
-98.42
-97.14
-96.85
-96.86
-96.85
-96.88
-96.92
-96.77
-96.88
-96.74
-96.82
-96.94
-96.72
-96.86
-96.71
-96.63
-96.65
-96.79
-96.80
-96.72
-96.77
-96.64
-96.46
-96.52
-96.46
-96.55
-96.83
-96.93
-97.01
-96.92
-96.80
-96.69
-96.59
-96.46
-96.42
-96.38
-96.56
-96.77
-96.70
-96.78
-96.93
-96.80
-96.77
-96.62
-96.52
-96.57
-96.49
-96.62
-96.79
-96.81
-96.83
-96.81
-96.54
-96.51
-96.42
-96.63
-96.75
-96.88
-96.87
-96.75
-96.82
-96.86
-96.77
-96.84
-96.82
-96.73
-96.79
-96.78
-96.89
-96.88
-96.90
-96.88
-96.80
-96.96
-96.77
-96.75
-96.80
-96.65
-96.77
-96.83
-96.74
-96.92
-96.81
-96.53
-96.50
-96.55
-96.64
-96.78
-96.71
-96.72
-96.75
-96.69
-96.83
-96.79
-96.76
-96.80
-96.70
-96.85
-96.79
-96.80
-96.88
-96.80
-96.91
-96.80
-96.93
-96.72
-96.82
-96.84
-96.83
-96.80
-96.60
-96.53
-96.46
-96.60
-96.69
-96.75
-96.74
-96.84
-96.94
-96.81
-96.68
-96.65
-96.69
-96.81
-96.72
-96.81
-96.87
-96.73
-96.86
-96.80
-96.91
-96.95
-97.01
-97.07
-96.90
-96.84
-96.77
-96.76
-96.75
-96.80
-96.97
-96.74
-96.60
-96.60
-96.57
-96.60
-96.75
-96.74
-96.77
-96.73
-96.40
-96.45
-96.32
-96.48
-96.71
-96.66
-96.71
-96.65
-96.71
-96.83
-96.83
-96.92
-96.97
-96.86
-96.87
-96.92
-96.82
-96.71
-96.79
-96.63
-96.65
-96.68
-96.89
-97.05
-96.86
-96.77
-96.69
-96.60
-96.66
-96.77
-96.76
-96.75
-96.84
-96.93
-96.77
-96.95
-96.95
-96.90
-96.84
-96.68
-96.72
-96.62
-96.61
-96.60
-96.57
-96.73
-96.72
-96.66
-96.69
-96.75
-96.76
-96.61
-96.59
-96.49
-96.58
-96.84
-96.92
-96.91
-96.84
-96.62
-96.56
-96.57
-96.52
-96.62
-96.66
-96.54
-96.65
-96.57
-96.64
-96.56
-96.69
-96.87
-96.79
-96.87
-96.88
-96.79
-96.74
-96.82
-96.73
-96.75
-96.68
-96.58
-96.57
-96.58
-96.75
-96.69
-96.73
-96.74
-96.68
-96.68
-96.69
-96.77
-96.87
-96.94
-96.89
-96.88
-96.79
-96.65
-96.74
-96.68
-96.74
-96.78
-96.61
-96.76
-96.68
-96.76
-96.74
-96.71
-96.69
-96.57
-96.63
-96.63
-96.63
-96.63
-96.68
-96.76
-96.95
-96.83
-96.78
-96.78
-96.56
-96.70
-96.87
-96.60
-96.76
-96.64
-96.57
-96.77
-96.69
-96.73
-96.71
-96.52
-96.64
-96.54
-96.66
-96.88
-96.76
-96.83
-96.95
-96.95
-97.05
-97.09
-96.80
-96.68
-96.50
-96.49
-96.66
-96.87
-96.75
-96.85
-96.89
-96.61
-96.83
-96.61
-96.70
-96.86
-96.70
-96.79
-96.77
-96.68
-96.65
-96.61
-96.43
-96.46
-96.59
-96.69
-96.97
-96.84
-96.85
-96.70
-96.58
-96.64
-96.43
-96.45
-96.40
-96.50
-96.57
-96.73
-96.69
-96.67
-96.74
-96.65
-96.61
-96.45
-96.51
-96.54
-96.78
-97.06
-97.00
-96.92
-96.63
-96.67
-96.71
-96.77
-96.95
-96.72
-96.72
-96.71
-96.64
-96.81
-96.81
-96.81
-96.93
-96.92
-96.88
-96.88
-96.93
-96.94
-97.08
-97.09
-96.89
-96.77
-96.63
-96.57
-96.52
-96.68
-96.74
-96.68
-96.86
-96.97
-96.78
-96.77
-96.73
-96.78
-96.83
-96.77
-96.63
-96.49
-96.61
-96.52
-96.68
-96.72
-96.77
-96.89
-96.93
-96.97
-97.03
-96.85
-96.86
-96.75
-96.69
-96.61
-96.71
-96.70
-96.74
-96.85
-96.77
-96.91
-96.81
-96.82
-96.75
-96.68
-96.76
-96.77
-96.66
-96.76
-96.55
-96.43
-96.49
-96.56
-96.31
-96.51
-96.63
-96.59
-96.77
-96.77
-96.83
-96.85
-96.67
