Frequency: 1.000000
Sample Rate: 1000000.000000
Vector Length: 1
Notes: 
-379.30
-102.20
-99.62
-98.05
-96.85
-96.77
-96.74
-96.71
-96.77
-96.89
-96.92
-97.00
-97.00
-96.89
-96.91
-96.88
-96.90
-97.05
-96.97
-97.03
-97.08
-96.97
-97.02
-97.04
-97.06
-97.06
-96.91
-96.96
-96.86
-97.08
-97.18
-97.18
-97.11
-97.01
-96.98
-96.92
-97.15
-96.96
-97.07
-97.25
-97.18
-97.26
-97.27
-97.08
-97.12
-96.99
-96.90
-96.82
-96.75
-96.82
-96.94
-96.94
-97.23
-97.16
-97.02
-97.00
-96.86
-96.84
-96.71
-96.79
-96.81
-96.84
-96.93
-96.95
-96.97
-97.02
-96.93
-96.87
-96.70
-96.71
-96.85
-96.98
-97.16
-97.19
-97.15
-97.13
-97.09
-96.96
-96.97
-97.01
-97.06
-97.13
-97.12
-97.26
-97.06
-97.16
-96.94
-96.73
-96.75
-96.80
-97.00
-97.03
-97.10
-96.90
-96.79
-96.82
-96.80
-97.10
-97.19
-97.21
-97.10
-97.08
-96.98
-96.97
-96.91
-96.74
-96.67
-96.67
-96.69
-96.65
-96.69
-96.83
-96.86
-97.15
-97.12
-97.08
-97.09
-96.94
-96.79
-96.82
-96.69
-96.72
-96.78
-96.81
-96.79
-96.88
-96.95
-96.90
-96.90
-96.92
-96.92
-96.96
-97.09
-97.05
-97.07
-97.26
-97.17
-97.28
-97.18
-97.08
-97.03
-96.92
-96.90
-96.96
-96.81
-96.65
-96.53
-96.67
-96.75
-96.87
-96.96
-96.94
-96.97
-97.07
-96.95
-96.97
-97.09
-97.08
-97.12
-97.16
-97.09
-97.00
-97.24
-97.10
-96.97
-97.00
-97.00
-96.98
-97.18
-97.12
-96.88
-96.85
-96.81
-96.62
-96.98
-97.02
-97.11
-97.33
-97.03
-96.99
-97.03
-96.95
-96.93
-96.73
-96.66
-96.57
-96.56
-96.81
-96.76
-96.68
-96.78
-96.75
-96.94
-97.03
-96.91
-96.80
-96.79
-96.69
-96.96
-97.00
-96.95
-96.93
-96.92
-96.98
-97.17
-97.19
-97.22
-97.15
-97.12
-97.21
-96.95
-96.86
-96.85
-96.84
-96.91
-96.94
-97.02
-96.92
-97.01
-96.96
-96.98
-96.95
-96.88
-97.07
-97.05
-96.99
-97.06
-97.04
-96.95
-96.85
-96.72
-96.69
-96.65
-96.46
-96.69
-96.75
-96.86
-97.11
-96.97
-96.92
-96.96
-97.09
-88.67
-88.64
-88.60
-88.57
-95.60
-96.24
-90.29
-90.02
-88.77
-47.35
-47.35
-47.35
-47.35
-55.50
-94.08
-95.22
-95.92
-96.49
-96.68
-96.72
-96.69
-96.68
-96.67
-96.74
-96.97
-97.04
-97.13
-97.20
-97.05
-97.00
-96.95
-96.95
-96.93
-96.80
-96.83
-96.67
-96.70
-96.81
-96.93
-97.02
-97.19
-97.24
-97.06
-96.98
-96.86
-96.74
-96.70
-96.74
-96.84
-96.81
-96.77
-96.85
-96.95
-97.07
-97.21
-97.26
-97.10
-97.18
-97.29
-97.08
-97.01
-96.94
-96.85
-97.08
-97.31
-97.23
-97.19
-97.05
-96.98
-96.88
-97.02
-96.93
-96.89
-97.00
-96.92
-96.73
-96.63
-96.60
-96.50
-96.88
-97.10
-97.19
-97.45
-97.39
-97.36
-97.25
-97.19
-97.05
-96.90
-96.91
-96.93
-96.81
-96.99
-97.06
-97.23
-97.43
-97.39
-97.41
-97.19
-97.18
-96.94
-96.94
-96.94
-96.81
-96.85
-96.83
-96.71
-96.90
-96.83
-96.87
-96.84
-96.87
-97.03
-97.15
-97.18
-97.23
-97.17
-97.03
-96.96
-96.80
-96.85
-96.78
-96.93
-96.95
-96.81
-96.95
-96.95
-96.99
-97.19
-97.14
-97.06
-96.92
-96.99
-96.81
-96.99
-96.87
-96.83
-96.94
-96.84
-96.91
-96.84
-96.98
-97.02
-97.23
-97.43
-97.25
-97.18
-96.92
-96.87
-96.72
-96.74
-96.78
-96.69
-96.84
-96.90
-96.98
-97.07
-97.06
-97.11
-97.04
-96.83
-96.83
-96.69
-96.79
-96.97
-97.08
-96.91
-96.92
-96.77
-96.76
-96.79
-96.77
-96.80
-96.79
-96.88
-97.04
-97.16
-97.19
-97.19
