Frequency: 1.000000
Sample Rate: 1000000.000000
Vector Length: 1
Notes: 
-379.30
-102.68
-100.25
-98.79
-97.79
-97.60
-97.55
-97.31
-97.20
-97.21
-97.22
-97.19
-97.14
-97.26
-97.03
-97.05
-97.11
-97.19
-97.31
-97.31
-97.28
-97.28
-97.41
-97.22
-97.26
-97.26
-97.31
-97.27
-97.36
-97.39
-97.50
-97.50
-97.36
-97.33
-97.25
-97.11
-97.33
-97.39
-92.39
-92.43
-92.40
-92.37
-97.50
-97.36
-97.30
-97.15
-97.13
-97.12
-97.08
-97.30
-97.20
-97.29
-97.19
-97.00
-97.15
-97.08
-97.22
-97.33
-97.13
-97.35
-97.21
-97.11
-97.02
-97.00
-96.96
-97.09
-97.14
-97.05
-97.07
-96.89
-97.09
-97.20
-97.31
-97.26
-97.16
-97.26
-97.17
-97.18
-97.29
-97.12
-97.06
-97.15
-97.06
-97.21
-97.21
-97.09
-97.19
-97.19
-97.29
-97.32
-97.28
-97.21
-97.17
-97.00
-97.09
-97.03
-97.10
-97.03
-97.14
-97.15
-96.98
-97.08
-96.93
-97.03
-97.18
-97.22
-97.23
-97.28
-97.31
-97.34
-97.23
-97.23
-97.09
-97.07
-97.05
-97.09
-97.27
-97.26
-97.40
-97.23
-97.01
-96.99
-96.96
-97.13
-97.26
-97.11
-97.12
-97.12
-97.13
-97.20
-97.23
-97.19
-97.26
-97.19
-97.33
-97.34
-97.24
-97.21
-97.25
-97.39
-97.15
-97.33
-97.31
-97.21
-97.22
-97.33
-97.21
-97.17
-97.26
-97.18
-97.17
-97.29
-96.60
-96.80
-96.75
-96.72
-97.35
-97.11
-97.16
-97.16
-97.09
-97.35
-97.32
-97.21
-97.27
-97.19
-97.15
-97.01
-97.19
-97.16
-97.12
-96.77
-91.44
-63.68
-63.66
-63.66
-63.67
-72.41
-95.23
-96.55
-97.06
-97.18
-97.45
-97.43
-97.29
-97.34
-97.21
-97.31
-97.23
-97.31
-97.32
-97.26
-97.29
-97.23
-97.45
-97.47
-97.52
-97.34
-97.26
-97.33
-97.34
-97.39
-97.40
-97.38
-97.27
-97.49
-97.25
-97.10
-97.01
-96.91
-97.16
-97.40
-97.39
-97.47
-97.17
-97.12
-97.17
-97.10
-97.28
-97.44
-97.51
-97.37
-97.42
-97.34
-97.16
-97.17
-97.16
-97.24
-97.33
-97.23
-97.30
-97.14
-96.99
-96.97
-96.96
-96.94
-97.09
-97.40
-97.34
-97.21
-97.21
-97.12
-97.10
-97.32
-97.30
-97.31
-97.43
-97.30
-97.29
-97.41
-97.30
-97.17
-97.15
-96.98
-96.86
-96.96
-96.99
-97.04
-97.08
-97.05
-97.26
-97.26
-97.38
-97.44
-97.20
-97.25
-97.19
-97.18
-97.16
-97.08
-97.12
-97.13
-97.27
-97.23
-97.23
-97.24
-97.06
-97.21
-97.22
-97.28
-97.35
-97.22
-97.28
-97.23
-97.14
-97.28
-97.27
-97.22
-97.33
-97.37
-97.20
-97.38
-97.20
-97.27
-97.15
-97.04
-97.04
-96.90
-97.05
-97.22
-97.30
-97.29
-97.16
-97.00
-97.01
-97.04
-96.95
-96.94
-97.07
-97.13
-97.21
-97.16
-97.22
-97.21
-97.28
-97.30
-97.24
-97.30
-97.18
-97.21
-97.33
-97.39
-97.36
-97.35
-97.26
-97.03
-96.89
-96.83
-96.94
-97.30
-97.41
-97.29
-97.19
-97.12
-97.15
-97.40
-97.44
-97.64
-97.65
-97.39
-97.25
-97.12
-97.13
-97.27
-97.38
-97.26
-97.28
-97.40
-97.30
-97.43
-97.48
-97.26
-97.39
-97.46
-97.35
-97.33
-97.32
-97.27
-97.32
-97.30
-97.22
-97.37
-97.28
-97.28
-97.30
-97.26
-97.22
-97.29
-97.24
-97.17
-97.33
-97.39
-97.35
-97.40
-97.40
-97.30
-97.44
-97.33
-97.25
-97.17
-96.92
-96.84
-96.87
-97.05
-97.22
-97.18
-97.24
-97.44
-97.28
-97.17
-97.08
-97.03
-97.05
-97.25
-97.33
-97.40
-97.36
-97.26
-97.33
-97.25
-97.22
-97.14
-97.01
-96.82
-96.76
-96.84
-96.97
-97.21
-97.36
-97.45
-97.40
-97.22
-97.22
-97.25
-97.22
-97.37
-97.27
-97.09
-97.00
-97.03
-96.98
-97.14
