Frequency: 1.000000
Sample Rate: 1000000.000000
Vector Length: 1
Notes: 
-379.30
-103.39
-100.04
-98.19
-96.94
-96.60
-96.53
-96.71
-96.82
-96.81
-96.64
-96.66
-96.61
-96.63
-96.73
-96.63
-96.51
-96.55
-96.57
-96.76
-96.70
-96.76
-96.77
-96.74
-96.69
-96.71
-96.71
-96.74
-96.71
-96.73
-96.68
-96.70
-96.67
-96.75
-96.74
-96.64
-96.65
-96.53
-96.59
-96.52
-96.47
-96.67
-96.64
-96.71
-96.74
-96.67
-96.71
-96.68
-96.83
-96.68
-96.54
-96.55
-96.64
-96.67
-96.87
-96.77
-96.60
-96.65
-96.65
-96.57
-96.64
-96.47
-96.34
-96.50
-96.41
-96.42
-96.60
-96.58
-96.75
-96.84
-96.81
-96.87
-96.92
-96.98
-97.02
-96.98
-96.94
-96.67
-96.40
-96.40
-96.50
-96.72
-96.90
-97.15
-96.88
-96.75
-96.51
-96.52
-96.64
-96.77
-96.77
-96.77
-96.48
-96.44
-96.68
-96.75
-97.03
-97.00
-96.78
-96.61
-96.52
-96.59
-96.61
-96.72
-96.67
-96.57
-96.62
-96.53
-96.54
-96.56
-96.66
-96.46
-96.22
-91.48
-89.73
-89.79
-89.79
-91.29
-96.41
-96.38
-96.24
-96.03
-96.37
-96.44
-96.49
-96.77
-96.85
-97.03
-97.17
-96.91
-96.80
-96.77
-96.75
-96.78
-96.06
-95.72
-95.58
-95.62
-96.04
-96.48
-96.49
-96.40
-96.36
-96.48
-96.30
-95.91
-95.20
-94.64
-93.35
-91.49
-83.12
-45.28
-45.28
-45.28
-45.28
-78.96
-92.07
-94.09
-95.17
-95.14
-95.46
-95.75
-95.94
-96.38
-96.68
-96.81
-96.91
-96.83
-96.83
-96.73
-96.57
-96.68
-96.63
-96.59
-96.73
-96.67
-96.79
-96.72
-96.71
-96.73
-96.81
-96.78
-96.86
-96.68
-96.80
-96.90
-96.88
-97.04
-96.86
-96.78
-96.64
-96.56
-96.71
-96.73
-96.94
-96.83
-96.90
-96.86
-96.81
-96.86
-96.72
-96.78
-96.96
-97.06
-97.06
-96.87
-96.74
-96.67
-96.56
-96.51
-96.60
-96.76
-96.70
-96.72
-96.60
-96.56
-96.66
-96.61
-96.84
-96.98
-96.85
-96.93
-96.94
-96.78
-96.75
-96.60
-96.57
-96.51
-96.45
-96.49
-96.42
-96.48
-96.66
-96.90
-96.98
-97.03
-97.07
-96.96
-96.88
-96.57
-96.63
-96.54
-96.59
-96.72
-96.85
-96.80
-96.83
-96.81
-96.78
-97.03
-96.87
-96.54
-96.68
-96.47
-96.63
-96.57
-96.55
-96.61
-96.46
-96.67
-96.67
-96.68
-96.71
-96.62
-96.73
-96.69
-96.77
-96.80
-96.71
-96.79
-96.62
-96.54
-96.51
-96.41
-96.36
-96.42
-96.40
-96.47
-96.51
-96.66
-96.79
-96.86
-96.82
-96.81
-96.74
-96.69
-96.56
-96.49
-96.52
-96.42
-96.54
-96.77
-96.74
-96.63
-96.78
-96.67
-96.63
-96.76
-96.89
-96.92
-96.92
-96.88
-96.70
-96.74
-96.81
-96.83
-96.75
-96.54
-96.33
-96.35
-96.34
-96.47
-96.72
-96.84
-97.03
-97.01
-96.82
-96.64
-96.59
-96.61
-96.52
-96.72
-96.73
-96.66
-96.70
-96.52
-96.39
-96.46
-96.52
-96.66
-96.95
-96.79
-96.79
-96.69
-96.64
-96.57
-96.54
-96.80
-96.68
-96.63
-96.67
-96.67
-96.65
-96.72
-96.68
-96.58
-96.50
-96.45
-96.57
-96.83
-97.01
-97.10
-97.01
-96.91
-96.85
-96.76
-96.65
-96.68
-96.67
-96.57
-96.63
-96.44
-96.24
-96.31
-96.45
-96.63
-96.77
-96.70
-96.55
-96.54
-96.55
-96.60
-96.52
-96.46
-96.39
-96.28
-96.29
-96.31
-96.26
-96.34
-96.47
-96.50
-96.57
-96.73
-96.81
-96.88
-96.86
-96.87
-96.90
-96.73
-96.64
-96.66
-96.38
-96.32
-96.61
-96.48
-96.47
-96.66
-96.65
-96.62
-96.79
-96.50
-96.57
-96.54
-96.50
-96.78
-96.57
-96.72
-96.85
-96.93
-97.08
-96.77
-96.75
-96.68
-96.68
-96.82
-96.80
-96.87
-96.90
-96.83
-96.89
-96.69
