Frequency: 1.000000
Sample Rate: 1000000.000000
Vector Length: 1
Notes: 
-379.30
-100.34
-96.46
-94.06
-82.71
-47.74
-47.74
-47.74
-47.74
-87.56
-94.45
-95.44
-96.12
-96.49
-96.77
-96.71
-96.71
-96.56
-96.59
-96.61
-96.47
-96.75
-96.70
-96.74
-96.93
-96.85
-97.00
-96.95
-96.92
-96.81
-96.79
-96.71
-96.75
-96.94
-97.01
-97.08
-97.09
-96.52
-96.12
-96.26
-96.06
-96.46
-96.73
-96.53
-96.68
-96.65
-96.78
-96.85
-96.88
-97.08
-97.13
-96.91
-96.84
-96.75
-96.60
-96.81
-96.86
-97.01
-96.95
-96.94
-96.91
-96.81
-96.85
-96.81
-96.91
-96.72
-96.72
-96.55
-96.65
-96.70
-96.94
-96.97
-97.02
-96.90
-96.81
-96.67
-96.56
-96.50
-96.66
-96.89
-96.87
-97.07
-96.97
-96.80
-96.83
-96.79
-96.86
-96.81
-96.72
-96.65
-96.76
-96.92
-96.96
-97.01
-96.94
-96.86
-96.85
-96.84
-96.83
-96.70
-96.54
-96.70
-96.70
-96.86
-96.94
-96.77
-96.75
-96.71
-96.73
-96.54
-96.49
-96.46
-96.44
-96.67
-96.73
-96.69
-96.77
-96.75
-96.84
-97.05
-96.98
-96.91
-96.87
-96.57
-96.44
-96.49
-96.57
-96.70
-96.73
-96.88
-96.84
-96.74
-96.78
-96.54
-96.60
-96.71
-96.84
-96.90
-96.94
-96.92
-96.91
-96.87
-96.80
-96.81
-96.73
-96.68
-96.66
-96.72
-96.64
-96.69
-96.72
-96.73
-96.79
-96.76
-96.55
-96.40
-96.43
-96.51
-96.65
-96.58
-96.69
-96.62
-96.49
-96.62
-96.73
-96.72
-96.70
-96.84
-96.90
-96.75
-96.75
-96.71
-96.78
-96.96
-97.05
-97.23
-96.98
-96.97
-96.94
-96.91
-96.92
-96.92
-96.87
-96.83
-96.77
-96.80
-96.79
-96.78
-96.79
-96.72
-96.50
-96.50
-96.62
-96.63
-96.84
-96.79
-96.75
-96.57
-96.60
-96.57
-96.50
-96.74
-96.82
-96.95
-97.15
-97.07
-97.12
-96.97
-96.98
-96.98
-96.95
-96.96
-96.75
-96.72
-96.81
-96.77
-96.97
-97.04
-96.98
-96.94
-97.01
-96.98
-97.01
-96.93
-96.79
-96.79
-96.69
-96.75
-96.80
-96.81
-96.75
-96.79
-96.90
-96.92
-97.04
-96.90
-96.82
-96.79
-96.72
-96.64
-96.65
-96.66
-96.53
-96.65
-96.55
-96.69
-96.76
-96.83
-96.86
-96.82
-96.48
-96.52
-96.65
-96.65
-96.86
-96.67
-96.63
-96.41
-96.67
-96.78
-96.78
-96.96
-96.82
-96.57
-96.66
-96.51
-96.64
-96.70
-96.80
-96.58
-96.50
-96.44
-96.40
-96.57
-96.68
-96.84
-96.80
-96.50
-96.46
-96.38
-96.27
-96.59
-96.33
-94.02
-92.85
-92.75
-92.77
-93.66
-96.22
-96.57
-96.52
-96.48
-96.63
-96.57
-96.76
-96.44
-93.93
-93.87
-93.89
-93.97
-95.65
-96.64
-96.63
-96.89
-96.82
-96.94
-96.85
-96.75
-96.73
-96.59
-96.42
-96.29
-96.40
-96.52
-96.50
-96.75
-96.74
-96.82
-96.76
-96.44
-96.38
-95.95
-95.03
-87.17
-61.35
-59.39
-59.39
-59.39
-61.18
-88.42
-94.25
-95.59
-95.71
-95.91
-95.55
-93.03
-72.87
-61.56
-61.56
-61.56
-61.57
-88.46
-93.63
-96.09
-96.41
-96.65
-96.75
-96.54
-96.59
-96.52
-96.49
-96.67
-96.54
-96.58
-96.54
-96.59
-96.70
-96.57
-96.52
-96.59
-96.50
-96.69
-96.81
-96.80
-96.88
-96.80
-96.93
-96.71
-96.66
-96.44
-96.37
-96.43
-96.59
-96.80
-96.88
-96.96
-96.99
-97.04
-96.99
-96.92
-96.86
-96.74
-96.59
-96.53
-96.42
-96.52
-96.68
-96.67
-96.66
-96.68
-96.65
-96.73
-96.75
-96.72
-96.89
-96.72
-96.78
-96.84
-96.70
-96.73
-96.65
-96.68
-96.71
-96.70
-96.70
-96.70
-96.73
-96.88
-97.01
-97.00
-97.04
-96.94
-96.83
-96.96
-96.91
-96.73
-96.83
-96.74
-96.91
-96.97
-96.95
