Frequency: 1.000000
Sample Rate: 1000000.000000
Vector Length: 1
Notes: 
-379.30
-102.28
-99.85
-98.14
-97.24
-97.17
-97.10
-97.17
-97.24
-97.21
-97.28
-97.31
-97.23
-97.33
-97.38
-97.33
-97.22
-97.28
-97.09
-96.91
-97.03
-97.06
-97.12
-97.07
-96.95
-96.87
-96.58
-96.67
-96.69
-96.80
-96.99
-96.93
-96.98
-96.86
-96.84
-97.02
-97.13
-96.99
-96.94
-96.91
-96.71
-96.98
-96.91
-96.73
-96.85
-96.65
-96.77
-96.89
-96.93
-97.03
-96.99
-96.82
-96.76
-96.74
-96.74
-96.73
-96.69
-96.62
-96.80
-96.85
-96.99
-97.06
-97.18
-97.24
-97.33
-97.22
-97.18
-97.12
-97.00
-97.08
-97.03
-97.05
-97.06
-97.07
-97.03
-97.01
-97.06
-97.24
-97.16
-97.35
-97.29
-97.19
-97.18
-97.10
-97.17
-97.10
-97.02
-97.24
-97.19
-96.98
-96.98
-96.81
-96.81
-97.04
-97.04
-97.05
-97.00
-97.01
-97.16
-97.25
-97.21
-97.06
-97.00
-96.98
-97.24
-97.30
-97.41
-97.14
-97.01
-97.02
-96.99
-97.11
-97.11
-97.41
-97.29
-97.20
-97.21
-97.14
-97.17
-97.25
-97.17
-97.14
-97.07
-97.10
-97.22
-97.13
-97.30
-97.35
-97.14
-97.17
-97.19
-97.18
-97.16
-97.03
-96.85
-96.80
-97.08
-97.12
-97.19
-97.26
-97.15
-97.13
-97.15
-97.20
-97.14
-97.11
-97.18
-97.20
-97.01
-97.23
-97.24
-97.15
-97.26
-97.06
-97.06
-97.28
-97.35
-97.50
-97.41
-97.18
-96.96
-96.83
-96.78
-96.93
-97.11
-97.18
-97.14
-96.97
-97.06
-97.02
-96.95
-96.89
-96.94
-97.03
-97.22
-97.26
-97.15
-97.11
-96.96
-96.92
-96.82
-96.96
-96.96
-96.98
-96.89
-92.72
-67.47
-67.47
-67.47
-67.48
-92.92
-96.54
-96.81
-97.02
-96.94
-97.03
-96.96
-96.88
-96.86
-96.94
-96.85
-96.91
-97.09
-97.09
-97.21
-97.10
-96.98
-96.93
-96.79
-96.83
-96.86
-96.82
-97.10
-97.15
-97.16
-97.33
-97.27
-97.17
-97.29
-97.22
-97.08
-97.01
-96.97
-97.05
-97.11
-97.25
-97.30
-97.31
-97.30
-97.44
-97.55
-97.54
-97.56
-97.36
-97.21
-97.08
-97.16
-97.15
-97.24
-97.24
-97.27
-97.14
-97.10
-97.12
-96.95
-96.74
-96.90
-96.95
-96.96
-97.00
-97.01
-97.02
-97.09
-92.47
-90.17
-90.09
-90.06
-91.02
-96.02
-96.45
-96.09
-95.92
-96.15
-96.31
-96.55
-96.98
-97.01
-97.03
-96.98
-97.01
-96.93
-96.95
-96.92
-96.85
-96.77
-96.81
-96.71
-96.49
-96.37
-96.08
-95.98
-96.21
-96.19
-96.56
-96.53
-93.67
-72.31
-72.31
-72.31
-72.32
-94.62
-95.56
-94.87
-94.42
-92.77
-91.56
-83.14
-45.43
-45.43
-45.43
-45.43
-64.56
-91.71
-93.91
-95.04
-95.64
-96.33
-96.67
-96.90
-96.85
-96.79
-96.78
-96.88
-96.95
-96.81
-96.87
-96.83
-96.97
-97.08
-97.23
-97.28
-97.20
-97.20
-97.17
-97.29
-97.14
-97.02
-96.92
-96.84
-96.78
-96.85
-96.89
-96.94
-97.05
-96.98
-96.91
-96.90
-96.73
-96.64
-96.72
-96.76
-96.83
-96.93
-97.10
-97.05
-96.99
-97.09
-97.11
-97.08
-97.23
-97.06
-97.03
-97.04
-97.02
-97.17
-97.29
-97.08
-97.27
-97.02
-96.90
-96.94
-96.76
-96.92
-96.93
-96.92
-96.97
-97.11
-97.10
-97.04
-97.22
-97.17
-97.38
-97.20
-97.11
-97.11
-97.02
-96.94
-96.98
-97.08
-96.97
-97.01
-96.97
-96.93
-97.16
-97.22
-97.13
-97.27
-97.11
-97.15
-97.07
-97.07
-96.96
-96.92
-97.04
-97.09
-97.25
-97.35
-97.32
-97.12
-96.91
-96.92
-96.85
-97.01
-97.02
-97.09
-97.12
-97.13
-97.14
-97.12
-96.92
-96.87
-96.86
-97.01
-97.10
-97.21
-97.12
-96.87
-96.78
-96.55
-96.64
-96.88
