Frequency: 1.000000
Sample Rate: 1000000.000000
Vector Length: 1
Notes: 
-379.30
-101.73
-99.11
-97.64
-96.74
-96.79
-96.69
-96.80
-96.75
-96.68
-96.70
-96.49
-96.58
-96.67
-96.86
-96.81
-96.83
-96.68
-96.57
-96.61
-96.56
-96.72
-96.86
-96.85
-96.81
-96.88
-96.69
-96.54
-96.60
-96.47
-96.43
-96.62
-96.69
-96.83
-96.95
-97.03
-96.99
-96.82
-96.86
-96.75
-96.82
-96.81
-96.75
-96.63
-96.66
-96.73
-96.73
-97.01
-96.87
-96.77
-96.88
-96.86
-96.78
-96.83
-96.91
-96.86
-96.88
-96.85
-96.83
-96.83
-96.83
-96.77
-96.77
-96.75
-96.99
-96.94
-96.99
-96.94
-96.86
-96.86
-96.82
-96.76
-96.86
-96.79
-96.84
-96.97
-96.69
-96.82
-96.87
-97.05
-97.03
-97.09
-97.05
-97.00
-97.08
-96.84
-96.75
-96.74
-96.58
-96.75
-96.90
-96.98
-97.05
-96.86
-96.85
-96.74
-96.75
-96.92
-96.90
-96.74
-96.69
-96.64
-96.68
-96.87
-97.00
-97.00
-96.87
-96.80
-96.81
-96.80
-96.64
-96.69
-96.72
-96.64
-96.70
-96.80
-96.80
-96.80
-96.82
-96.88
-96.79
-96.79
-96.71
-96.58
-96.66
-96.69
-96.75
-96.84
-96.81
-96.97
-96.76
-96.79
-96.66
-96.59
-96.73
-96.78
-96.76
-96.70
-96.82
-96.65
-96.71
-96.77
-96.87
-96.93
-96.90
-96.92
-96.91
-96.96
-97.00
-96.92
-96.92
-96.87
-96.90
-96.75
-96.55
-96.56
-96.57
-96.82
-96.98
-96.93
-96.92
-96.91
-96.81
-96.95
-96.95
-96.77
-96.77
-96.59
-96.55
-96.48
-96.51
-96.73
-96.80
-96.76
-96.74
-96.61
-96.64
-96.62
-96.71
-96.72
-96.74
-96.89
-96.62
-96.72
-96.68
-96.71
-96.71
-96.84
-96.81
-96.75
-96.74
-96.79
-96.75
-96.78
-96.76
-96.60
-96.68
-96.71
-96.80
-96.71
-96.72
-96.72
-96.85
-97.00
-96.97
-96.94
-96.92
-96.78
-96.71
-96.62
-96.58
-96.71
-96.82
-96.69
-96.74
-96.74
-96.67
-96.88
-96.82
-96.84
-96.90
-96.80
-96.93
-96.80
-96.90
-96.90
-96.67
-96.54
-96.49
-96.34
-96.52
-96.53
-96.60
-96.71
-96.61
-96.54
-96.59
-96.66
-97.00
-97.12
-96.92
-96.85
-96.71
-96.68
-96.77
-96.80
-96.97
-96.87
-96.92
-96.93
-96.85
-96.73
-96.67
-96.78
-96.73
-96.76
-96.62
-96.59
-96.55
-96.64
-96.85
-97.07
-97.15
-97.07
-96.94
-96.69
-96.58
-96.58
-96.69
-96.74
-96.68
-96.64
-96.72
-96.80
-96.79
-96.79
-96.65
-96.54
-96.51
-96.47
-96.59
-96.61
-96.67
-96.69
-96.75
-96.80
-96.86
-96.67
-96.44
-96.54
-96.52
-96.68
-96.92
-96.85
-96.69
-96.71
-96.63
-96.67
-96.51
-96.50
-96.49
-96.38
-96.65
-96.82
-96.87
-96.96
-96.90
-96.77
-96.71
-96.67
-96.50
-96.54
-96.52
-96.61
-96.73
-96.74
-96.64
-96.62
-96.53
-96.60
-96.59
-96.74
-96.87
-96.90
-97.08
-96.88
-96.95
-96.84
-96.81
-96.85
-96.82
-96.83
-96.86
-96.69
-96.70
-96.77
-96.78
-96.78
-96.89
-96.91
-96.83
-96.86
-96.93
-96.87
-97.01
-97.02
-96.89
-96.81
-96.68
-96.69
-96.61
-96.57
-96.63
-96.63
-96.87
-96.89
-96.90
-97.05
-97.08
-97.09
-97.00
-96.80
-96.77
-96.77
-96.85
-96.80
-96.73
-96.70
-96.65
-96.69
-96.73
-96.76
-96.72
-96.86
-97.00
-97.11
-97.17
-97.19
-96.89
-96.87
-96.74
-96.66
-96.68
-96.66
-96.63
-96.68
-96.45
-96.47
-96.48
-96.71
-96.80
-97.03
-96.78
-96.72
-96.63
-96.61
-96.81
-96.69
-96.73
-96.85
-96.69
-96.56
-96.78
-96.65
-96.64
-96.86
-97.05
-97.10
-97.15
-97.18
-96.92
-96.89
-96.71
-96.59
-96.72
-96.58
-96.77
-96.82
-96.79
