Frequency: 1.000000
Sample Rate: 1000000.000000
Vector Length: 1
Notes: 
-379.30
-102.42
-99.80
-98.35
-97.04
-96.75
-96.52
-96.32
-96.31
-96.24
-96.45
-96.39
-96.48
-96.50
-96.59
-96.73
-96.85
-96.86
-96.75
-96.80
-96.65
-96.66
-96.78
-96.81
-96.90
-96.82
-96.62
-96.48
-96.59
-96.65
-96.63
-96.56
-96.42
-96.36
-96.59
-96.81
-96.93
-96.95
-96.94
-96.84
-96.78
-96.84
-96.91
-96.78
-96.85
-96.66
-96.62
-96.67
-96.56
-96.78
-96.69
-96.97
-96.89
-96.84
-96.65
-96.61
-96.57
-96.56
-96.59
-96.76
-96.87
-96.94
-96.89
-96.97
-96.64
-96.71
-96.55
-96.48
-96.67
-96.65
-96.85
-96.92
-96.75
-96.71
-96.60
-96.47
-96.48
-96.48
-96.58
-96.65
-96.70
-96.73
-96.72
-96.81
-96.90
-97.03
-97.01
-96.73
-96.53
-96.44
-96.54
-96.61
-96.88
-96.90
-96.77
-96.56
-96.31
-93.64
-73.54
-64.89
-64.89
-64.89
-64.89
-89.62
-94.38
-96.39
-96.59
-96.68
-96.66
-96.50
-96.70
-96.67
-96.75
-96.80
-96.87
-96.84
-96.77
-96.74
-96.72
-96.87
-96.97
-96.93
-96.92
-96.58
-96.52
-96.57
-96.57
-96.60
-96.80
-96.64
-96.60
-96.66
-96.67
-96.72
-96.86
-96.80
-96.67
-96.68
-96.49
-96.36
-96.42
-96.46
-96.51
-96.69
-96.74
-96.69
-96.68
-96.68
-96.71
-96.85
-96.65
-96.67
-96.67
-96.66
-96.68
-96.46
-96.28
-96.30
-96.33
-96.35
-96.49
-96.58
-96.73
-96.73
-96.59
-96.63
-96.44
-96.44
-96.50
-96.68
-96.76
-96.80
-96.85
-96.74
-96.87
-96.93
-96.92
-96.91
-96.97
-96.94
-96.89
-96.84
-96.81
-96.74
-96.84
-96.58
-96.50
-96.47
-96.34
-96.44
-96.54
-96.65
-96.73
-96.65
-96.77
-96.69
-96.76
-96.91
-96.77
-96.81
-96.78
-96.61
-96.67
-96.72
-96.79
-96.83
-97.00
-96.91
-96.92
-96.84
-96.53
-96.50
-96.51
-96.49
-96.53
-96.69
-96.83
-96.81
-96.81
-96.63
-96.63
-96.62
-96.60
-96.64
-96.49
-96.54
-96.64
-96.93
-97.04
-96.90
-96.91
-96.67
-96.65
-96.55
-96.61
-96.54
-96.49
-96.55
-96.60
-96.63
-96.71
-96.61
-96.45
-96.41
-96.45
-96.79
-96.81
-96.88
-96.84
-96.61
-96.74
-96.80
-96.77
-96.86
-96.83
-96.69
-96.77
-96.86
-96.76
-96.64
-96.46
-96.42
-96.33
-96.29
-96.26
-96.48
-96.54
-96.65
-96.81
-96.65
-96.63
-96.66
-96.57
-96.65
-96.60
-96.65
-96.57
-96.63
-96.63
-96.60
-96.61
-96.60
-96.72
-96.76
-96.76
-96.72
-96.57
-96.41
-96.58
-96.54
-96.65
-96.66
-96.53
-96.47
-96.36
-96.31
-96.36
-96.43
-96.56
-96.65
-96.70
-96.70
-96.46
-96.33
-96.30
-96.40
-96.47
-96.54
-96.58
-96.58
-96.59
-96.58
-96.53
-96.61
-96.64
-96.86
-96.78
-96.71
-96.61
-96.50
-96.58
-96.71
-96.70
-96.78
-96.75
-96.72
-96.83
-96.89
-96.83
-96.76
-96.64
-96.52
-96.39
-96.32
-96.40
-96.71
-96.82
-96.80
-97.00
-96.58
-96.69
-96.73
-96.68
-96.83
-96.67
-96.63
-96.78
-96.74
-96.81
-96.69
-96.65
-96.64
-96.66
-96.66
-96.79
-96.77
-96.67
-96.62
-96.60
-96.60
-96.57
-96.57
-96.47
-96.31
-96.30
-96.31
-96.42
-96.76
-96.73
-96.81
-96.77
-96.71
-96.51
-96.68
-96.77
-96.90
-97.02
-96.84
-96.69
-96.69
-96.54
-96.66
-96.72
-96.76
-96.86
-96.68
-96.44
-96.53
-96.41
-96.56
-96.68
-96.63
-96.57
-96.69
-96.80
-96.70
-96.70
-96.69
-96.74
-96.78
-96.76
-96.65
-96.77
-96.79
-96.83
-96.72
-96.58
-96.59
-96.41
-96.34
-96.48
-96.52
-96.46
-96.66
-96.59
-96.66
-96.75
-96.59
-96.63
-96.54
-96.56
