Frequency: 1.000000
Sample Rate: 1000000.000000
Vector Length: 1
Notes: 
-379.30
-101.37
-98.78
-97.30
-96.35
-96.28
-96.42
-96.43
-96.30
-96.52
-96.47
-96.27
-96.29
-96.28
-96.20
-96.26
-96.35
-96.37
-96.48
-96.50
-96.61
-96.34
-96.37
-96.39
-96.30
-96.51
-96.64
-96.52
-96.57
-96.41
-96.36
-96.57
-96.66
-96.65
-96.66
-96.59
-96.34
-96.64
-96.49
-96.51
-96.67
-96.47
-96.39
-96.35
-96.37
-96.42
-96.71
-96.77
-96.79
-96.74
-96.89
-96.75
-96.64
-96.76
-96.54
-96.45
-96.38
-96.39
-96.41
-96.53
-96.59
-96.73
-96.74
-96.71
-96.65
-96.64
-96.63
-96.70
-96.67
-96.45
-96.32
-96.20
-96.14
-96.05
-96.01
-96.13
-96.26
-95.64
-95.74
-95.58
-95.48
-96.25
-96.31
-96.30
-96.44
-96.41
-96.42
-96.52
-96.41
-96.48
-96.46
-96.54
-96.67
-96.61
-96.61
-96.56
-96.41
-96.43
-96.47
-96.65
-96.57
-96.53
-96.58
-96.55
-96.25
-95.56
-89.12
-66.33
-66.32
-66.32
-66.33
-90.37
-95.67
-96.21
-96.26
-96.21
-96.22
-96.13
-96.18
-96.26
-96.31
-96.48
-96.41
-96.36
-96.23
-96.15
-96.05
-96.08
-96.28
-96.41
-96.55
-96.73
-96.65
-96.46
-96.47
-96.49
-96.43
-96.48
-96.24
-96.21
-96.38
-96.30
-96.36
-96.28
-96.19
-96.38
-96.37
-96.58
-96.80
-96.65
-96.72
-96.52
-96.29
-96.50
-96.47
-96.45
-96.70
-96.86
-96.75
-96.73
-96.58
-96.51
-96.50
-96.59
-96.61
-96.56
-96.54
-96.26
-96.18
-96.08
-96.12
-96.12
-96.06
-95.99
-96.03
-96.07
-96.31
-96.49
-96.52
-96.53
-96.55
-96.40
-96.42
-96.25
-96.21
-96.43
-96.43
-96.36
-96.26
-96.07
-96.08
-96.07
-96.26
-96.47
-96.60
-96.55
-96.52
-96.51
-96.51
-96.32
-96.50
-96.30
-96.24
-96.44
-96.48
-96.41
-96.53
-96.40
-96.38
-96.43
-96.40
-96.52
-96.45
-96.53
-96.48
-96.40
-96.36
-96.37
-96.29
-96.25
-96.34
-96.34
-96.44
-96.27
-96.19
-96.00
-95.95
-96.05
-96.10
-96.41
-96.48
-96.53
-96.55
-96.52
-96.44
-96.46
-96.51
-96.44
-96.33
-96.33
-96.17
-96.30
-96.49
-96.51
-96.47
-96.63
-96.36
-96.44
-96.70
-96.71
-96.65
-96.73
-96.72
-96.60
-96.61
-96.47
-96.29
-96.36
-96.31
-96.38
-96.38
-96.34
-96.32
-96.24
-96.15
-96.12
-96.15
-96.23
-96.42
-96.50
-96.41
-96.21
-96.14
-96.21
-96.34
-96.40
-96.32
-96.21
-96.23
-96.17
-96.39
-96.45
-96.28
-96.36
-96.29
-96.17
-96.19
-96.11
-96.09
-96.05
-96.22
-96.56
-96.51
-96.58
-96.58
-96.38
-96.51
-96.36
-96.37
-96.47
-96.33
-96.49
-96.56
-96.55
-96.59
-96.69
-96.56
-96.72
-96.43
-96.38
-96.28
-96.25
-96.38
-96.51
-96.55
-96.50
-96.60
-96.50
-96.38
-96.18
-96.07
-95.91
-95.96
-96.09
-96.08
-96.25
-96.20
-96.29
-96.36
-96.22
-96.22
-96.21
-96.34
-96.43
-96.63
-96.74
-96.72
-96.59
-96.38
-96.11
-95.90
-95.94
-95.93
-96.21
-96.23
-96.42
-96.43
-96.30
-96.29
-96.21
-96.18
-96.31
-96.42
-96.40
-96.47
-96.58
-96.57
-96.71
-96.62
-96.58
-96.50
-96.33
-96.28
-96.27
-96.19
-96.27
-96.35
-96.29
-96.43
-96.62
-96.50
-96.61
-96.61
-96.62
-96.62
-96.61
-96.52
-96.52
-96.63
-96.59
-96.68
-96.63
-96.57
-96.43
-96.45
-96.39
-96.52
-96.56
-96.50
-96.49
-96.38
-96.38
-96.44
-96.42
-96.52
-96.45
-96.54
-96.51
-96.45
-96.40
-96.39
-96.34
-96.29
-96.30
-96.42
-96.52
-96.42
-96.44
-96.42
-96.62
-96.49
-96.32
-96.29
-96.32
-96.20
-96.37
-96.29
-96.15
-96.33
-96.42
-96.37
