Frequency: 1.000000
Sample Rate: 1000000.000000
Vector Length: 1
Notes: 
-379.30
-101.12
-98.83
-97.29
-96.32
-96.37
-96.21
-95.77
-94.87
-85.96
-49.09
-49.09
-49.09
-49.09
-87.28
-96.72
-96.66
-96.55
-96.55
-96.44
-96.53
-96.51
-96.73
-96.78
-96.70
-96.64
-96.66
-96.67
-96.66
-96.51
-96.45
-96.37
-96.34
-96.46
-96.42
-96.27
-96.32
-96.25
-96.42
-96.66
-96.84
-97.00
-97.04
-97.03
-96.92
-96.83
-96.65
-96.77
-96.83
-96.60
-96.79
-96.90
-96.90
-96.88
-96.82
-96.71
-96.56
-96.50
-96.55
-96.48
-96.40
-96.44
-96.54
-96.50
-96.62
-96.69
-96.33
-96.32
-96.39
-96.41
-96.83
-96.91
-96.81
-96.65
-96.49
-96.44
-96.63
-96.58
-96.67
-96.46
-96.35
-96.34
-96.15
-96.17
-96.18
-96.10
-96.22
-96.53
-96.56
-96.58
-96.63
-96.54
-96.49
-96.52
-96.39
-96.43
-96.41
-96.49
-96.45
-96.40
-96.43
-96.60
-96.50
-96.62
-96.82
-96.77
-97.06
-97.13
-96.82
-96.80
-96.64
-96.49
-96.66
-96.75
-96.86
-96.80
-96.88
-96.69
-96.70
-96.68
-96.40
-96.51
-96.66
-96.59
-96.60
-96.51
-96.31
-96.25
-96.19
-96.14
-96.40
-96.21
-96.34
-96.52
-96.55
-96.59
-96.61
-96.80
-96.62
-96.55
-96.62
-96.36
-96.51
-96.25
-96.13
-96.14
-96.15
-96.36
-96.49
-96.40
-96.25
-96.38
-96.48
-96.60
-96.56
-96.51
-96.39
-96.47
-96.34
-96.35
-96.33
-96.27
-96.44
-96.47
-96.47
-96.51
-96.44
-96.32
-96.53
-96.35
-96.38
-96.50
-96.58
-96.57
-96.64
-96.85
-96.72
-96.74
-96.77
-96.42
-96.37
-96.33
-96.33
-96.55
-96.59
-96.77
-96.78
-96.59
-96.36
-96.42
-96.61
-96.65
-96.74
-96.66
-96.66
-96.69
-96.63
-96.73
-96.72
-96.66
-96.71
-96.56
-96.40
-96.38
-96.53
-96.64
-96.66
-96.66
-96.72
-96.76
-96.67
-96.68
-96.02
-95.90
-95.95
-95.96
-96.49
-96.52
-96.56
-96.63
-96.54
-96.55
-96.63
-96.65
-96.76
-96.86
-96.85
-96.91
-96.89
-96.80
-96.50
-96.56
-96.54
-96.54
-96.89
-96.67
-96.47
-96.53
-96.46
-96.46
-96.62
-96.38
-96.26
-95.49
-74.98
-66.59
-66.58
-66.58
-66.60
-91.94
-96.55
-96.42
-96.42
-96.43
-96.40
-96.34
-96.28
-96.28
-96.36
-96.40
-96.43
-96.51
-96.56
-96.50
-96.76
-96.94
-96.77
-96.62
-96.50
-96.23
-96.26
-96.40
-96.39
-96.66
-96.75
-96.83
-96.88
-96.63
-96.65
-96.56
-96.63
-96.63
-96.70
-96.78
-96.63
-96.51
-96.50
-96.13
-94.48
-94.49
-94.58
-94.61
-96.63
-96.64
-96.44
-96.46
-96.32
-96.35
-96.36
-96.32
-96.28
-96.38
-96.53
-96.51
-96.61
-96.58
-96.41
-96.52
-96.78
-96.68
-96.74
-96.71
-96.52
-96.42
-96.34
-96.33
-96.23
-96.32
-96.38
-96.44
-95.75
-70.86
-63.99
-63.99
-63.99
-64.01
-93.38
-96.36
-96.34
-96.59
-96.66
-96.50
-96.59
-96.35
-96.23
-96.56
-96.51
-96.51
-96.64
-96.67
-96.52
-96.69
-96.68
-96.65
-96.67
-96.71
-96.49
-96.42
-96.40
-96.38
-96.47
-96.45
-96.35
-96.40
-96.57
-96.71
-96.68
-96.76
-96.58
-96.54
-96.77
-96.65
-96.70
-96.65
-96.60
-96.69
-96.49
-96.39
-96.45
-96.34
-96.48
-96.53
-96.56
-96.48
-96.52
-96.44
-96.46
-96.48
-96.47
-96.47
-96.45
-96.55
-96.66
-96.58
-96.68
-96.51
-96.42
-96.38
-96.66
-96.65
-96.56
-96.68
-96.72
-96.67
-96.73
-96.66
-96.53
-96.58
-96.57
-96.54
-96.75
-96.70
-96.65
-96.51
-96.36
-96.38
-96.24
-96.39
-96.51
-96.54
-96.76
-96.82
-96.86
-96.67
-96.52
-96.29
-96.15
-96.17
-96.30
