Frequency: 1.000000
Sample Rate: 1000000.000000
Vector Length: 1
Notes: 
-379.30
-101.91
-99.18
-97.80
-96.79
-96.69
-96.81
-96.77
-96.77
-96.96
-97.03
-96.78
-96.84
-96.83
-96.63
-96.86
-96.84
-96.82
-96.94
-96.88
-96.92
-96.89
-97.07
-97.02
-96.84
-96.77
-96.73
-96.86
-97.00
-97.08
-97.27
-97.29
-97.03
-96.83
-96.61
-96.40
-96.28
-96.53
-96.58
-96.78
-96.87
-96.71
-96.71
-96.62
-96.55
-96.90
-96.69
-96.73
-96.81
-96.65
-96.56
-96.69
-96.58
-96.64
-96.70
-96.67
-96.74
-96.59
-96.56
-96.62
-96.54
-96.54
-96.61
-96.48
-96.54
-96.71
-96.78
-96.86
-97.01
-97.02
-96.87
-96.83
-96.79
-96.76
-96.69
-96.77
-96.89
-96.84
-96.76
-96.74
-96.58
-96.49
-96.52
-96.59
-96.59
-96.64
-96.49
-96.29
-96.47
-96.57
-96.76
-96.84
-96.88
-96.68
-96.40
-96.09
-95.43
-95.41
-95.50
-95.96
-96.66
-96.86
-96.96
-97.06
-97.04
-97.02
-97.09
-96.94
-96.85
-96.77
-96.70
-96.77
-96.71
-96.73
-96.68
-96.57
-96.82
-96.83
-96.95
-96.88
-96.77
-96.69
-96.59
-96.76
-96.71
-96.71
-96.84
-96.92
-96.74
-96.63
-96.46
-96.53
-96.74
-97.01
-97.04
-96.88
-96.87
-96.71
-96.81
-96.95
-97.03
-96.96
-96.85
-96.78
-96.72
-96.70
-96.73
-96.63
-96.56
-96.13
-93.04
-69.32
-65.00
-65.00
-65.00
-70.17
-96.80
-96.77
-96.77
-96.66
-96.88
-97.04
-97.07
-96.94
-96.83
-96.68
-96.65
-96.63
-96.67
-96.71
-96.80
-96.75
-96.84
-96.97
-97.07
-97.11
-97.10
-97.01
-97.09
-97.03
-97.21
-97.29
-97.05
-96.94
-96.83
-96.85
-96.91
-97.05
-97.17
-97.10
-97.04
-96.82
-96.80
-96.79
-96.85
-96.94
-96.92
-96.98
-97.00
-96.94
-97.04
-96.94
-96.92
-96.73
-96.87
-96.89
-96.90
-96.90
-96.83
-96.91
-96.88
-96.90
-96.74
-96.74
-96.74
-96.83
-96.79
-96.72
-96.76
-96.74
-96.72
-96.67
-96.63
-96.63
-96.66
-97.00
-96.95
-96.99
-97.00
-96.97
-96.98
-96.78
-96.71
-96.62
-96.51
-96.51
-96.43
-96.46
-96.60
-96.82
-96.96
-97.03
-97.12
-97.04
-96.89
-96.99
-96.85
-96.81
-96.94
-96.90
-96.94
-96.93
-96.97
-96.98
-97.01
-96.90
-97.00
-96.73
-96.58
-96.57
-96.38
-96.45
-96.64
-96.71
-96.67
-96.64
-96.64
-96.77
-96.80
-96.85
-96.82
-96.78
-96.78
-96.83
-96.83
-96.53
-96.45
-96.42
-96.43
-96.79
-96.84
-96.74
-96.68
-96.65
-96.46
-96.45
-96.60
-96.56
-96.65
-96.77
-96.83
-96.89
-96.78
-96.74
-96.76
-96.78
-96.79
-96.86
-96.87
-96.87
-96.78
-96.69
-96.58
-96.41
-96.47
-96.55
-96.49
-96.64
-96.54
-96.52
-96.59
-96.75
-96.92
-97.02
-96.90
-96.85
-96.87
-96.79
-96.77
-96.76
-96.90
-97.01
-97.23
-97.24
-97.09
-96.61
-96.64
-96.41
-96.35
-96.58
-96.55
-96.72
-96.80
-96.81
-96.65
-96.53
-96.47
-96.56
-96.81
-96.87
-96.81
-96.80
-96.64
-96.61
-96.53
-96.49
-96.52
-96.56
-96.63
-96.56
-96.57
-96.64
-96.67
-96.75
-96.92
-96.83
-96.93
-96.87
-96.82
-96.82
-96.70
-96.55
-96.60
-96.62
-96.60
-96.80
-96.93
-96.87
-96.91
-96.78
-96.63
-96.75
-96.63
-96.44
-96.59
-96.55
-96.81
-96.96
-97.03
-97.15
-96.97
-96.96
-96.91
-96.79
-96.84
-96.95
-96.92
-96.95
-96.94
-96.80
-96.97
-96.90
-96.73
-96.74
-96.77
-96.69
-96.75
-96.79
-96.68
-96.94
-96.88
-96.99
-96.89
-96.76
-96.67
-96.65
-96.70
-96.77
-96.81
-96.59
-96.56
-96.37
-96.48
-96.67
-96.71
-96.91
-96.95
-96.93
