Frequency: 1.000000
Sample Rate: 1000000.000000
Vector Length: 1
Notes: 
-379.30
-102.29
-99.84
-98.41
-97.40
-97.40
-97.46
-97.47
-97.22
-97.19
-97.01
-96.84
-96.88
-96.97
-97.04
-96.97
-97.14
-97.16
-97.11
-97.26
-97.29
-97.15
-97.26
-97.16
-97.17
-97.20
-97.23
-97.30
-97.29
-97.46
-97.45
-97.20
-97.09
-97.01
-96.90
-97.02
-97.17
-97.09
-97.06
-97.24
-97.23
-97.22
-97.27
-97.20
-97.33
-97.58
-97.53
-97.41
-97.34
-97.00
-97.03
-97.06
-97.06
-97.11
-97.04
-96.82
-96.81
-96.74
-96.79
-96.95
-96.92
-96.99
-96.89
-96.94
-96.92
-97.05
-97.20
-97.10
-97.17
-97.35
-97.31
-97.14
-97.40
-97.37
-97.27
-97.12
-96.97
-96.79
-96.78
-96.86
-96.88
-96.42
-91.50
-66.40
-66.40
-66.40
-66.41
-97.03
-97.10
-97.15
-97.17
-97.17
-97.29
-97.01
-94.54
-94.53
-94.53
-94.64
-97.28
-97.26
-97.31
-97.49
-97.45
-97.48
-97.36
-97.39
-97.29
-97.46
-97.37
-97.22
-97.22
-97.15
-97.07
-97.17
-97.16
-96.99
-96.76
-96.74
-96.67
-96.58
-96.62
-96.81
-96.96
-97.14
-97.31
-97.08
-96.74
-95.35
-68.01
-68.01
-68.01
-68.01
-70.53
-97.08
-97.11
-96.99
-97.15
-97.35
-97.27
-97.21
-97.05
-96.98
-97.08
-96.96
-97.09
-97.19
-96.88
-97.08
-97.05
-96.98
-97.18
-96.86
-96.85
-96.71
-96.74
-97.04
-97.22
-97.20
-97.17
-97.19
-96.98
-97.04
-97.12
-96.97
-97.08
-97.15
-97.16
-97.04
-97.09
-96.90
-96.80
-96.91
-96.92
-97.13
-97.19
-97.17
-97.13
-97.05
-97.04
-97.16
-97.09
-97.10
-96.97
-96.86
-96.86
-96.89
-96.91
-97.11
-96.89
-97.07
-97.13
-97.03
-97.17
-97.30
-97.17
-97.29
-97.29
-97.10
-96.98
-97.03
-97.06
-97.19
-97.13
-97.25
-97.16
-97.23
-97.36
-97.43
-97.35
-97.37
-97.17
-96.98
-97.01
-97.17
-97.16
-97.15
-97.11
-96.93
-97.01
-97.09
-96.97
-97.03
-97.00
-96.99
-97.05
-97.04
-96.85
-96.77
-96.80
-96.88
-97.04
-97.13
-96.96
-96.94
-96.83
-96.93
-97.16
-97.31
-97.29
-97.26
-97.23
-97.08
-97.19
-97.09
-96.93
-96.92
-96.86
-96.80
-96.88
-96.84
-96.90
-96.92
-96.98
-97.14
-97.04
-97.14
-97.15
-96.91
-96.91
-96.75
-96.73
-96.78
-96.79
-96.70
-96.80
-96.82
-96.94
-97.01
-97.02
-97.03
-97.17
-97.17
-97.04
-97.01
-97.05
-97.20
-97.32
-97.37
-97.37
-97.23
-97.13
-97.09
-96.83
-96.89
-96.80
-96.98
-97.17
-97.12
-97.14
-97.08
-97.05
-97.04
-96.99
-97.10
-97.07
-97.16
-97.37
-97.35
-97.36
-97.34
-97.22
-97.20
-97.02
-96.99
-96.94
-96.91
-97.10
-97.01
-97.15
-97.27
-97.24
-97.22
-97.01
-97.02
-96.89
-96.88
-97.05
-97.08
-97.06
-97.24
-97.21
-97.16
-97.24
-97.12
-97.06
-96.94
-96.98
-96.87
-97.01
-97.15
-97.09
-97.04
-96.93
-97.00
-97.14
-97.11
-97.18
-97.20
-97.10
-97.28
-97.23
-97.19
-97.16
-97.14
-97.06
-97.11
-97.14
-97.10
-97.18
-97.06
-97.01
-97.10
-96.99
-97.00
-97.10
-96.89
-96.93
-97.03
-97.07
-97.13
-97.11
-96.97
-97.13
-97.01
-97.09
-97.14
-97.13
-97.10
-97.12
-96.91
-97.03
-96.83
-96.75
-96.94
-97.00
-97.11
-97.18
-97.08
-97.14
-97.05
-97.06
-97.00
-96.82
-96.71
-96.90
-96.92
-97.03
-96.97
-96.85
-96.96
-96.85
-97.20
-97.16
-97.24
-97.21
-97.13
-97.14
-97.11
-97.22
-97.21
-97.19
-97.26
-97.30
-97.06
-97.06
-97.02
-96.95
-97.05
-97.19
-97.13
-96.97
-96.89
-96.91
-96.88
-97.06
-97.01
-97.15
