Frequency: 1.000000
Sample Rate: 2000000.000000
Vector Length: 1
Notes: 
-379.30
-89.13
-86.84
-85.30
-84.37
-83.42
-82.79
-82.25
-81.26
-80.85
-80.48
-80.13
-79.81
-79.52
-79.23
-78.91
-78.68
-78.46
-78.26
-77.83
-77.64
-77.47
-77.31
-77.11
-76.95
-76.76
-76.62
-76.48
-76.34
-76.05
-75.92
-75.79
-75.68
-75.57
-75.46
-75.33
-75.23
-75.13
-75.03
-74.85
-74.75
-74.67
-74.58
-74.50
-74.41
-74.31
-74.23
-74.15
-74.10
-74.03
-74.03
-74.03
-74.03
-74.05
-74.04
-74.03
-74.13
-74.14
-74.05
-74.05
-74.06
-74.06
-74.10
-74.08
-74.08
-74.08
-74.18
-74.08
-74.08
-74.08
-74.08
-74.08
-74.11
-74.09
-74.09
-74.10
-74.20
-74.11
-74.11
-74.12
-74.11
-74.11
-74.13
-74.11
-74.11
-74.11
-74.11
-74.19
-74.07
-74.07
-74.06
-74.06
-74.08
-74.06
-74.06
-74.05
-74.13
-74.01
-74.01
-74.01
-74.01
-74.01
-74.03
-74.02
-74.02
-74.01
-74.01
-74.11
-73.95
-73.95
-73.95
-73.95
-73.97
-73.96
-73.95
-73.95
-74.05
-74.04
-73.88
-73.88
-73.88
-73.88
-73.90
-73.89
-73.88
-73.88
-73.97
-73.98
-73.78
-73.78
-73.78
-73.78
-73.79
-73.78
-73.78
-73.78
-73.88
-73.88
-73.73
-73.69
-73.69
-73.69
-73.70
-73.69
-73.69
-73.68
-73.80
-73.80
-73.60
-73.60
-73.60
-73.60
-73.61
-73.60
-73.60
-73.60
-73.74
-73.74
-73.52
-73.52
-73.51
-73.51
-73.52
-73.51
-73.51
-73.51
-73.50
-73.65
-73.66
-73.45
-73.45
-73.45
-73.47
-73.45
-73.45
-73.45
-73.45
-73.63
-73.63
-73.42
-73.43
-73.43
-73.44
-73.43
-73.43
-73.43
-73.44
-73.62
-73.62
-73.40
-73.41
-73.41
-73.43
-73.42
-73.42
-73.42
-73.42
-73.60
-73.59
-73.39
-73.39
-73.38
-73.40
-73.39
-73.38
-73.39
-73.39
-73.60
-73.60
-73.60
-73.39
-73.39
-73.40
-73.39
-73.38
-73.39
-73.39
-73.58
-73.58
-73.58
-73.38
-73.37
-73.38
-73.37
-73.37
-73.37
-73.37
-73.36
-73.56
-73.56
-73.34
-73.34
-73.35
-73.33
-73.33
-73.32
-73.32
-73.32
-73.54
-73.54
-73.35
-73.35
-73.36
-73.35
-73.35
-73.35
-73.35
-73.35
-73.56
-73.56
-73.38
-73.38
-73.39
-73.38
-73.37
-73.37
-73.37
-73.37
-73.37
-73.57
-72.36
-72.25
-72.26
-71.32
-71.32
-71.32
-71.32
-71.32
-71.32
-71.44
-71.44
-71.36
-71.37
-71.36
-71.36
-71.36
-71.37
-71.37
-71.37
-71.51
-71.51
-71.43
-71.44
-71.43
-71.43
-71.43
-71.43
-71.00
-71.00
-71.10
-71.10
-71.04
-71.04
-71.04
-70.74
-70.74
-70.74
-70.74
-70.74
-70.83
-70.83
-70.80
-70.80
-70.80
-70.50
-70.50
-70.50
-70.50
-70.50
-71.26
-71.35
-71.35
-72.23
-72.23
-72.22
-72.22
-72.22
-72.23
-72.23
-72.23
-72.34
-72.34
-72.28
-71.86
-71.85
-71.85
-71.86
-71.86
-71.86
-71.86
-71.95
-71.95
-71.92
-71.92
-71.91
-71.91
-72.45
-72.45
-72.45
-72.45
-72.54
-72.54
-72.84
-72.96
-72.95
-72.95
-72.95
-72.95
-72.95
-72.71
-72.76
-72.76
-72.77
-73.24
-73.22
-73.22
-73.21
-73.21
-73.20
-73.19
-73.19
-73.27
-73.27
-73.23
-73.21
-73.21
-73.20
-73.20
-73.19
-73.18
-73.17
-73.25
-73.85
-73.80
-73.78
-73.54
-73.53
-73.52
-73.51
-73.51
-73.50
-73.55
-73.55
-73.55
-73.48
-73.48
-73.47
-73.46
-73.46
-73.45
-73.45
-73.44
-73.49
-73.49
-73.42
-73.41
-73.40
-73.40
-73.68
-73.68
-73.67
-73.63
-73.51
-73.52
-73.44
-73.44
-73.44
-73.44
-73.44
-73.44
-73.45
-73.45
-73.50
-73.51
-73.50
-73.43
-73.43
-73.43
-73.43
-73.44
-73.44
-73.44
-73.50
-73.50
-73.73
-73.66
-73.66
-73.67
-73.06
-73.07
-73.07
-73.07
-73.08
-73.13
-73.12
-73.06
-73.06
-73.06
-73.06
-73.07
-73.07
-73.08
-73.08
-73.14
-73.13
-73.07
-73.07
-73.07
-73.08
-73.08
-73.27
-73.27
-73.28
-73.34
-73.34
-72.73
-72.73
-72.73
-72.73
-72.73
-72.73
-72.72
-72.72
-72.73
-72.78
-72.77
-72.72
-72.73
-72.73
-72.72
-72.72
-72.72
-72.72
-72.72
-72.76
-72.76
-72.71
-73.26
-73.26
-73.26
-73.26
-72.84
-72.84
-72.85
-72.90
-72.90
-72.90
-72.84
