Frequency: 1.000000
Sample Rate: 2000000.000000
Vector Length: 1
Notes: 
-379.30
-94.90
-91.65
-86.43
-85.87
-85.38
-85.01
-84.64
-84.32
-84.03
-83.74
-83.48
-83.02
-81.76
-81.59
-81.42
-81.27
-81.12
-80.96
-80.82
-80.69
-80.56
-80.43
-79.81
-79.70
-79.60
-79.50
-79.39
-79.29
-79.19
-79.09
-79.00
-78.91
-78.52
-78.44
-78.36
-78.28
-78.21
-78.13
-78.06
-77.98
-77.87
-77.80
-77.43
-77.36
-77.30
-77.24
-77.18
-77.15
-77.15
-77.15
-77.15
-77.43
-77.11
-77.12
-77.12
-77.12
-77.12
-77.12
-77.12
-77.12
-77.21
-77.50
-77.19
-77.19
-77.19
-77.19
-77.19
-77.19
-77.19
-77.19
-77.19
-77.45
-77.18
-77.18
-77.18
-77.18
-77.18
-77.19
-77.19
-77.19
-77.19
-77.41
-77.13
-77.13
-77.13
-77.13
-77.13
-77.13
-77.13
-77.17
-77.17
-77.45
-77.17
-77.17
-77.17
-77.17
-77.17
-77.16
-77.16
-77.16
-77.32
-77.48
-77.19
-77.19
-77.19
-77.19
-77.19
-77.19
-77.19
-77.18
-77.32
-77.50
-77.22
-77.22
-77.22
-77.22
-77.22
-77.22
-77.22
-77.22
-77.31
-77.50
-77.23
-77.23
-77.23
-77.23
-77.23
-77.23
-77.23
-77.23
-77.23
-77.32
-77.18
-77.18
-77.18
-77.18
-77.18
-77.17
-77.17
-77.18
-77.46
-77.35
-77.20
-77.21
-77.21
-77.21
-77.21
-77.21
-77.21
-77.21
-77.22
-77.40
-77.22
-77.22
-77.22
-77.22
-77.22
-77.23
-77.23
-77.23
-77.51
-77.22
-77.22
-77.22
-77.22
-77.22
-77.22
-77.22
-77.23
-77.23
-77.49
-77.25
-77.25
-77.25
-77.25
-77.25
-77.24
-77.24
-77.25
-77.24
-77.58
-77.27
-77.27
-77.27
-77.27
-77.27
-77.27
-77.27
-77.27
-77.27
-77.53
-77.24
-77.24
-77.24
-77.24
-77.24
-77.24
-77.24
-77.25
-77.24
-77.52
-77.19
-77.19
-77.19
-77.18
-77.19
-77.19
-77.19
-77.19
-77.19
-77.48
-77.19
-77.19
-77.19
-77.19
-77.18
-77.18
-77.18
-77.18
-77.18
-77.42
-77.14
-77.14
-77.14
-77.14
-77.14
-77.14
-77.14
-77.14
-77.14
-77.44
-77.12
-77.13
-77.13
-77.13
-77.09
-77.10
-77.09
-77.09
-77.09
-77.36
-77.06
-77.06
-77.06
-77.06
-77.06
-77.06
-77.06
-77.06
-77.06
-77.38
-77.09
-77.09
-77.08
-77.08
-77.08
-77.08
-77.08
-77.08
-77.08
-77.35
-77.07
-77.03
-77.03
-77.03
-77.03
-77.04
-77.03
-77.04
-77.04
-77.31
-77.06
-76.99
-76.99
-76.99
-77.00
-77.00
-77.00
-76.99
-77.00
-77.30
-77.11
-77.02
-77.02
-77.06
-77.05
-77.06
-77.05
-77.06
-77.06
-77.37
-77.20
-77.08
-77.08
-77.08
-77.08
-77.08
-77.08
-77.08
-77.08
-77.38
-77.25
-77.10
-77.10
-77.10
-77.10
-77.10
-77.05
-77.05
-77.05
-77.37
-77.26
-77.00
-77.00
-77.00
-77.00
-77.00
-77.00
-76.99
-76.99
-77.29
-77.23
-76.96
-76.96
-76.96
-76.96
-76.96
-76.96
-76.96
-76.96
-77.17
-77.08
-76.73
-76.73
-76.73
-76.73
-76.73
-76.73
-76.73
-76.72
-76.90
-76.97
-76.68
-76.68
-76.68
-76.68
-76.68
-76.68
-76.68
-76.69
-76.82
-76.94
-76.69
-76.69
-76.69
-76.69
-76.74
-76.74
-76.74
-76.74
-76.91
-77.09
-76.78
-76.78
-76.78
-76.78
-76.79
-76.79
-76.79
-76.79
-76.89
-77.12
-76.83
-76.83
-76.84
-76.84
-76.84
-76.84
-76.84
-76.84
-77.01
-77.36
-77.03
-77.03
-77.03
-77.03
-77.03
-77.03
-77.03
-77.03
-77.07
-77.36
-77.05
-77.05
-77.05
-77.05
-77.05
-77.05
-77.05
-77.04
-77.05
-77.32
-77.01
-77.00
-77.00
-77.00
-77.01
-77.01
-77.01
-77.01
-77.02
-77.34
-76.99
-76.99
-76.99
-76.99
-76.99
-76.98
-76.99
-76.99
-76.99
-77.29
-77.01
-77.01
-77.01
-77.00
-77.00
-77.00
-77.00
-77.00
-77.00
-77.29
-77.04
-77.04
-77.04
-77.04
-77.05
-77.04
-77.04
-77.04
-77.04
-77.34
-77.04
-77.04
-77.04
-77.04
-77.04
-77.04
-77.04
-77.04
-77.04
-77.36
-77.03
-77.03
-77.03
-77.02
-77.02
-77.02
-77.01
-77.01
-77.02
-77.37
-77.09
-77.09
-77.04
-77.04
-77.05
-77.05
-77.04
-77.04
-77.04
-77.32
-77.03
-77.03
-77.03
-77.03
-77.04
-77.04
-77.04
-77.04
-77.07
-77.33
-77.03
-77.03
-77.03
-77.03
-77.03
-77.03
