Frequency: 1.000000
Sample Rate: 2000000.000000
Vector Length: 1
Notes: 
-379.30
-95.38
-90.70
-89.33
-88.45
-87.58
-86.77
-86.26
-85.80
-85.38
-85.00
-84.63
-84.30
-84.00
-83.71
-83.45
-83.13
-82.90
-82.68
-82.48
-82.24
-82.05
-81.86
-81.68
-81.52
-81.36
-81.16
-81.01
-80.87
-80.73
-80.59
-80.46
-80.33
-80.22
-80.10
-79.98
-79.84
-79.73
-79.62
-79.52
-79.42
-79.32
-79.23
-79.13
-79.04
-78.95
-78.83
-78.75
-78.73
-78.72
-78.72
-78.72
-78.72
-78.72
-78.73
-78.76
-78.72
-78.72
-78.72
-78.72
-78.72
-78.72
-78.73
-78.73
-78.75
-78.73
-78.72
-78.72
-78.72
-78.73
-78.73
-78.74
-78.74
-78.74
-78.77
-78.74
-78.75
-78.75
-78.75
-78.74
-78.75
-78.75
-78.75
-78.74
-78.77
-78.74
-78.74
-78.74
-78.74
-78.73
-78.73
-78.73
-78.73
-78.73
-78.76
-78.73
-78.73
-78.74
-78.73
-78.73
-78.73
-78.72
-78.72
-78.73
-78.75
-78.73
-78.74
-78.74
-78.74
-78.74
-78.74
-78.74
-78.73
-78.73
-78.75
-78.73
-78.73
-78.72
-78.72
-78.72
-78.71
-78.72
-78.72
-78.71
-78.74
-78.72
-78.72
-78.72
-78.72
-78.71
-78.71
-78.71
-78.71
-78.73
-78.74
-78.71
-78.71
-78.71
-78.71
-78.71
-78.71
-78.71
-78.72
-78.73
-78.74
-78.71
-78.71
-78.71
-78.71
-78.72
-78.72
-78.71
-78.71
-78.72
-78.74
-78.71
-78.71
-78.72
-78.72
-78.71
-78.71
-78.72
-78.72
-78.74
-78.73
-78.72
-78.72
-78.73
-78.72
-78.72
-78.71
-78.71
-78.71
-78.73
-78.71
-78.70
-78.70
-78.70
-78.70
-78.71
-78.70
-78.70
-78.70
-78.72
-78.71
-78.70
-78.70
-78.71
-78.71
-78.70
-78.69
-78.69
-78.69
-78.70
-78.71
-78.69
-78.69
-78.69
-78.69
-78.70
-78.70
-78.71
-78.71
-78.73
-78.72
-78.70
-78.70
-78.70
-78.70
-78.71
-78.71
-78.70
-78.71
-78.73
-78.73
-78.71
-78.71
-78.71
-78.71
-78.72
-78.72
-78.72
-78.72
-78.74
-78.74
-78.73
-78.73
-78.74
-78.73
-78.74
-78.74
-78.74
-78.74
-78.76
-78.77
-78.75
-78.75
-78.74
-78.75
-78.76
-78.76
-78.75
-78.75
-78.77
-78.78
-78.77
-78.77
-78.77
-78.77
-78.76
-78.77
-78.77
-78.76
-78.77
-78.79
-78.77
-78.78
-78.77
-78.77
-78.77
-78.77
-78.76
-78.77
-78.77
-78.79
-78.78
-78.78
-78.78
-78.78
-78.78
-78.78
-78.78
-78.77
-78.78
-78.79
-78.78
-78.78
-78.78
-78.78
-78.78
-78.78
-78.78
-78.77
-78.77
-78.79
-78.78
-78.78
-78.78
-78.78
-78.78
-78.78
-78.78
-78.78
-78.77
-78.78
-78.76
-78.76
-78.76
-78.76
-78.76
-78.77
-78.77
-78.77
-78.78
-78.77
-78.77
-78.77
-78.77
-78.77
-78.77
-78.77
-78.77
-78.77
-78.78
-78.76
-78.76
-78.76
-78.76
-78.77
-78.77
-78.78
-78.78
-78.77
-78.78
-78.77
-78.76
-78.76
-78.76
-78.76
-78.76
-78.76
-78.76
-78.77
-78.78
-78.77
-78.76
-78.76
-78.76
-78.76
-78.76
-78.76
-78.76
-78.76
-78.78
-78.77
-78.76
-78.76
-78.76
-78.76
-78.76
-78.76
-78.75
-78.75
-78.77
-78.76
-78.75
-78.75
-78.75
-78.75
-78.75
-78.76
-78.75
-78.76
-78.77
-78.77
-78.75
-78.75
-78.75
-78.75
-78.75
-78.75
-78.75
-78.75
-78.77
-78.77
-78.75
-78.75
-78.75
-78.75
-78.75
-78.75
-78.75
-78.75
-78.77
-78.78
-78.75
-78.75
-78.75
-78.75
-78.76
-78.75
-78.75
-78.75
-78.76
-78.77
-78.75
-78.75
-78.75
-78.75
-78.75
-78.75
-78.76
-78.75
-78.77
-78.78
-78.75
-78.75
-78.75
-78.75
-78.75
-78.75
-78.74
-78.75
-78.75
-78.77
-78.74
-78.75
-78.74
-78.74
-78.74
-78.74
-78.74
-78.74
-78.74
-78.76
-78.73
-78.73
-78.74
-78.73
-78.73
-78.73
-78.73
-78.73
-78.74
-78.76
-78.73
-78.73
-78.73
-78.73
-78.74
-78.73
-78.73
-78.73
-78.73
-78.75
-78.72
-78.72
-78.72
-78.72
-78.72
-78.72
-78.72
-78.72
-78.72
-78.74
-78.71
-78.71
-78.71
-78.71
-78.71
-78.71
-78.71
-78.71
-78.71
-78.74
-78.71
-78.71
-78.72
-78.72
-78.71
-78.71
-78.71
-78.71
-78.71
-78.74
-78.71
-78.71
-78.72
-78.72
-78.71
-78.72
-78.72
-78.72
-78.72
-78.75
-78.73
-78.72
