Frequency: 1.000000
Sample Rate: 2000000.000000
Vector Length: 1
Notes: 
-379.30
-96.19
-91.19
-89.45
-88.38
-87.69
-87.03
-86.48
-86.01
-85.59
-85.19
-84.82
-84.49
-84.20
-83.91
-83.62
-83.36
-83.11
-82.88
-82.67
-82.47
-82.28
-82.09
-81.92
-81.75
-81.58
-81.43
-81.27
-81.11
-80.97
-80.83
-80.70
-80.57
-80.45
-80.32
-80.19
-80.08
-79.96
-79.84
-79.73
-79.62
-79.52
-79.42
-79.33
-79.23
-79.14
-79.05
-78.96
-78.92
-78.92
-78.92
-78.92
-78.92
-78.92
-78.92
-78.93
-78.92
-78.92
-78.93
-78.93
-78.93
-78.93
-78.93
-78.93
-78.93
-78.94
-78.94
-78.94
-78.94
-78.93
-78.93
-78.92
-78.92
-78.93
-78.92
-78.92
-78.93
-78.93
-78.93
-78.92
-78.92
-78.91
-78.91
-78.92
-78.92
-78.92
-78.92
-78.93
-78.93
-78.93
-78.92
-78.92
-78.92
-78.92
-78.91
-78.91
-78.91
-78.90
-78.90
-78.91
-78.90
-78.91
-78.91
-78.90
-78.91
-78.90
-78.90
-78.90
-78.90
-78.91
-78.90
-78.90
-78.90
-78.90
-78.90
-78.90
-78.91
-78.91
-78.91
-78.91
-78.91
-78.90
-78.90
-78.90
-78.90
-78.90
-78.90
-78.90
-78.90
-78.91
-78.91
-78.91
-78.91
-78.91
-78.91
-78.91
-78.90
-78.91
-78.90
-78.91
-78.91
-78.91
-78.91
-78.91
-78.91
-78.91
-78.91
-78.91
-78.90
-78.91
-78.91
-78.91
-78.91
-78.91
-78.91
-78.91
-78.90
-78.91
-78.90
-78.90
-78.90
-78.90
-78.89
-78.89
-78.89
-78.89
-78.89
-78.89
-78.89
-78.89
-78.89
-78.89
-78.89
-78.89
-78.89
-78.89
-78.89
-78.89
-78.88
-78.88
-78.88
-78.88
-78.88
-78.89
-78.89
-78.88
-78.88
-78.88
-78.88
-78.88
-78.88
-78.87
-78.87
-78.88
-78.87
-78.87
-78.87
-78.88
-78.88
-78.87
-78.87
-78.87
-78.87
-78.87
-78.87
-78.87
-78.87
-78.87
-78.88
-78.87
-78.87
-78.87
-78.88
-78.88
-78.88
-78.87
-78.88
-78.88
-78.88
-78.88
-78.88
-78.88
-78.87
-78.88
-78.87
-78.87
-78.87
-78.87
-78.87
-78.88
-78.87
-78.87
-78.87
-78.87
-78.88
-78.88
-78.88
-78.88
-78.88
-78.88
-78.88
-78.88
-78.88
-78.88
-78.89
-78.88
-78.88
-78.88
-78.88
-78.88
-78.89
-78.89
-78.89
-78.89
-78.89
-78.88
-78.88
-78.88
-78.88
-78.88
-78.88
-78.88
-78.88
-78.88
-78.88
-78.87
-78.87
-78.87
-78.87
-78.87
-78.87
-78.87
-78.87
-78.87
-78.87
-78.87
-78.87
-78.88
-78.88
-78.88
-78.88
-78.89
-78.89
-78.89
-78.90
-78.89
-78.89
-78.89
-78.89
-78.89
-78.89
-78.89
-78.89
-78.88
-78.88
-78.88
-78.88
-78.88
-78.88
-78.88
-78.88
-78.87
-78.88
-78.88
-78.88
-78.88
-78.88
-78.88
-78.87
-78.87
-78.87
-78.87
-78.87
-78.87
-78.87
-78.88
-78.88
-78.87
-78.88
-78.88
-78.88
-78.88
-78.88
-78.88
-78.88
-78.88
-78.87
-78.87
-78.87
-78.86
-78.86
-78.85
-78.85
-78.85
-78.85
-78.86
-78.85
-78.86
-78.86
-78.86
-78.86
-78.86
-78.86
-78.87
-78.87
-78.86
-78.86
-78.87
-78.87
-78.87
-78.87
-78.87
-78.87
-78.87
-78.87
-78.87
-78.87
-78.87
-78.88
-78.88
-78.88
-78.88
-78.88
-78.89
-78.89
-78.89
-78.90
-78.89
-78.89
-78.90
-78.90
-78.90
-78.90
-78.90
-78.90
-78.90
-78.90
-78.90
-78.90
-78.90
-78.90
-78.91
-78.91
-78.91
-78.91
-78.91
-78.91
-78.90
-78.91
-78.91
-78.91
-78.91
-78.91
-78.90
-78.91
-78.91
-78.90
-78.90
-78.90
-78.90
-78.90
-78.91
-78.91
-78.91
-78.91
-78.91
-78.92
-78.91
-78.91
-78.91
-78.91
-78.91
-78.91
-78.91
-78.91
-78.91
-78.91
-78.91
-78.91
-78.90
-78.90
-78.90
-78.90
-78.90
-78.90
-78.90
-78.90
-78.91
-78.91
-78.90
-78.90
-78.90
-78.90
-78.90
-78.90
-78.90
-78.90
-78.89
-78.89
-78.89
-78.89
-78.89
-78.90
-78.90
-78.90
-78.90
-78.90
-78.90
-78.90
-78.90
-78.90
-78.89
-78.89
-78.89
-78.89
-78.88
-78.88
-78.88
-78.88
-78.87
-78.87
-78.87
-78.86
-78.86
-78.86
-78.86
-78.86
-78.86
-78.86
-78.85
-78.86
-78.86
-78.86
-78.86
-78.86
-78.86
-78.86
-78.86
-78.86
-78.86
-78.86
-78.86
-78.86
-78.86
