Frequency: 1.000000
Sample Rate: 2000000.000000
Vector Length: 1
Notes: 
-379.30
-95.33
-91.29
-89.76
-88.80
-88.01
-87.36
-86.78
-86.26
-85.81
-85.40
-85.02
-84.68
-84.35
-84.05
-83.77
-83.52
-83.27
-83.04
-82.81
-82.60
-82.40
-82.20
-82.00
-81.82
-81.65
-81.46
-81.30
-81.15
-81.00
-80.86
-80.73
-80.59
-80.46
-80.33
-80.21
-80.09
-79.98
-79.87
-79.76
-79.66
-79.55
-79.45
-79.35
-79.25
-79.16
-79.07
-78.98
-78.93
-78.92
-78.91
-78.91
-78.91
-78.91
-78.91
-78.92
-78.91
-78.91
-78.91
-78.92
-78.91
-78.92
-78.92
-78.92
-78.92
-78.92
-78.92
-78.92
-78.92
-78.92
-78.93
-78.93
-78.93
-78.93
-78.93
-78.93
-78.93
-78.93
-78.93
-78.94
-78.94
-78.94
-78.94
-78.95
-78.95
-78.95
-78.95
-78.94
-78.93
-78.94
-78.93
-78.94
-78.93
-78.93
-78.93
-78.94
-78.94
-78.94
-78.94
-78.94
-78.95
-78.94
-78.94
-78.94
-78.95
-78.95
-78.95
-78.94
-78.94
-78.95
-78.95
-78.95
-78.95
-78.95
-78.95
-78.95
-78.95
-78.95
-78.96
-78.96
-78.96
-78.96
-78.97
-78.97
-78.97
-78.97
-78.97
-78.97
-78.98
-78.98
-78.98
-78.97
-78.98
-78.97
-78.97
-78.98
-78.99
-78.99
-78.99
-78.99
-79.00
-79.00
-79.00
-78.99
-78.99
-78.99
-78.99
-78.99
-79.00
-79.00
-79.00
-79.00
-78.99
-78.99
-78.99
-78.99
-79.00
-78.99
-78.99
-78.98
-78.98
-78.98
-78.98
-78.98
-78.98
-78.97
-78.97
-78.97
-78.97
-78.97
-78.97
-78.97
-78.96
-78.95
-78.95
-78.95
-78.95
-78.94
-78.94
-78.94
-78.93
-78.93
-78.94
-78.93
-78.93
-78.93
-78.93
-78.93
-78.92
-78.92
-78.92
-78.92
-78.92
-78.92
-78.92
-78.91
-78.91
-78.91
-78.91
-78.91
-78.91
-78.91
-78.91
-78.90
-78.90
-78.90
-78.90
-78.90
-78.90
-78.90
-78.90
-78.89
-78.89
-78.89
-78.89
-78.90
-78.90
-78.90
-78.90
-78.89
-78.89
-78.89
-78.90
-78.90
-78.91
-78.91
-78.91
-78.92
-78.92
-78.92
-78.92
-78.92
-78.92
-78.92
-78.92
-78.92
-78.92
-78.92
-78.92
-78.91
-78.92
-78.91
-78.91
-78.91
-78.91
-78.92
-78.92
-78.92
-78.91
-78.92
-78.92
-78.93
-78.93
-78.93
-78.93
-78.93
-78.93
-78.93
-78.94
-78.94
-78.94
-78.94
-78.94
-78.93
-78.93
-78.93
-78.93
-78.94
-78.94
-78.94
-78.93
-78.93
-78.93
-78.92
-78.92
-78.92
-78.92
-78.92
-78.91
-78.91
-78.91
-78.92
-78.92
-78.92
-78.92
-78.92
-78.93
-78.93
-78.93
-78.93
-78.94
-78.94
-78.93
-78.93
-78.93
-78.93
-78.93
-78.94
-78.94
-78.94
-78.93
-78.92
-78.92
-78.92
-78.92
-78.93
-78.93
-78.92
-78.93
-78.93
-78.93
-78.93
-78.92
-78.93
-78.93
-78.92
-78.92
-78.92
-78.93
-78.93
-78.93
-78.93
-78.93
-78.93
-78.93
-78.93
-78.93
-78.94
-78.94
-78.94
-78.94
-78.94
-78.94
-78.94
-78.94
-78.93
-78.93
-78.93
-78.92
-78.92
-78.92
-78.92
-78.93
-78.92
-78.92
-78.92
-78.91
-78.91
-78.91
-78.91
-78.91
-78.91
-78.91
-78.91
-78.91
-78.91
-78.90
-78.90
-78.90
-78.90
-78.90
-78.90
-78.90
-78.90
-78.90
-78.90
-78.90
-78.90
-78.90
-78.90
-78.90
-78.89
-78.90
-78.89
-78.90
-78.90
-78.89
-78.89
-78.89
-78.89
-78.89
-78.89
-78.89
-78.89
-78.89
-78.89
-78.89
-78.90
-78.90
-78.90
-78.91
-78.91
-78.91
-78.91
-78.91
-78.92
-78.92
-78.92
-78.92
-78.92
-78.93
-78.93
-78.93
-78.92
-78.93
-78.93
-78.93
-78.93
-78.93
-78.93
-78.94
-78.93
-78.93
-78.93
-78.93
-78.93
-78.93
-78.93
-78.92
-78.92
-78.92
-78.92
-78.92
-78.92
-78.92
-78.92
-78.92
-78.91
-78.91
-78.91
-78.91
-78.91
-78.91
-78.91
-78.91
-78.92
-78.92
-78.91
-78.92
-78.91
-78.91
-78.91
-78.91
-78.90
-78.90
-78.90
-78.90
-78.90
-78.91
-78.91
-78.90
-78.90
-78.91
-78.91
-78.91
-78.92
-78.92
-78.92
-78.92
-78.92
-78.92
-78.92
-78.92
-78.92
-78.92
-78.92
-78.92
-78.93
-78.93
-78.92
-78.93
-78.93
-78.93
-78.92
-78.92
-78.92
-78.92
-78.92
-78.92
-78.92
-78.91
-78.91
-78.91
-78.91
-78.91
-78.91
