Frequency: 1.000000
Sample Rate: 2000000.000000
Vector Length: 1
Notes: 
-379.30
-95.97
-91.84
-90.16
-89.11
-88.26
-87.57
-86.95
-86.42
-85.86
-85.44
-85.08
-84.72
-84.39
-84.09
-83.80
-83.54
-83.29
-83.06
-82.84
-82.63
-82.43
-82.24
-82.05
-81.87
-81.70
-81.53
-81.37
-81.21
-81.07
-80.93
-80.79
-80.65
-80.53
-80.40
-80.28
-80.16
-80.04
-79.93
-79.82
-79.71
-79.61
-79.51
-79.40
-79.31
-79.21
-79.12
-79.03
-78.96
-78.93
-78.92
-78.93
-78.93
-78.93
-78.93
-78.92
-78.92
-78.92
-78.93
-78.93
-78.93
-78.93
-78.93
-78.93
-78.93
-78.93
-78.93
-78.93
-78.93
-78.93
-78.92
-78.92
-78.92
-78.93
-78.93
-78.93
-78.93
-78.93
-78.93
-78.93
-78.93
-78.93
-78.93
-78.93
-78.93
-78.93
-78.93
-78.93
-78.93
-78.92
-78.92
-78.92
-78.93
-78.92
-78.93
-78.93
-78.93
-78.93
-78.93
-78.92
-78.93
-78.93
-78.93
-78.94
-78.94
-78.94
-78.95
-78.95
-78.95
-78.95
-78.95
-78.96
-78.96
-78.95
-78.95
-78.95
-78.95
-78.95
-78.95
-78.95
-78.95
-78.95
-78.95
-78.95
-78.95
-78.95
-78.94
-78.95
-78.94
-78.94
-78.94
-78.94
-78.94
-78.95
-78.95
-78.95
-78.95
-78.95
-78.95
-78.95
-78.95
-78.96
-78.95
-78.95
-78.95
-78.95
-78.95
-78.95
-78.95
-78.95
-78.95
-78.95
-78.95
-78.95
-78.94
-78.94
-78.94
-78.94
-78.94
-78.94
-78.94
-78.94
-78.94
-78.94
-78.94
-78.95
-78.95
-78.95
-78.96
-78.96
-78.96
-78.96
-78.96
-78.96
-78.96
-78.97
-78.97
-78.97
-78.97
-78.97
-78.97
-78.97
-78.96
-78.96
-78.96
-78.96
-78.97
-78.97
-78.97
-78.96
-78.96
-78.97
-78.97
-78.97
-78.97
-78.97
-78.96
-78.97
-78.97
-78.97
-78.96
-78.97
-78.97
-78.97
-78.97
-78.97
-78.97
-78.97
-78.98
-78.98
-78.97
-78.97
-78.97
-78.97
-78.96
-78.96
-78.95
-78.95
-78.95
-78.95
-78.95
-78.95
-78.95
-78.95
-78.95
-78.95
-78.94
-78.94
-78.94
-78.94
-78.94
-78.95
-78.95
-78.95
-78.95
-78.95
-78.95
-78.95
-78.95
-78.95
-78.95
-78.95
-78.95
-78.95
-78.95
-78.95
-78.95
-78.95
-78.95
-78.95
-78.95
-78.94
-78.94
-78.94
-78.94
-78.94
-78.94
-78.93
-78.93
-78.94
-78.94
-78.94
-78.94
-78.94
-78.94
-78.95
-78.95
-78.95
-78.96
-78.96
-78.96
-78.96
-78.96
-78.96
-78.96
-78.96
-78.96
-78.96
-78.96
-78.96
-78.96
-78.96
-78.96
-78.96
-78.95
-78.95
-78.95
-78.95
-78.95
-78.95
-78.95
-78.95
-78.95
-78.95
-78.95
-78.95
-78.95
-78.95
-78.95
-78.95
-78.95
-78.95
-78.95
-78.95
-78.95
-78.95
-78.96
-78.96
-78.96
-78.96
-78.95
-78.95
-78.95
-78.95
-78.95
-78.95
-78.95
-78.94
-78.94
-78.94
-78.94
-78.94
-78.94
-78.94
-78.93
-78.94
-78.94
-78.94
-78.94
-78.95
-78.94
-78.95
-78.94
-78.95
-78.95
-78.95
-78.95
-78.95
-78.95
-78.95
-78.95
-78.95
-78.95
-78.94
-78.94
-78.94
-78.94
-78.93
-78.93
-78.93
-78.93
-78.93
-78.93
-78.92
-78.92
-78.92
-78.92
-78.92
-78.92
-78.92
-78.92
-78.92
-78.92
-78.92
-78.92
-78.92
-78.92
-78.92
-78.92
-78.92
-78.92
-78.91
-78.91
-78.91
-78.92
-78.91
-78.92
-78.92
-78.92
-78.91
-78.91
-78.91
-78.90
-78.91
-78.90
-78.90
-78.90
-78.90
-78.90
-78.91
-78.91
-78.91
-78.91
-78.91
-78.91
-78.91
-78.92
-78.92
-78.93
-78.93
-78.93
-78.93
-78.94
-78.94
-78.93
-78.94
-78.94
-78.94
-78.94
-78.94
-78.94
-78.94
-78.95
-78.95
-78.95
-78.96
-78.95
-78.95
-78.95
-78.96
-78.96
-78.96
-78.96
-78.96
-78.96
-78.95
-78.95
-78.95
-78.95
-78.95
-78.95
-78.95
-78.95
-78.96
-78.96
-78.96
-78.95
-78.95
-78.95
-78.94
-78.95
-78.95
-78.94
-78.94
-78.94
-78.95
-78.94
-78.94
-78.94
-78.93
-78.93
-78.93
-78.93
-78.93
-78.92
-78.93
-78.92
-78.93
-78.92
-78.92
-78.92
-78.91
-78.91
-78.91
-78.91
-78.91
-78.91
-78.92
-78.92
-78.92
-78.92
-78.92
-78.92
-78.92
-78.93
-78.92
-78.93
-78.93
-78.93
-78.93
-78.93
-78.93
-78.93
-78.93
-78.93
-78.93
