Frequency: 1.000000
Sample Rate: 2000000.000000
Vector Length: 1
Notes: 
-379.30
-93.68
-90.98
-89.51
-88.59
-87.84
-87.18
-86.61
-86.09
-85.63
-85.23
-84.83
-84.49
-84.17
-83.88
-83.60
-83.34
-83.09
-82.85
-82.64
-82.43
-82.24
-82.05
-81.87
-81.69
-81.52
-81.36
-81.21
-81.06
-80.91
-80.78
-80.64
-80.51
-80.38
-80.26
-80.14
-80.02
-79.91
-79.80
-79.69
-79.58
-79.47
-79.37
-79.27
-79.17
-79.08
-78.99
-78.90
-78.84
-78.84
-78.84
-78.83
-78.84
-78.83
-78.84
-78.84
-78.84
-78.85
-78.85
-78.86
-78.86
-78.87
-78.87
-78.87
-78.88
-78.87
-78.87
-78.88
-78.87
-78.87
-78.86
-78.86
-78.87
-78.87
-78.86
-78.86
-78.86
-78.86
-78.85
-78.85
-78.85
-78.85
-78.85
-78.85
-78.85
-78.84
-78.84
-78.84
-78.85
-78.85
-78.85
-78.85
-78.86
-78.85
-78.85
-78.84
-78.84
-78.84
-78.83
-78.84
-78.83
-78.83
-78.83
-78.83
-78.83
-78.83
-78.83
-78.83
-78.82
-78.83
-78.83
-78.82
-78.82
-78.83
-78.84
-78.84
-78.84
-78.85
-78.85
-78.85
-78.86
-78.86
-78.86
-78.86
-78.87
-78.87
-78.88
-78.87
-78.87
-78.87
-78.88
-78.87
-78.87
-78.87
-78.87
-78.88
-78.87
-78.88
-78.88
-78.87
-78.87
-78.88
-78.88
-78.88
-78.89
-78.88
-78.88
-78.88
-78.88
-78.88
-78.88
-78.88
-78.88
-78.88
-78.88
-78.87
-78.87
-78.86
-78.86
-78.86
-78.86
-78.86
-78.86
-78.85
-78.85
-78.84
-78.84
-78.84
-78.83
-78.83
-78.83
-78.82
-78.82
-78.82
-78.82
-78.82
-78.83
-78.82
-78.82
-78.81
-78.82
-78.81
-78.82
-78.82
-78.81
-78.81
-78.81
-78.81
-78.81
-78.81
-78.81
-78.81
-78.81
-78.81
-78.81
-78.81
-78.81
-78.81
-78.81
-78.81
-78.81
-78.81
-78.81
-78.81
-78.82
-78.82
-78.82
-78.82
-78.82
-78.82
-78.82
-78.81
-78.81
-78.82
-78.82
-78.82
-78.82
-78.82
-78.82
-78.82
-78.82
-78.83
-78.83
-78.83
-78.83
-78.82
-78.83
-78.83
-78.84
-78.83
-78.83
-78.83
-78.83
-78.83
-78.84
-78.84
-78.84
-78.84
-78.83
-78.83
-78.83
-78.83
-78.83
-78.83
-78.83
-78.83
-78.83
-78.83
-78.83
-78.84
-78.83
-78.83
-78.83
-78.83
-78.83
-78.83
-78.83
-78.83
-78.83
-78.83
-78.83
-78.83
-78.83
-78.83
-78.84
-78.83
-78.84
-78.84
-78.84
-78.84
-78.84
-78.83
-78.83
-78.83
-78.83
-78.82
-78.82
-78.82
-78.82
-78.83
-78.83
-78.83
-78.83
-78.83
-78.83
-78.83
-78.83
-78.83
-78.83
-78.83
-78.83
-78.83
-78.82
-78.83
-78.82
-78.82
-78.82
-78.82
-78.82
-78.82
-78.83
-78.83
-78.83
-78.83
-78.83
-78.82
-78.82
-78.82
-78.82
-78.82
-78.82
-78.82
-78.82
-78.82
-78.82
-78.82
-78.82
-78.82
-78.81
-78.81
-78.81
-78.82
-78.81
-78.82
-78.82
-78.82
-78.82
-78.82
-78.82
-78.82
-78.82
-78.82
-78.82
-78.82
-78.83
-78.83
-78.83
-78.82
-78.82
-78.82
-78.82
-78.83
-78.83
-78.83
-78.83
-78.83
-78.83
-78.83
-78.83
-78.83
-78.84
-78.84
-78.84
-78.84
-78.84
-78.84
-78.84
-78.84
-78.84
-78.84
-78.84
-78.84
-78.84
-78.84
-78.84
-78.85
-78.85
-78.85
-78.85
-78.85
-78.85
-78.84
-78.84
-78.84
-78.84
-78.84
-78.84
-78.85
-78.85
-78.84
-78.84
-78.84
-78.84
-78.84
-78.85
-78.85
-78.86
-78.86
-78.86
-78.86
-78.86
-78.86
-78.86
-78.86
-78.86
-78.86
-78.86
-78.86
-78.86
-78.85
-78.85
-78.85
-78.85
-78.86
-78.86
-78.86
-78.86
-78.86
-78.86
-78.86
-78.86
-78.85
-78.85
-78.85
-78.85
-78.85
-78.85
-78.85
-78.85
-78.85
-78.85
-78.86
-78.86
-78.86
-78.85
-78.85
-78.85
-78.85
-78.85
-78.85
-78.85
-78.84
-78.84
-78.84
-78.83
-78.83
-78.83
-78.83
-78.83
-78.82
-78.82
-78.82
-78.82
-78.83
-78.83
-78.83
-78.82
-78.83
-78.83
-78.83
-78.84
-78.84
-78.84
-78.84
-78.84
-78.83
-78.83
-78.83
-78.84
-78.84
-78.84
-78.84
-78.84
-78.85
-78.85
-78.85
-78.85
-78.85
-78.85
-78.85
-78.85
-78.85
-78.85
-78.85
-78.85
-78.85
-78.85
-78.85
-78.85
-78.86
-78.86
-78.86
-78.86
-78.86
-78.86
-78.87
-78.87
