Frequency: 1.000000
Sample Rate: 2000000.000000
Vector Length: 1
Notes: 
-379.30
-97.44
-91.87
-89.76
-88.80
-88.01
-87.35
-86.77
-86.26
-85.83
-85.41
-85.04
-84.68
-84.37
-84.05
-83.77
-83.50
-83.24
-83.01
-82.79
-82.58
-82.37
-82.19
-82.01
-81.83
-81.66
-81.49
-81.34
-81.19
-81.04
-80.90
-80.76
-80.62
-80.49
-80.37
-80.24
-80.12
-79.99
-79.92
-79.74
-79.62
-79.49
-79.39
-79.29
-79.19
-79.09
-79.00
-78.93
-78.91
-78.90
-78.90
-78.90
-78.90
-78.90
-78.90
-78.90
-78.90
-78.90
-78.90
-78.90
-78.90
-78.90
-78.90
-78.90
-78.90
-78.91
-78.91
-78.91
-78.91
-78.91
-78.91
-78.91
-78.91
-78.91
-78.91
-78.91
-78.91
-78.91
-78.91
-78.91
-78.92
-78.92
-78.92
-78.92
-78.93
-78.92
-78.93
-78.93
-78.93
-78.93
-78.93
-78.94
-78.94
-78.94
-78.94
-78.95
-78.95
-78.94
-78.94
-78.94
-78.93
-78.94
-78.94
-78.94
-78.94
-78.94
-78.94
-78.94
-78.94
-78.95
-78.95
-78.95
-78.95
-78.95
-78.95
-78.95
-78.95
-78.95
-78.95
-78.95
-78.95
-78.95
-78.95
-78.95
-78.95
-78.95
-78.95
-78.95
-78.95
-78.94
-78.94
-78.94
-78.94
-78.93
-78.93
-78.93
-78.93
-78.93
-78.93
-78.93
-78.93
-78.93
-78.92
-78.93
-78.93
-78.93
-78.93
-78.93
-78.93
-78.93
-78.92
-78.92
-78.92
-78.92
-78.92
-78.92
-78.92
-78.92
-78.92
-78.92
-78.92
-78.92
-78.92
-78.92
-78.92
-78.92
-78.92
-78.92
-78.92
-78.92
-78.92
-78.92
-78.92
-78.91
-78.91
-78.91
-78.91
-78.91
-78.91
-78.91
-78.92
-78.92
-78.92
-78.92
-78.92
-78.92
-78.92
-78.91
-78.91
-78.91
-78.91
-78.91
-78.91
-78.91
-78.90
-78.91
-78.91
-78.91
-78.91
-78.91
-78.91
-78.91
-78.91
-78.91
-78.91
-78.91
-78.91
-78.91
-78.91
-78.90
-78.90
-78.91
-78.90
-78.90
-78.90
-78.90
-78.90
-78.90
-78.90
-78.90
-78.90
-78.90
-78.90
-78.90
-78.90
-78.90
-78.90
-78.90
-78.90
-78.90
-78.90
-78.90
-78.89
-78.90
-78.90
-78.91
-78.91
-78.91
-78.92
-78.92
-78.92
-78.92
-78.92
-78.92
-78.92
-78.92
-78.92
-78.92
-78.92
-78.92
-78.92
-78.92
-78.91
-78.91
-78.91
-78.91
-78.91
-78.91
-78.91
-78.92
-78.92
-78.92
-78.92
-78.92
-78.92
-78.92
-78.93
-78.93
-78.93
-78.93
-78.93
-78.93
-78.93
-78.93
-78.93
-78.93
-78.93
-78.93
-78.93
-78.93
-78.92
-78.93
-78.93
-78.92
-78.92
-78.92
-78.92
-78.92
-78.92
-78.92
-78.91
-78.91
-78.92
-78.92
-78.92
-78.92
-78.92
-78.92
-78.92
-78.92
-78.92
-78.92
-78.92
-78.92
-78.93
-78.93
-78.93
-78.93
-78.92
-78.92
-78.92
-78.92
-78.92
-78.92
-78.92
-78.91
-78.90
-78.90
-78.90
-78.90
-78.90
-78.90
-78.91
-78.91
-78.91
-78.91
-78.91
-78.90
-78.90
-78.91
-78.92
-78.91
-78.91
-78.90
-78.90
-78.91
-78.91
-78.92
-78.92
-78.92
-78.92
-78.92
-78.92
-78.92
-78.92
-78.92
-78.92
-78.93
-78.93
-78.93
-78.92
-78.93
-78.92
-78.92
-78.92
-78.92
-78.92
-78.92
-78.92
-78.92
-78.91
-78.91
-78.91
-78.91
-78.92
-78.92
-78.92
-78.93
-78.93
-78.93
-78.93
-78.92
-78.92
-78.92
-78.92
-78.91
-78.92
-78.91
-78.91
-78.90
-78.90
-78.90
-78.91
-78.90
-78.90
-78.90
-78.90
-78.90
-78.90
-78.90
-78.90
-78.89
-78.89
-78.89
-78.89
-78.89
-78.89
-78.89
-78.89
-78.90
-78.90
-78.90
-78.90
-78.90
-78.91
-78.91
-78.91
-78.91
-78.91
-78.92
-78.92
-78.92
-78.93
-78.93
-78.93
-78.93
-78.93
-78.93
-78.93
-78.93
-78.93
-78.93
-78.93
-78.94
-78.94
-78.93
-78.94
-78.93
-78.94
-78.93
-78.93
-78.93
-78.94
-78.93
-78.93
-78.93
-78.93
-78.93
-78.93
-78.92
-78.92
-78.92
-78.92
-78.92
-78.92
-78.93
-78.92
-78.92
-78.92
-78.92
-78.92
-78.92
-78.92
-78.92
-78.92
-78.91
-78.91
-78.91
-78.91
-78.91
-78.91
-78.90
-78.90
-78.90
-78.90
-78.90
-78.90
-78.89
-78.89
-78.89
-78.90
-78.89
-78.89
-78.89
-78.89
-78.90
-78.90
-78.90
-78.90
-78.90
-78.90
-78.90
-78.90
-78.90
