Frequency: 1.000000
Sample Rate: 2000000.000000
Vector Length: 1
Notes: 
-379.30
-95.18
-91.71
-90.24
-89.20
-88.35
-87.65
-87.04
-86.47
-86.00
-85.58
-85.19
-84.83
-84.50
-84.19
-83.90
-83.64
-83.39
-83.14
-82.91
-82.70
-82.49
-82.30
-82.11
-81.93
-81.76
-81.60
-81.43
-81.27
-81.12
-80.98
-80.84
-80.70
-80.57
-80.44
-80.32
-80.20
-80.09
-79.97
-79.86
-79.75
-79.65
-79.54
-79.45
-79.35
-79.25
-79.16
-79.06
-78.99
-78.96
-78.94
-78.94
-78.95
-78.95
-78.95
-78.95
-78.95
-78.96
-78.96
-78.96
-78.96
-78.96
-78.96
-78.96
-78.96
-78.95
-78.96
-78.95
-78.95
-78.94
-78.94
-78.94
-78.94
-78.94
-78.94
-78.93
-78.93
-78.93
-78.93
-78.93
-78.93
-78.93
-78.93
-78.93
-78.93
-78.93
-78.93
-78.93
-78.93
-78.94
-78.94
-78.94
-78.94
-78.94
-78.95
-78.95
-78.94
-78.94
-78.94
-78.93
-78.93
-78.93
-78.93
-78.92
-78.92
-78.92
-78.91
-78.91
-78.91
-78.91
-78.91
-78.91
-78.91
-78.91
-78.91
-78.91
-78.92
-78.92
-78.92
-78.92
-78.92
-78.92
-78.92
-78.92
-78.92
-78.93
-78.93
-78.93
-78.92
-78.92
-78.92
-78.92
-78.92
-78.92
-78.92
-78.93
-78.93
-78.93
-78.92
-78.91
-78.92
-78.92
-78.92
-78.92
-78.92
-78.92
-78.92
-78.93
-78.92
-78.92
-78.93
-78.93
-78.93
-78.94
-78.94
-78.93
-78.93
-78.93
-78.93
-78.94
-78.94
-78.94
-78.94
-78.94
-78.94
-78.95
-78.95
-78.95
-78.95
-78.95
-78.95
-78.96
-78.96
-78.95
-78.95
-78.95
-78.95
-78.95
-78.95
-78.94
-78.94
-78.94
-78.94
-78.93
-78.94
-78.93
-78.94
-78.94
-78.94
-78.94
-78.94
-78.93
-78.93
-78.93
-78.93
-78.94
-78.94
-78.94
-78.94
-78.94
-78.95
-78.95
-78.95
-78.95
-78.95
-78.94
-78.94
-78.94
-78.94
-78.94
-78.94
-78.94
-78.94
-78.94
-78.94
-78.94
-78.93
-78.93
-78.93
-78.93
-78.93
-78.93
-78.93
-78.94
-78.94
-78.93
-78.94
-78.94
-78.94
-78.95
-78.94
-78.93
-78.94
-78.93
-78.93
-78.93
-78.93
-78.92
-78.92
-78.93
-78.93
-78.93
-78.93
-78.92
-78.92
-78.91
-78.91
-78.91
-78.91
-78.91
-78.90
-78.91
-78.91
-78.91
-78.91
-78.91
-78.91
-78.91
-78.91
-78.91
-78.91
-78.91
-78.91
-78.91
-78.91
-78.91
-78.91
-78.91
-78.91
-78.90
-78.91
-78.91
-78.92
-78.92
-78.93
-78.93
-78.92
-78.92
-78.92
-78.92
-78.93
-78.92
-78.92
-78.92
-78.92
-78.92
-78.92
-78.92
-78.92
-78.91
-78.91
-78.91
-78.91
-78.92
-78.91
-78.91
-78.91
-78.91
-78.91
-78.91
-78.91
-78.91
-78.91
-78.90
-78.90
-78.90
-78.90
-78.90
-78.90
-78.90
-78.90
-78.89
-78.89
-78.89
-78.89
-78.90
-78.89
-78.89
-78.89
-78.89
-78.88
-78.89
-78.89
-78.89
-78.89
-78.89
-78.89
-78.90
-78.90
-78.90
-78.90
-78.90
-78.90
-78.90
-78.90
-78.91
-78.91
-78.92
-78.91
-78.91
-78.92
-78.92
-78.92
-78.92
-78.92
-78.92
-78.92
-78.93
-78.93
-78.94
-78.94
-78.93
-78.94
-78.94
-78.94
-78.93
-78.93
-78.93
-78.94
-78.94
-78.94
-78.94
-78.94
-78.95
-78.95
-78.95
-78.94
-78.94
-78.94
-78.94
-78.94
-78.94
-78.95
-78.95
-78.95
-78.94
-78.95
-78.95
-78.95
-78.95
-78.95
-78.95
-78.95
-78.95
-78.94
-78.94
-78.94
-78.94
-78.94
-78.94
-78.94
-78.93
-78.93
-78.94
-78.93
-78.94
-78.93
-78.93
-78.93
-78.93
-78.94
-78.94
-78.94
-78.94
-78.94
-78.94
-78.94
-78.94
-78.94
-78.94
-78.94
-78.94
-78.93
-78.93
-78.93
-78.94
-78.94
-78.94
-78.93
-78.94
-78.93
-78.93
-78.93
-78.93
-78.93
-78.93
-78.93
-78.93
-78.93
-78.93
-78.93
-78.93
-78.94
-78.94
-78.94
-78.94
-78.94
-78.94
-78.94
-78.94
-78.95
-78.95
-78.95
-78.95
-78.94
-78.94
-78.95
-78.95
-78.95
-78.94
-78.94
-78.94
-78.94
-78.95
-78.94
-78.94
-78.94
-78.94
-78.94
-78.93
-78.93
-78.94
-78.94
-78.94
-78.95
-78.94
-78.94
-78.95
-78.94
-78.94
-78.94
-78.94
-78.94
-78.94
-78.94
-78.94
-78.94
-78.94
-78.94
-78.94
