Frequency: 1.000000
Sample Rate: 2000000.000000
Vector Length: 1
Notes: 
-379.30
-93.98
-91.19
-90.15
-88.90
-87.93
-87.26
-86.69
-86.19
-85.73
-85.34
-84.94
-84.58
-84.26
-83.97
-83.69
-83.43
-83.19
-82.96
-82.75
-82.52
-82.32
-82.12
-81.94
-81.76
-81.59
-81.42
-81.27
-81.12
-80.98
-80.83
-80.69
-80.56
-80.42
-80.30
-80.18
-80.06
-79.94
-79.83
-79.72
-79.61
-79.50
-79.40
-79.30
-79.20
-79.11
-79.01
-78.92
-78.89
-78.85
-78.84
-78.84
-78.84
-78.84
-78.84
-78.83
-78.83
-78.83
-78.83
-78.83
-78.83
-78.83
-78.83
-78.83
-78.84
-78.83
-78.83
-78.83
-78.84
-78.83
-78.83
-78.84
-78.84
-78.84
-78.84
-78.84
-78.83
-78.83
-78.83
-78.83
-78.83
-78.83
-78.83
-78.83
-78.83
-78.83
-78.83
-78.83
-78.83
-78.83
-78.83
-78.83
-78.83
-78.83
-78.83
-78.83
-78.83
-78.83
-78.83
-78.83
-78.82
-78.83
-78.83
-78.83
-78.83
-78.83
-78.83
-78.83
-78.83
-78.83
-78.83
-78.82
-78.82
-78.83
-78.83
-78.83
-78.83
-78.83
-78.82
-78.82
-78.82
-78.83
-78.83
-78.83
-78.83
-78.82
-78.83
-78.83
-78.83
-78.83
-78.83
-78.83
-78.83
-78.83
-78.83
-78.83
-78.82
-78.83
-78.83
-78.83
-78.83
-78.83
-78.83
-78.83
-78.83
-78.83
-78.83
-78.83
-78.83
-78.83
-78.82
-78.82
-78.82
-78.82
-78.82
-78.82
-78.82
-78.81
-78.82
-78.82
-78.82
-78.81
-78.81
-78.81
-78.81
-78.81
-78.81
-78.80
-78.80
-78.80
-78.80
-78.80
-78.80
-78.79
-78.79
-78.80
-78.79
-78.80
-78.80
-78.79
-78.80
-78.80
-78.80
-78.81
-78.80
-78.80
-78.80
-78.81
-78.81
-78.80
-78.80
-78.81
-78.80
-78.80
-78.80
-78.80
-78.81
-78.81
-78.82
-78.82
-78.82
-78.82
-78.82
-78.82
-78.82
-78.83
-78.83
-78.83
-78.82
-78.83
-78.83
-78.83
-78.83
-78.83
-78.83
-78.83
-78.83
-78.84
-78.84
-78.84
-78.83
-78.84
-78.84
-78.84
-78.84
-78.84
-78.84
-78.84
-78.84
-78.84
-78.84
-78.84
-78.84
-78.84
-78.84
-78.83
-78.83
-78.83
-78.83
-78.83
-78.82
-78.83
-78.83
-78.83
-78.83
-78.82
-78.82
-78.81
-78.81
-78.81
-78.81
-78.80
-78.80
-78.80
-78.80
-78.80
-78.80
-78.81
-78.81
-78.81
-78.81
-78.81
-78.81
-78.80
-78.81
-78.81
-78.80
-78.81
-78.81
-78.81
-78.81
-78.81
-78.81
-78.81
-78.81
-78.80
-78.80
-78.80
-78.80
-78.80
-78.81
-78.80
-78.80
-78.80
-78.80
-78.81
-78.81
-78.82
-78.82
-78.82
-78.82
-78.82
-78.82
-78.81
-78.81
-78.82
-78.82
-78.83
-78.83
-78.83
-78.83
-78.83
-78.83
-78.82
-78.82
-78.82
-78.82
-78.82
-78.82
-78.82
-78.82
-78.82
-78.82
-78.82
-78.82
-78.82
-78.82
-78.82
-78.82
-78.81
-78.81
-78.82
-78.82
-78.82
-78.82
-78.82
-78.82
-78.82
-78.82
-78.82
-78.82
-78.82
-78.82
-78.82
-78.82
-78.81
-78.81
-78.81
-78.81
-78.81
-78.81
-78.81
-78.81
-78.82
-78.82
-78.81
-78.81
-78.81
-78.81
-78.80
-78.80
-78.80
-78.81
-78.81
-78.81
-78.81
-78.81
-78.80
-78.80
-78.81
-78.81
-78.81
-78.81
-78.80
-78.80
-78.80
-78.81
-78.81
-78.81
-78.81
-78.81
-78.80
-78.80
-78.80
-78.80
-78.80
-78.80
-78.80
-78.80
-78.79
-78.80
-78.80
-78.79
-78.79
-78.79
-78.80
-78.79
-78.79
-78.79
-78.79
-78.79
-78.79
-78.79
-78.79
-78.79
-78.78
-78.79
-78.79
-78.79
-78.79
-78.79
-78.79
-78.79
-78.79
-78.79
-78.79
-78.79
-78.79
-78.79
-78.79
-78.79
-78.80
-78.81
-78.80
-78.81
-78.80
-78.80
-78.80
-78.80
-78.80
-78.80
-78.81
-78.81
-78.81
-78.80
-78.81
-78.80
-78.81
-78.81
-78.81
-78.81
-78.81
-78.81
-78.81
-78.81
-78.81
-78.81
-78.81
-78.81
-78.81
-78.81
-78.81
-78.81
-78.82
-78.82
-78.82
-78.83
-78.82
-78.82
-78.83
-78.83
-78.83
-78.83
-78.83
-78.83
-78.83
-78.83
-78.83
-78.83
-78.82
-78.82
-78.82
-78.83
-78.82
-78.82
-78.83
-78.82
-78.82
-78.82
-78.82
-78.82
-78.82
-78.82
-78.82
-78.82
-78.82
-78.82
-78.82
-78.82
-78.82
-78.82
-78.81
-78.81
-78.82
-78.82
