Frequency: 1.000000
Sample Rate: 2000000.000000
Vector Length: 1
Notes: 
-379.30
-96.56
-91.57
-89.95
-88.98
-88.17
-87.50
-86.76
-86.15
-85.55
-85.16
-84.80
-84.46
-84.17
-83.87
-83.59
-83.34
-83.10
-82.88
-82.66
-82.46
-82.26
-82.08
-81.90
-81.73
-81.56
-81.40
-81.25
-81.10
-80.96
-80.82
-80.68
-80.55
-80.43
-80.30
-80.18
-80.07
-79.95
-79.84
-79.74
-79.63
-79.52
-79.42
-79.32
-79.23
-79.13
-79.04
-78.98
-78.94
-78.93
-78.93
-78.93
-78.93
-78.93
-78.93
-78.94
-78.94
-78.94
-78.94
-78.94
-78.95
-78.95
-78.95
-78.95
-78.96
-78.95
-78.95
-78.96
-78.95
-78.95
-78.95
-78.95
-78.94
-78.95
-78.94
-78.94
-78.94
-78.94
-78.94
-78.94
-78.94
-78.94
-78.94
-78.94
-78.94
-78.94
-78.94
-78.93
-78.94
-78.94
-78.95
-78.94
-78.95
-78.95
-78.94
-78.95
-78.95
-78.94
-78.94
-78.94
-78.93
-78.93
-78.93
-78.93
-78.93
-78.93
-78.93
-78.92
-78.93
-78.92
-78.92
-78.92
-78.91
-78.91
-78.92
-78.91
-78.91
-78.92
-78.92
-78.92
-78.92
-78.92
-78.92
-78.92
-78.93
-78.93
-78.93
-78.93
-78.93
-78.93
-78.93
-78.93
-78.94
-78.93
-78.94
-78.93
-78.93
-78.92
-78.93
-78.92
-78.92
-78.92
-78.92
-78.92
-78.92
-78.92
-78.92
-78.92
-78.92
-78.92
-78.92
-78.92
-78.92
-78.92
-78.92
-78.91
-78.91
-78.91
-78.91
-78.92
-78.92
-78.92
-78.92
-78.92
-78.92
-78.92
-78.92
-78.92
-78.92
-78.92
-78.91
-78.91
-78.92
-78.92
-78.92
-78.92
-78.93
-78.93
-78.93
-78.92
-78.93
-78.92
-78.92
-78.92
-78.93
-78.93
-78.93
-78.93
-78.93
-78.93
-78.93
-78.93
-78.93
-78.93
-78.93
-78.93
-78.93
-78.94
-78.93
-78.93
-78.92
-78.92
-78.93
-78.93
-78.94
-78.94
-78.93
-78.93
-78.94
-78.93
-78.94
-78.94
-78.94
-78.94
-78.94
-78.94
-78.94
-78.94
-78.94
-78.95
-78.94
-78.94
-78.93
-78.93
-78.93
-78.92
-78.93
-78.92
-78.92
-78.92
-78.92
-78.92
-78.92
-78.92
-78.92
-78.92
-78.92
-78.92
-78.92
-78.92
-78.92
-78.91
-78.91
-78.91
-78.91
-78.91
-78.91
-78.91
-78.91
-78.91
-78.92
-78.92
-78.92
-78.91
-78.91
-78.91
-78.91
-78.91
-78.90
-78.91
-78.90
-78.90
-78.90
-78.91
-78.91
-78.91
-78.91
-78.91
-78.92
-78.92
-78.91
-78.93
-78.93
-78.93
-78.93
-78.93
-78.93
-78.94
-78.93
-78.94
-78.94
-78.93
-78.94
-78.94
-78.94
-78.94
-78.94
-78.95
-78.95
-78.95
-78.95
-78.95
-78.95
-78.96
-78.95
-78.96
-78.96
-78.96
-78.96
-78.96
-78.96
-78.96
-78.96
-78.97
-78.97
-78.97
-78.97
-78.97
-78.97
-78.97
-78.97
-78.97
-78.97
-78.96
-78.96
-78.96
-78.96
-78.96
-78.96
-78.96
-78.95
-78.95
-78.95
-78.95
-78.95
-78.95
-78.95
-78.95
-78.94
-78.94
-78.95
-78.94
-78.95
-78.94
-78.94
-78.94
-78.94
-78.94
-78.93
-78.93
-78.94
-78.93
-78.93
-78.93
-78.93
-78.93
-78.93
-78.93
-78.93
-78.93
-78.93
-78.93
-78.92
-78.93
-78.92
-78.92
-78.92
-78.92
-78.92
-78.92
-78.91
-78.91
-78.91
-78.92
-78.92
-78.92
-78.92
-78.92
-78.93
-78.93
-78.93
-78.92
-78.92
-78.92
-78.92
-78.93
-78.93
-78.92
-78.93
-78.92
-78.92
-78.92
-78.93
-78.93
-78.93
-78.92
-78.92
-78.92
-78.92
-78.92
-78.93
-78.92
-78.92
-78.92
-78.92
-78.91
-78.92
-78.92
-78.92
-78.92
-78.91
-78.91
-78.91
-78.92
-78.92
-78.92
-78.92
-78.93
-78.93
-78.93
-78.93
-78.93
-78.92
-78.92
-78.92
-78.92
-78.91
-78.91
-78.91
-78.91
-78.91
-78.91
-78.91
-78.90
-78.90
-78.91
-78.90
-78.91
-78.91
-78.91
-78.91
-78.91
-78.91
-78.91
-78.91
-78.92
-78.92
-78.93
-78.92
-78.92
-78.92
-78.92
-78.92
-78.91
-78.92
-78.92
-78.93
-78.93
-78.93
-78.93
-78.93
-78.92
-78.92
-78.92
-78.92
-78.92
-78.92
-78.92
-78.91
-78.92
-78.92
-78.92
-78.92
-78.92
-78.92
-78.92
-78.92
-78.92
-78.92
-78.92
-78.93
-78.93
-78.93
-78.94
-78.93
-78.94
-78.94
-78.94
-78.94
-78.94
-78.94
-78.94
-78.94
-78.93
