Frequency: 1.000000
Sample Rate: 2000000.000000
Vector Length: 1
Notes: 
-379.30
-94.90
-91.09
-89.61
-88.66
-87.86
-87.21
-86.63
-86.14
-85.67
-85.28
-84.90
-84.55
-84.25
-83.94
-83.67
-83.41
-83.17
-82.93
-82.71
-82.50
-82.30
-82.11
-81.93
-81.75
-81.58
-81.42
-81.26
-81.11
-80.96
-80.82
-80.69
-80.55
-80.42
-80.30
-80.18
-80.06
-79.94
-79.83
-79.72
-79.61
-79.51
-79.41
-79.31
-79.22
-79.12
-79.02
-78.93
-78.87
-78.86
-78.85
-78.85
-78.85
-78.85
-78.85
-78.85
-78.85
-78.85
-78.86
-78.85
-78.85
-78.86
-78.85
-78.85
-78.85
-78.85
-78.85
-78.86
-78.86
-78.86
-78.86
-78.86
-78.86
-78.86
-78.86
-78.86
-78.86
-78.86
-78.85
-78.86
-78.85
-78.86
-78.85
-78.86
-78.86
-78.86
-78.86
-78.86
-78.86
-78.85
-78.85
-78.85
-78.84
-78.84
-78.84
-78.83
-78.84
-78.85
-78.85
-78.85
-78.85
-78.85
-78.85
-78.85
-78.85
-78.85
-78.84
-78.85
-78.84
-78.85
-78.84
-78.84
-78.84
-78.84
-78.84
-78.84
-78.83
-78.83
-78.82
-78.83
-78.83
-78.83
-78.83
-78.83
-78.83
-78.83
-78.83
-78.83
-78.83
-78.83
-78.83
-78.83
-78.83
-78.82
-78.82
-78.82
-78.81
-78.81
-78.82
-78.82
-78.82
-78.82
-78.83
-78.82
-78.82
-78.82
-78.81
-78.81
-78.81
-78.80
-78.80
-78.80
-78.80
-78.80
-78.80
-78.80
-78.80
-78.80
-78.80
-78.80
-78.80
-78.80
-78.80
-78.80
-78.80
-78.80
-78.80
-78.80
-78.80
-78.80
-78.80
-78.80
-78.80
-78.80
-78.80
-78.80
-78.81
-78.81
-78.80
-78.80
-78.80
-78.80
-78.81
-78.81
-78.81
-78.81
-78.81
-78.81
-78.81
-78.81
-78.81
-78.81
-78.82
-78.82
-78.82
-78.82
-78.82
-78.82
-78.82
-78.82
-78.82
-78.82
-78.82
-78.81
-78.81
-78.81
-78.81
-78.82
-78.82
-78.82
-78.81
-78.81
-78.81
-78.81
-78.81
-78.81
-78.81
-78.81
-78.81
-78.81
-78.80
-78.80
-78.80
-78.79
-78.80
-78.80
-78.80
-78.80
-78.80
-78.81
-78.81
-78.81
-78.82
-78.81
-78.81
-78.82
-78.82
-78.81
-78.81
-78.81
-78.81
-78.81
-78.81
-78.81
-78.81
-78.81
-78.81
-78.82
-78.83
-78.83
-78.83
-78.83
-78.83
-78.83
-78.83
-78.83
-78.83
-78.83
-78.83
-78.84
-78.84
-78.84
-78.84
-78.84
-78.84
-78.84
-78.84
-78.84
-78.84
-78.85
-78.85
-78.85
-78.85
-78.85
-78.85
-78.85
-78.85
-78.85
-78.85
-78.85
-78.84
-78.84
-78.84
-78.84
-78.84
-78.84
-78.84
-78.84
-78.84
-78.84
-78.83
-78.83
-78.83
-78.84
-78.83
-78.83
-78.82
-78.82
-78.82
-78.82
-78.82
-78.82
-78.83
-78.83
-78.83
-78.83
-78.83
-78.83
-78.83
-78.83
-78.84
-78.84
-78.84
-78.84
-78.84
-78.83
-78.83
-78.83
-78.83
-78.83
-78.83
-78.83
-78.83
-78.83
-78.83
-78.83
-78.83
-78.83
-78.83
-78.83
-78.83
-78.83
-78.82
-78.83
-78.83
-78.83
-78.84
-78.84
-78.84
-78.83
-78.83
-78.82
-78.82
-78.83
-78.83
-78.84
-78.84
-78.84
-78.84
-78.84
-78.84
-78.84
-78.83
-78.83
-78.83
-78.83
-78.83
-78.83
-78.82
-78.83
-78.82
-78.82
-78.82
-78.83
-78.83
-78.83
-78.84
-78.84
-78.84
-78.84
-78.84
-78.84
-78.84
-78.84
-78.84
-78.84
-78.84
-78.84
-78.84
-78.84
-78.84
-78.84
-78.84
-78.84
-78.84
-78.84
-78.84
-78.84
-78.85
-78.85
-78.86
-78.85
-78.84
-78.84
-78.84
-78.84
-78.84
-78.84
-78.84
-78.85
-78.84
-78.84
-78.84
-78.84
-78.84
-78.84
-78.84
-78.85
-78.84
-78.84
-78.84
-78.84
-78.83
-78.83
-78.83
-78.82
-78.83
-78.83
-78.83
-78.83
-78.83
-78.83
-78.83
-78.83
-78.83
-78.84
-78.84
-78.84
-78.84
-78.84
-78.83
-78.84
-78.84
-78.84
-78.84
-78.84
-78.84
-78.84
-78.84
-78.84
-78.84
-78.84
-78.84
-78.84
-78.84
-78.84
-78.84
-78.84
-78.84
-78.84
-78.84
-78.84
-78.84
-78.84
-78.84
-78.83
-78.83
-78.83
-78.83
-78.84
-78.84
-78.84
-78.84
-78.83
-78.83
-78.84
-78.83
-78.83
-78.83
-78.83
-78.83
-78.83
-78.82
-78.83
-78.82
-78.82
-78.82
-78.82
-78.82
-78.82
-78.82
-78.82
-78.83
-78.82
-78.82
-78.82
