Frequency: 1.000000
Sample Rate: 1000000.000000
Vector Length: 1
Notes: 
-379.30
-104.15
-101.71
-100.19
-99.03
-99.15
-99.26
-99.34
-99.42
-99.31
-99.30
-99.22
-99.22
-99.36
-99.51
-99.47
-99.62
-99.48
-99.33
-99.20
-99.34
-99.48
-99.59
-99.76
-99.36
-99.44
-99.42
-99.39
-99.37
-99.30
-99.27
-99.12
-99.09
-99.03
-98.96
-98.98
-98.97
-98.91
-98.90
-99.08
-99.07
-99.22
-99.16
-99.13
-99.18
-99.09
-98.99
-99.00
-98.90
-99.05
-99.32
-99.42
-99.53
-99.28
-99.17
-99.23
-99.16
-99.15
-99.27
-99.07
-99.18
-99.32
-99.17
-99.30
-99.47
-99.51
-99.63
-99.72
-99.32
-99.21
-99.11
-99.10
-99.16
-99.20
-99.03
-99.03
-99.07
-99.04
-99.14
-99.01
-99.05
-99.08
-99.19
-99.28
-99.25
-99.36
-99.46
-99.41
-99.42
-99.33
-99.26
-99.22
-99.30
-99.33
-99.47
-99.40
-99.44
-99.70
-99.50
-99.60
-99.65
-99.38
-99.52
-99.57
-99.41
-99.39
-99.22
-99.04
-99.16
-99.42
-99.46
-99.53
-99.57
-99.52
-99.50
-99.54
-99.54
-99.45
-99.53
-99.58
-99.74
-99.61
-99.85
-99.51
-99.35
-99.34
-99.19
-99.15
-99.23
-99.09
-99.30
-99.41
-99.39
-99.43
-99.40
-99.43
-99.36
-99.54
-99.48
-99.50
-99.56
-99.46
-99.43
-99.24
-99.24
-99.21
-99.17
-99.48
-99.28
-99.28
-99.33
-99.17
-99.04
-99.08
-99.10
-98.99
-99.16
-99.19
-99.25
-99.54
-99.55
-99.76
-99.44
-99.44
-99.27
-99.21
-99.38
-99.40
-99.53
-99.37
-99.35
-99.14
-99.08
-68.91
-68.91
-68.91
-68.91
-94.03
-98.17
-98.78
-98.79
-98.66
-98.69
-99.07
-99.13
-99.31
-99.46
-99.47
-99.65
-99.74
-99.70
-99.58
-99.38
-99.34
-99.26
-99.30
-99.25
-99.23
-99.23
-99.18
-99.04
-98.93
-98.80
-98.91
-99.22
-99.50
-99.71
-99.65
-99.60
-99.61
-99.69
-99.62
-99.65
-99.65
-99.58
-99.52
-99.51
-99.53
-99.57
-99.24
-99.07
-99.02
-99.09
-99.34
-99.53
-99.40
-99.28
-99.25
-99.29
-99.25
-99.32
-99.13
-99.13
-99.36
-99.32
-99.45
-99.43
-99.37
-99.38
-99.23
-99.29
-99.36
-99.38
-99.53
-99.46
-99.61
-99.58
-99.48
-99.45
-99.23
-99.28
-99.15
-99.13
-99.29
-99.26
-99.28
-99.36
-99.40
-99.36
-99.41
-99.46
-99.42
-99.50
-99.60
-99.44
-99.31
-99.29
-99.14
-99.20
-99.32
-99.17
-99.29
-99.31
-99.32
-99.32
-99.31
-99.13
-99.20
-99.31
-99.34
-99.40
-99.39
-99.42
-99.36
-99.38
-99.29
-99.33
-99.27
-99.33
-99.22
-99.24
-99.36
-99.19
-99.31
-99.27
-99.26
-99.35
-99.24
-99.36
-99.38
-99.45
-99.36
-99.20
-99.09
-99.05
-99.02
-99.20
-99.25
-99.38
-99.40
-99.41
-99.42
-99.34
-99.23
-99.31
-99.21
-99.21
-99.21
-99.10
-98.99
-98.86
-99.11
-99.21
-99.25
-99.34
-99.28
-99.24
-99.21
-99.36
-99.39
-99.39
-99.36
-99.21
-99.41
-99.39
-99.58
-99.58
-99.43
-99.50
-99.43
-99.28
-99.30
-99.25
-99.12
-99.27
-99.18
-99.23
-99.15
-99.22
-99.21
-99.20
-99.25
-99.39
-99.37
-99.38
-99.54
-99.38
-99.40
-99.51
-99.32
-99.37
-99.19
-99.01
-98.95
-99.06
-99.09
-99.22
-99.26
-99.26
-99.40
-99.46
-99.45
-99.49
-99.39
-99.39
-99.41
-99.27
-99.32
-99.29
-99.31
-99.45
-99.43
-99.43
-99.44
-99.27
-99.55
-99.50
-99.40
-99.51
-99.33
-99.19
-99.24
-99.36
-99.42
-99.49
-99.51
-99.17
-99.21
-99.17
-99.31
-99.57
-99.50
-99.49
-99.37
-99.40
-99.32
-99.16
-99.32
-99.38
-99.59
-99.69
-99.66
-99.60
-99.45
-99.37
-99.23
-99.27
