Frequency: 1.000000
Sample Rate: 1000000.000000
Vector Length: 1
Notes: 
-379.30
-104.61
-102.31
-100.72
-99.53
-99.59
-99.34
-99.19
-99.23
-99.15
-99.18
-99.41
-99.40
-99.25
-99.42
-99.34
-99.45
-99.55
-99.44
-99.49
-99.22
-99.21
-99.12
-99.08
-99.16
-99.31
-99.50
-99.54
-99.66
-99.70
-99.64
-99.54
-99.49
-99.30
-99.42
-99.38
-99.36
-99.40
-99.26
-99.24
-99.30
-99.32
-99.35
-99.36
-99.51
-99.47
-99.43
-99.39
-99.16
-99.16
-99.45
-99.35
-99.52
-99.41
-99.18
-99.13
-99.04
-99.15
-99.21
-99.27
-99.37
-99.23
-99.25
-99.24
-99.28
-99.32
-99.45
-99.34
-99.28
-99.34
-99.18
-99.35
-99.16
-99.15
-99.22
-99.04
-99.14
-99.29
-99.38
-99.37
-99.24
-99.28
-99.08
-99.18
-99.24
-99.22
-99.27
-99.37
-99.42
-98.01
-96.96
-96.99
-97.03
-97.99
-99.50
-99.52
-99.50
-99.34
-99.30
-99.22
-99.10
-99.03
-99.25
-99.43
-99.46
-99.57
-99.20
-99.05
-99.04
-99.06
-99.06
-99.31
-99.31
-99.35
-99.35
-99.17
-99.09
-98.99
-99.02
-99.11
-99.07
-98.97
-98.90
-98.95
-98.98
-99.04
-99.08
-99.12
-99.22
-99.10
-99.28
-99.13
-99.03
-99.01
-98.91
-99.00
-99.06
-99.21
-99.28
-99.43
-99.48
-99.42
-99.34
-99.20
-99.06
-99.06
-99.13
-99.31
-99.51
-99.35
-99.20
-99.18
-99.08
-99.03
-99.22
-99.13
-99.09
-99.13
-99.11
-98.93
-98.92
-99.07
-99.09
-99.22
-99.26
-99.20
-99.21
-99.27
-99.38
-99.42
-99.30
-99.23
-98.87
-98.66
-98.60
-98.57
-98.90
-99.28
-99.35
-99.18
-98.97
-98.95
-98.68
-98.79
-98.88
-98.94
-99.09
-99.00
-98.98
-98.98
-99.12
-99.37
-99.38
-99.49
-99.43
-99.43
-99.37
-99.30
-99.34
-99.38
-99.25
-99.30
-99.03
-99.04
-98.95
-98.91
-99.06
-99.12
-99.43
-99.27
-99.18
-99.17
-99.06
-99.15
-99.19
-98.96
-98.87
-98.95
-98.90
-99.23
-99.20
-99.28
-99.40
-99.22
-99.03
-99.16
-99.09
-99.21
-99.34
-99.34
-99.11
-98.96
-98.91
-98.96
-99.12
-99.32
-99.34
-99.24
-99.18
-99.34
-99.35
-99.45
-99.02
-98.72
-98.65
-75.08
-69.96
-69.96
-69.96
-70.02
-96.30
-98.44
-98.55
-98.66
-98.77
-98.81
-99.00
-98.92
-98.93
-98.87
-98.88
-99.05
-99.21
-99.20
-99.29
-99.45
-99.47
-99.46
-99.53
-99.37
-99.39
-99.40
-99.33
-99.30
-99.28
-99.31
-99.30
-99.32
-99.32
-99.28
-99.32
-99.34
-99.25
-99.23
-99.21
-99.23
-99.01
-99.03
-98.89
-98.98
-99.01
-99.14
-99.25
-98.93
-98.90
-98.95
-98.99
-99.20
-99.16
-99.08
-99.04
-98.96
-98.93
-98.84
-99.04
-99.12
-99.24
-99.36
-99.38
-99.19
-99.16
-98.97
-98.94
-99.21
-99.19
-99.37
-99.41
-99.23
-99.18
-99.28
-99.26
-99.28
-99.47
-99.52
-99.50
-99.31
-99.04
-98.93
-98.97
-99.02
-99.31
-99.41
-99.39
-99.54
-99.25
-99.19
-99.16
-99.10
-99.14
-99.10
-98.88
-99.01
-98.88
-98.98
-99.02
-98.94
-99.04
-99.08
-99.17
-99.14
-99.14
-99.07
-99.27
-99.25
-99.46
-99.54
-99.57
-99.52
-98.96
-98.91
-98.84
-98.88
-99.16
-99.28
-99.20
-99.24
-99.19
-99.12
-99.21
-99.21
-99.17
-99.13
-99.17
-99.15
-99.26
-99.32
-99.27
-99.35
-99.35
-99.34
-99.14
-99.19
-98.94
-99.14
-99.39
-99.37
-99.44
-99.25
-99.24
-99.25
-99.10
-99.23
-99.34
-99.10
-99.17
-99.21
-99.08
-99.19
-99.16
-99.18
-99.10
-98.98
-99.17
-99.17
-99.18
-99.27
-99.23
-66.72
-61.66
-61.26
-61.26
-62.06
-68.29
-93.20
-99.39
-99.33
