Frequency: 1.000000
Sample Rate: 1000000.000000
Vector Length: 1
Notes: 
-379.30
-103.92
-101.51
-100.10
-98.99
-99.10
-99.13
-99.02
-99.10
-99.06
-99.02
-98.90
-99.03
-99.06
-99.00
-99.27
-99.23
-99.03
-99.08
-99.09
-99.04
-99.03
-98.98
-99.07
-99.22
-99.29
-99.29
-99.29
-99.02
-98.92
-99.09
-98.89
-98.89
-98.97
-98.87
-99.01
-99.10
-99.00
-99.12
-99.09
-99.11
-99.15
-99.31
-99.10
-98.97
-98.84
-98.76
-98.89
-99.04
-98.94
-99.10
-99.15
-99.27
-99.43
-99.43
-99.25
-99.17
-99.01
-99.06
-98.80
-98.33
-97.92
-97.81
-97.91
-98.01
-99.14
-99.03
-99.04
-98.89
-99.00
-99.12
-99.28
-99.05
-99.05
-98.91
-98.81
-99.01
-98.97
-98.89
-98.90
-76.97
-66.26
-66.25
-66.25
-66.26
-99.04
-98.89
-98.88
-99.05
-99.08
-99.13
-99.33
-99.29
-99.27
-99.30
-99.17
-99.00
-98.94
-98.86
-99.10
-99.25
-99.05
-99.04
-98.97
-98.82
-98.72
-98.74
-98.65
-98.60
-98.70
-98.84
-98.93
-98.89
-98.83
-98.63
-98.76
-98.89
-98.87
-98.99
-98.96
-99.08
-99.02
-99.10
-99.06
-99.05
-99.10
-99.02
-99.20
-99.10
-98.98
-98.94
-98.74
-98.66
-98.72
-98.68
-98.81
-98.81
-98.79
-98.95
-98.94
-98.93
-99.05
-99.01
-99.01
-99.03
-99.15
-99.07
-99.17
-99.11
-99.18
-99.29
-99.18
-99.21
-98.98
-98.90
-98.95
-98.85
-98.82
-98.68
-98.66
-98.80
-98.90
-99.20
-99.15
-99.18
-99.27
-99.30
-99.18
-99.14
-99.19
-99.13
-99.17
-99.02
-98.88
-98.77
-98.92
-99.01
-99.01
-99.19
-99.18
-99.23
-99.22
-99.21
-99.27
-99.13
-99.02
-98.98
-98.78
-98.85
-98.93
-99.08
-99.35
-99.28
-99.13
-98.98
-98.75
-98.85
-98.86
-98.95
-99.15
-99.06
-98.88
-98.81
-98.62
-98.67
-98.87
-99.05
-99.15
-99.18
-99.18
-99.01
-98.85
-98.87
-98.93
-99.02
-99.16
-99.28
-99.20
-99.16
-99.03
-99.00
-98.98
-98.93
-98.96
-99.10
-99.06
-99.06
-99.08
-99.00
-99.13
-99.24
-99.38
-99.32
-99.25
-99.09
-98.96
-98.90
-98.87
-99.05
-99.03
-99.16
-99.17
-99.13
-99.03
-98.96
-99.01
-99.00
-99.03
-98.99
-99.04
-99.06
-98.90
-99.03
-98.97
-99.11
-99.23
-99.07
-98.87
-76.97
-68.26
-66.74
-66.25
-66.97
-98.72
-98.99
-99.12
-99.10
-99.26
-99.22
-98.97
-98.98
-98.87
-98.78
-98.97
-99.05
-99.12
-99.27
-98.92
-98.53
-98.42
-98.26
-98.45
-98.85
-99.15
-99.15
-99.20
-99.29
-99.11
-99.42
-99.52
-99.33
-99.40
-99.17
-99.01
-99.08
-98.99
-99.08
-99.30
-99.23
-99.31
-99.22
-99.21
-99.25
-98.73
-84.25
-83.58
-83.58
-83.60
-85.94
-98.98
-99.08
-99.22
-99.31
-99.15
-98.98
-98.96
-98.98
-99.18
-99.29
-99.35
-99.31
-98.89
-98.87
-98.81
-98.86
-99.13
-99.12
-99.25
-99.25
-98.96
-98.90
-98.98
-98.98
-98.92
-99.09
-99.07
-99.10
-99.12
-99.00
-98.99
-98.92
-99.04
-99.03
-99.07
-99.04
-99.05
-99.00
-99.10
-99.10
-99.13
-99.26
-99.24
-99.28
-99.30
-99.20
-99.22
-99.16
-99.18
-99.05
-98.99
-98.83
-98.79
-98.94
-99.03
-99.00
-99.10
-99.08
-98.91
-98.88
-98.71
-98.55
-98.64
-98.77
-98.89
-99.20
-99.25
-99.21
-99.12
-99.05
-99.00
-99.24
-99.27
-99.22
-99.02
-99.19
-99.23
-99.24
-99.20
-99.09
-99.06
-99.01
-99.06
-99.12
-98.95
-99.09
-99.30
-99.29
-99.35
-99.40
-99.14
-99.00
-98.99
-99.06
-99.06
-99.19
-99.20
-99.16
-76.97
-66.26
-66.25
-66.25
-66.26
-99.19
-99.22
-99.20
-99.08
-99.18
