Frequency: 1.000000
Sample Rate: 1000000.000000
Vector Length: 1
Notes: 
-379.30
-104.18
-101.58
-100.16
-98.92
-98.72
-98.80
-98.61
-98.81
-98.92
-98.83
-98.92
-98.87
-98.87
-98.87
-98.96
-98.84
-98.86
-98.94
-98.93
-99.04
-98.89
-98.94
-98.89
-98.92
-98.88
-98.92
-98.92
-98.98
-99.03
-99.12
-99.01
-98.77
-98.65
-98.64
-98.65
-98.83
-98.94
-98.95
-98.78
-98.87
-98.90
-98.86
-99.05
-99.02
-98.97
-99.00
-98.69
-98.62
-98.62
-98.62
-98.82
-98.86
-98.99
-98.94
-99.04
-99.00
-99.06
-98.86
-98.69
-98.89
-98.69
-98.83
-98.89
-99.07
-99.03
-99.08
-99.06
-98.98
-99.02
-99.05
-99.17
-99.06
-99.04
-99.04
-99.03
-98.95
-98.97
-98.80
-98.87
-98.94
-98.97
-99.22
-99.37
-99.36
-99.21
-99.12
-98.88
-98.88
-98.98
-99.14
-99.18
-99.09
-98.96
-99.01
-99.13
-99.32
-99.25
-99.35
-99.26
-99.20
-99.32
-99.21
-99.14
-99.24
-99.02
-99.07
-99.09
-98.95
-98.95
-98.91
-98.92
-98.89
-98.98
-99.11
-99.15
-99.09
-98.93
-98.76
-98.82
-98.81
-98.89
-99.09
-98.96
-98.96
-98.89
-98.96
-98.97
-99.05
-99.03
-99.00
-98.93
-98.86
-98.83
-98.90
-99.04
-98.92
-98.85
-98.84
-98.65
-98.53
-98.66
-98.79
-98.88
-99.27
-99.21
-99.22
-99.25
-99.07
-99.04
-98.95
-98.91
-98.82
-98.98
-99.03
-99.10
-99.14
-99.33
-99.43
-99.42
-99.33
-99.11
-99.08
-98.96
-98.87
-98.92
-98.79
-98.73
-98.78
-98.74
-98.80
-98.72
-98.88
-98.91
-98.77
-98.76
-98.72
-98.68
-98.80
-99.16
-99.11
-99.30
-99.35
-99.27
-99.21
-99.42
-99.44
-99.44
-99.28
-99.11
-98.77
-98.67
-98.71
-98.77
-98.73
-98.78
-98.76
-98.71
-98.75
-98.73
-99.00
-99.10
-99.33
-99.40
-99.18
-99.04
-99.01
-98.85
-98.91
-98.95
-98.91
-98.92
-98.99
-98.80
-98.78
-98.98
-98.84
-98.89
-98.85
-98.88
-98.98
-99.10
-99.14
-99.01
-99.16
-98.98
-99.15
-99.14
-99.03
-99.19
-99.06
-99.26
-99.17
-99.07
-99.09
-98.96
-99.12
-99.07
-99.11
-99.07
-99.12
-99.06
-99.04
-99.06
-98.94
-98.84
-98.88
-98.84
-98.72
-98.93
-98.96
-98.88
-98.81
-98.80
-98.79
-98.78
-98.87
-98.94
-98.89
-99.07
-99.05
-99.00
-98.95
-98.83
-98.88
-99.16
-99.13
-99.17
-99.15
-99.01
-99.07
-99.24
-99.26
-99.39
-99.23
-99.32
-99.22
-99.25
-99.10
-99.00
-98.91
-98.70
-98.81
-98.83
-98.97
-99.04
-99.09
-99.18
-99.08
-99.03
-98.94
-98.92
-98.93
-98.94
-99.07
-99.02
-99.12
-99.13
-99.10
-99.11
-99.00
-99.00
-99.04
-99.05
-98.94
-98.70
-98.60
-98.57
-98.74
-98.67
-98.73
-98.95
-98.94
-99.15
-99.17
-98.94
-99.03
-98.89
-99.02
-99.08
-98.96
-98.90
-96.42
-70.15
-70.14
-70.14
-70.14
-94.49
-98.42
-98.65
-98.59
-98.63
-98.67
-98.72
-98.79
-98.83
-98.93
-99.08
-98.97
-99.02
-99.16
-98.79
-98.88
-98.80
-98.73
-98.66
-98.97
-98.97
-99.09
-99.10
-99.06
-98.92
-98.94
-99.11
-98.99
-99.22
-99.05
-98.95
-99.00
-98.94
-99.07
-99.16
-99.18
-99.08
-99.00
-98.95
-98.92
-98.82
-98.85
-98.76
-98.77
-98.79
-98.91
-98.93
-98.88
-98.96
-98.80
-99.03
-99.07
-98.99
-98.92
-98.92
-98.77
-98.71
-98.66
-98.65
-98.67
-98.64
-98.78
-98.72
-98.78
-98.77
-98.87
-98.89
-98.82
-98.91
-98.86
-98.83
-98.92
-98.81
-98.72
-98.78
-98.82
-98.79
-98.92
-99.07
-99.05
-99.16
-99.30
-99.23
-99.09
-99.04
-98.96
-98.76
-98.91
-98.87
-98.66
