Frequency: 1.000000
Sample Rate: 1000000.000000
Vector Length: 1
Notes: 
-379.30
-104.62
-102.37
-100.70
-99.51
-99.41
-99.25
-99.36
-99.32
-99.44
-99.58
-99.42
-76.97
-66.26
-66.25
-66.25
-66.26
-99.06
-98.65
-98.67
-98.72
-98.84
-99.22
-99.29
-99.44
-99.42
-99.47
-99.43
-99.43
-99.34
-99.33
-99.28
-99.26
-99.43
-99.49
-99.58
-99.52
-99.35
-99.27
-99.30
-99.29
-99.33
-99.40
-99.33
-99.15
-99.37
-99.36
-99.43
-99.55
-99.49
-99.34
-99.36
-99.27
-99.19
-99.32
-99.46
-99.45
-98.83
-97.99
-97.89
-97.86
-98.38
-99.00
-99.64
-99.60
-99.59
-99.32
-99.21
-99.09
-99.03
-99.24
-99.21
-99.34
-99.25
-99.19
-99.27
-99.43
-99.51
-99.68
-99.76
-100.07
-100.00
-99.65
-99.27
-99.03
-98.99
-98.89
-99.06
-99.39
-99.36
-99.34
-99.32
-99.07
-97.47
-97.61
-97.61
-97.71
-98.95
-99.23
-99.38
-99.29
-99.32
-99.33
-99.37
-99.65
-99.74
-99.84
-99.73
-99.55
-99.45
-99.41
-99.36
-99.13
-98.89
-98.92
-98.93
-99.29
-99.68
-99.81
-99.87
-99.86
-99.76
-99.66
-99.59
-99.39
-99.45
-99.39
-99.50
-99.57
-99.54
-99.47
-99.46
-99.34
-99.42
-99.40
-99.30
-99.22
-99.06
-99.27
-99.28
-99.18
-99.07
-99.03
-99.14
-99.36
-99.44
-99.49
-99.39
-99.37
-99.37
-99.34
-99.55
-99.52
-99.53
-99.59
-99.49
-99.33
-99.13
-99.30
-99.26
-99.27
-96.33
-77.73
-75.73
-75.73
-75.73
-78.93
-99.49
-99.34
-99.26
-99.17
-99.14
-99.28
-99.58
-99.60
-99.54
-99.59
-99.55
-99.58
-99.63
-99.65
-99.54
-99.58
-99.64
-99.45
-99.28
-99.26
-99.20
-99.31
-99.31
-99.25
-99.34
-99.45
-99.38
-99.40
-99.33
-99.33
-99.41
-99.55
-99.52
-99.58
-99.46
-99.32
-99.39
-99.55
-99.67
-99.76
-99.48
-99.37
-99.15
-99.10
-99.36
-99.27
-76.97
-66.26
-66.25
-66.25
-66.26
-99.56
-99.44
-99.51
-99.27
-99.30
-98.89
-98.54
-98.32
-98.39
-98.63
-98.99
-99.38
-99.30
-99.40
-99.39
-99.31
-99.33
-99.28
-99.36
-99.37
-99.30
-99.25
-99.27
-99.35
-99.33
-99.28
-99.44
-99.43
-99.46
-99.58
-99.40
-99.53
-99.54
-99.54
-99.47
-99.28
-99.20
-99.14
-99.21
-99.23
-99.40
-99.69
-99.74
-99.66
-99.64
-99.45
-99.43
-99.44
-99.30
-99.21
-99.19
-99.29
-99.29
-99.57
-99.60
-99.49
-99.33
-99.16
-99.13
-99.16
-99.09
-99.35
-99.36
-99.36
-99.47
-99.39
-99.40
-99.38
-99.46
-99.46
-99.50
-99.58
-99.60
-99.38
-99.30
-99.39
-99.31
-99.30
-99.28
-99.20
-99.25
-99.27
-99.38
-99.43
-99.37
-99.50
-99.27
-99.27
-99.24
-99.29
-99.28
-99.26
-99.17
-99.00
-99.08
-99.07
-99.28
-99.35
-99.41
-99.49
-99.30
-98.97
-98.55
-98.49
-98.44
-98.77
-99.18
-99.18
-99.05
-99.16
-99.27
-99.57
-99.50
-99.31
-99.34
-99.14
-99.23
-99.36
-99.33
-99.34
-99.35
-99.32
-99.20
-99.06
-99.08
-99.14
-99.27
-99.41
-99.47
-99.38
-99.32
-99.17
-99.34
-99.38
-99.30
-99.32
-99.41
-99.16
-99.16
-99.33
-99.40
-99.52
-99.39
-99.31
-99.30
-99.29
-99.26
-99.36
-99.11
-99.24
-99.39
-99.30
-99.50
-99.69
-99.54
-99.57
-99.59
-99.38
-99.48
-99.44
-99.42
-99.46
-99.51
-99.44
-99.27
-99.28
-99.25
-99.19
-99.53
-99.62
-99.64
-99.58
-99.55
-99.42
-99.54
-99.52
-99.48
-99.33
-99.12
-99.03
-99.13
-99.36
-99.56
-99.50
-99.44
-99.32
-99.19
-99.22
-99.33
-99.31
-99.30
-99.30
-99.31
-99.24
-99.25
-99.47
-99.48
-99.56
-99.82
