Frequency: 1.000000
Sample Rate: 1000000.000000
Vector Length: 1
Notes: 
-379.30
-105.09
-102.52
-100.84
-99.84
-99.68
-99.43
-99.28
-99.19
-99.17
-99.05
-99.21
-98.96
-98.77
-98.84
-98.82
-99.03
-99.22
-99.46
-99.31
-99.23
-99.09
-99.03
-99.15
-99.28
-99.23
-99.20
-99.21
-99.19
-99.35
-99.38
-99.35
-99.29
-99.26
-99.29
-99.37
-99.58
-99.59
-99.56
-99.62
-99.49
-99.54
-99.66
-99.58
-99.61
-99.62
-99.30
-99.36
-99.25
-99.28
-99.45
-99.62
-99.78
-99.67
-99.55
-99.54
-99.45
-99.57
-99.64
-99.87
-99.88
-99.87
-99.82
-99.75
-99.79
-99.69
-99.59
-99.54
-99.50
-99.48
-99.46
-99.41
-99.24
-99.13
-99.03
-99.14
-99.08
-99.22
-99.38
-99.42
-99.60
-99.44
-99.44
-99.20
-99.08
-99.29
-99.25
-99.23
-99.59
-64.22
-61.38
-61.38
-61.38
-63.76
-84.70
-99.09
-99.13
-98.99
-99.14
-99.29
-99.28
-99.37
-99.16
-99.07
-99.03
-98.92
-99.04
-99.14
-99.30
-99.29
-99.33
-99.30
-99.23
-99.17
-99.23
-99.29
-99.23
-99.30
-99.14
-99.13
-99.01
-99.05
-99.23
-99.21
-99.32
-99.32
-99.37
-99.34
-99.33
-99.42
-99.36
-99.20
-98.99
-99.09
-99.16
-99.09
-99.34
-99.21
-99.15
-99.36
-99.46
-99.73
-99.94
-99.90
-99.82
-99.64
-99.42
-99.35
-98.90
-98.81
-98.80
-98.99
-99.16
-99.19
-99.30
-99.17
-99.13
-99.01
-94.06
-93.99
-93.97
-93.95
-98.79
-99.04
-99.25
-99.25
-99.29
-99.11
-99.18
-99.24
-99.38
-99.44
-99.38
-99.38
-99.24
-99.35
-99.39
-99.43
-99.59
-99.27
-99.09
-98.73
-98.80
-99.00
-99.18
-99.47
-99.48
-99.34
-99.15
-99.06
-99.00
-99.33
-99.39
-99.74
-99.76
-99.67
-99.76
-99.65
-99.58
-99.56
-99.61
-99.45
-99.27
-99.24
-99.42
-99.37
-99.45
-99.36
-99.35
-99.36
-99.10
-99.28
-99.30
-99.41
-99.60
-99.56
-99.44
-99.36
-99.39
-99.16
-99.17
-99.17
-99.11
-99.38
-99.40
-99.49
-99.46
-99.46
-99.61
-99.41
-99.36
-98.78
-97.98
-72.70
-65.29
-65.29
-65.29
-65.30
-96.94
-98.00
-98.10
-98.40
-98.52
-98.63
-98.94
-98.97
-98.86
-98.86
-98.76
-98.88
-98.85
-98.71
-98.75
-98.86
-98.88
-98.98
-99.12
-99.02
-98.95
-99.11
-99.21
-99.37
-99.48
-99.44
-99.26
-99.39
-99.38
-99.40
-99.42
-99.27
-99.13
-99.17
-99.31
-99.36
-99.40
-99.47
-99.44
-99.31
-99.13
-98.94
-98.88
-99.03
-99.20
-99.33
-99.34
-99.41
-99.41
-99.46
-99.31
-99.40
-99.37
-99.32
-99.25
-99.16
-99.17
-99.25
-99.34
-99.47
-99.64
-99.55
-99.61
-99.59
-99.43
-99.37
-99.37
-99.28
-99.21
-99.33
-99.37
-99.40
-99.52
-99.56
-99.45
-99.40
-99.42
-99.30
-99.17
-98.94
-98.90
-98.98
-99.12
-99.51
-99.30
-99.16
-99.29
-99.22
-99.22
-99.50
-99.30
-99.29
-99.46
-99.29
-99.38
-99.26
-99.20
-99.30
-99.41
-99.54
-99.58
-99.35
-99.17
-99.05
-99.11
-99.12
-99.37
-99.38
-99.36
-99.46
-99.45
-99.36
-99.21
-99.23
-99.27
-99.31
-99.26
-99.04
-99.03
-98.93
-99.17
-99.37
-99.16
-99.36
-99.07
-99.11
-99.23
-99.09
-98.95
-99.07
-99.05
-99.18
-99.00
-99.11
-99.13
-99.16
-99.44
-99.36
-99.27
-99.32
-99.24
-99.28
-99.32
-99.18
-99.30
-98.97
-99.02
-99.09
-99.26
-99.58
-99.49
-99.55
-99.52
-99.60
-99.32
-99.22
-99.26
-99.37
-99.64
-99.72
-99.51
-99.36
-99.44
-99.41
-99.31
-99.32
-99.25
-99.21
-99.11
-99.16
-99.22
-99.19
-99.12
-99.16
-99.16
-99.30
-99.34
-99.34
-99.20
-99.15
