Frequency: 1.000000
Sample Rate: 1000000.000000
Vector Length: 1
Notes: 
-379.30
-104.30
-101.79
-100.30
-99.30
-99.33
-99.20
-99.22
-99.18
-99.23
-99.48
-99.39
-99.29
-99.34
-99.18
-99.26
-99.36
-99.18
-99.27
-99.14
-99.08
-99.32
-99.17
-99.13
-99.26
-99.23
-99.30
-99.31
-99.21
-99.01
-99.08
-99.06
-99.13
-99.36
-99.30
-99.24
-99.16
-99.20
-99.10
-99.19
-99.27
-99.29
-99.35
-99.45
-99.27
-99.34
-99.39
-99.27
-99.36
-99.35
-99.20
-99.16
-98.91
-98.94
-99.07
-99.26
-99.26
-99.22
-99.24
-99.09
-99.09
-99.33
-99.28
-99.41
-99.59
-99.49
-99.35
-99.24
-99.05
-98.92
-98.96
-98.82
-99.01
-99.05
-99.01
-99.09
-99.16
-99.20
-99.26
-99.43
-99.36
-99.49
-99.32
-99.25
-99.40
-99.49
-99.48
-99.52
-99.37
-99.17
-99.14
-99.24
-99.10
-99.05
-98.94
-98.94
-99.07
-99.18
-99.46
-99.53
-99.62
-99.60
-99.56
-99.54
-99.37
-99.24
-99.29
-99.34
-99.51
-99.46
-99.40
-99.25
-99.19
-98.98
-98.96
-98.90
-98.93
-98.99
-99.25
-99.28
-99.25
-99.24
-99.15
-99.13
-99.06
-99.15
-99.31
-99.12
-99.15
-99.08
-98.97
-99.15
-99.22
-99.29
-99.19
-99.19
-99.28
-99.21
-99.28
-99.14
-99.00
-99.04
-99.17
-99.31
-99.40
-99.43
-99.35
-99.33
-99.36
-99.33
-99.21
-99.16
-99.17
-98.96
-99.02
-99.13
-99.13
-99.42
-99.57
-99.39
-99.44
-99.41
-99.18
-99.36
-99.29
-99.34
-99.50
-99.60
-99.54
-99.44
-99.39
-99.33
-99.20
-99.37
-99.17
-99.08
-99.17
-99.09
-99.05
-99.11
-99.13
-99.21
-99.44
-99.47
-99.54
-99.42
-99.32
-99.27
-99.18
-99.21
-99.25
-99.23
-99.41
-99.32
-99.26
-99.17
-98.97
-98.76
-98.77
-98.78
-99.09
-99.40
-99.37
-99.61
-99.60
-99.58
-99.48
-99.26
-99.09
-99.24
-99.00
-99.06
-99.04
-99.00
-99.28
-99.27
-99.36
-99.21
-99.15
-99.22
-99.09
-99.11
-99.01
-99.29
-99.37
-99.36
-99.26
-99.11
-99.04
-99.11
-99.32
-99.47
-99.28
-99.20
-99.11
-99.08
-99.26
-99.30
-99.36
-99.35
-99.15
-99.25
-99.37
-99.31
-99.41
-99.13
-99.21
-98.98
-99.01
-99.15
-98.80
-98.69
-98.54
-96.42
-94.27
-74.48
-67.18
-67.17
-67.18
-67.21
-92.31
-95.21
-97.66
-98.16
-98.31
-98.49
-98.77
-98.85
-98.82
-98.72
-98.67
-98.78
-98.76
-98.95
-98.87
-98.98
-98.89
-98.78
-99.09
-99.18
-99.28
-99.37
-99.43
-99.23
-99.05
-99.33
-99.06
-99.03
-99.07
-98.91
-98.98
-99.03
-99.27
-99.11
-98.97
-99.13
-99.08
-99.18
-99.43
-99.36
-99.27
-99.04
-98.97
-98.96
-98.92
-99.04
-98.89
-98.88
-98.96
-99.03
-99.15
-99.31
-99.43
-99.55
-99.33
-99.08
-98.84
-98.80
-98.83
-99.02
-99.16
-99.33
-99.55
-99.45
-99.36
-99.24
-99.14
-99.18
-99.04
-98.93
-99.05
-99.10
-99.39
-99.34
-99.34
-99.33
-99.29
-99.40
-99.35
-99.08
-99.08
-99.09
-99.12
-99.31
-99.39
-99.33
-99.51
-99.39
-99.38
-99.50
-99.42
-99.54
-99.37
-99.22
-99.41
-99.44
-99.30
-99.30
-99.04
-98.14
-98.11
-98.19
-98.15
-99.01
-99.23
-99.09
-99.29
-99.35
-99.33
-99.28
-99.43
-99.27
-99.31
-99.32
-99.36
-99.45
-99.32
-99.54
-99.40
-99.42
-99.40
-99.40
-99.48
-99.62
-99.67
-99.50
-99.48
-99.29
-99.25
-99.31
-99.14
-99.38
-99.42
-99.29
-99.29
-99.31
-99.29
-99.09
-99.11
-99.18
-99.16
-99.26
-99.45
-99.51
-99.51
-99.59
-99.58
-99.56
-99.42
-99.09
-99.07
-98.94
-99.15
-99.35
-99.62
-99.86
-99.84
-99.62
-99.53
