Frequency: 1.000000
Sample Rate: 1000000.000000
Vector Length: 1
Notes: 
-379.30
-104.75
-102.00
-100.45
-99.28
-99.24
-99.25
-99.23
-99.32
-99.09
-99.12
-99.24
-99.40
-99.64
-99.68
-99.52
-99.25
-99.15
-98.99
-98.98
-99.12
-99.24
-99.29
-99.42
-99.32
-99.21
-99.30
-99.41
-99.30
-99.39
-99.35
-99.21
-99.29
-99.29
-99.25
-99.20
-99.25
-99.21
-99.15
-99.01
-98.73
-98.14
-93.85
-69.78
-69.77
-69.77
-69.78
-95.51
-98.68
-98.91
-99.20
-99.24
-99.13
-99.25
-99.26
-99.26
-99.32
-99.24
-99.29
-99.34
-99.49
-99.64
-99.41
-99.49
-99.49
-99.35
-99.48
-99.53
-99.46
-99.55
-99.58
-99.55
-99.49
-99.48
-99.52
-99.45
-99.43
-99.40
-99.45
-99.65
-99.43
-99.30
-99.15
-99.08
-99.19
-99.38
-99.22
-99.31
-99.12
-99.05
-99.27
-99.21
-99.13
-99.27
-99.31
-99.15
-99.22
-99.15
-99.11
-99.27
-99.32
-99.42
-99.48
-99.43
-99.38
-99.38
-99.34
-99.34
-99.34
-99.29
-99.36
-99.27
-99.20
-99.10
-98.88
-98.69
-98.80
-98.91
-99.20
-99.66
-99.66
-99.87
-99.65
-99.22
-99.20
-98.93
-98.88
-98.77
-98.83
-99.05
-99.28
-99.49
-99.24
-99.04
-98.22
-97.55
-97.68
-98.07
-98.56
-99.21
-99.26
-99.42
-99.38
-99.34
-99.34
-99.20
-99.18
-99.22
-99.19
-99.13
-99.25
-99.39
-99.50
-99.45
-99.40
-99.53
-99.34
-99.27
-99.49
-99.25
-99.34
-99.25
-99.35
-99.34
-99.34
-99.29
-99.33
-99.27
-99.31
-99.29
-99.16
-99.27
-99.22
-99.16
-99.29
-99.30
-99.36
-99.50
-99.57
-99.55
-99.43
-99.27
-99.15
-99.11
-99.18
-99.13
-99.17
-99.24
-99.43
-99.54
-99.55
-99.61
-99.56
-99.58
-99.69
-99.56
-99.52
-99.47
-99.41
-99.50
-99.47
-99.51
-99.41
-99.46
-99.33
-99.32
-99.30
-99.17
-99.30
-99.41
-99.41
-99.38
-99.16
-99.27
-99.28
-99.52
-99.64
-99.56
-99.66
-99.62
-99.55
-99.75
-99.68
-99.66
-99.60
-99.60
-99.53
-99.45
-99.58
-99.70
-99.69
-99.48
-99.32
-99.25
-99.04
-99.19
-99.13
-99.16
-99.16
-99.23
-99.29
-99.20
-99.29
-99.23
-99.23
-99.41
-99.32
-99.36
-99.33
-99.48
-99.53
-99.15
-99.13
-99.15
-99.08
-99.47
-99.57
-99.47
-99.28
-99.19
-99.33
-99.48
-99.43
-99.52
-99.36
-99.51
-99.64
-99.46
-99.52
-99.18
-99.17
-98.94
-98.92
-99.05
-99.16
-99.49
-99.41
-99.59
-99.68
-99.75
-99.61
-99.61
-99.52
-99.40
-99.48
-99.45
-98.59
-97.87
-97.91
-97.69
-98.14
-98.74
-99.08
-99.24
-99.39
-99.19
-99.08
-99.22
-99.13
-99.31
-99.43
-99.21
-99.35
-99.26
-99.24
-99.22
-98.89
-98.97
-98.90
-98.97
-99.06
-99.13
-99.21
-99.50
-99.39
-99.38
-99.38
-99.41
-99.44
-99.56
-99.62
-99.61
-99.56
-99.43
-99.39
-99.37
-99.57
-99.68
-99.70
-99.60
-99.43
-99.26
-99.37
-99.40
-99.35
-99.43
-99.30
-99.15
-99.19
-99.26
-99.26
-99.30
-99.29
-99.38
-99.34
-99.42
-99.33
-99.25
-99.19
-99.29
-99.23
-99.11
-99.03
-99.04
-98.95
-99.18
-99.14
-99.07
-99.08
-99.11
-99.25
-99.40
-99.51
-99.52
-99.44
-99.35
-99.30
-99.44
-99.45
-99.58
-99.49
-99.58
-99.63
-99.60
-99.60
-99.52
-99.57
-99.43
-99.27
-99.23
-99.13
-99.06
-99.07
-99.16
-99.12
-99.27
-99.51
-99.33
-99.23
-98.90
-98.74
-98.90
-99.14
-99.39
-99.64
-99.59
-99.61
-99.60
-99.49
-99.30
-99.24
-99.07
-99.15
-99.23
-99.23
-99.34
-99.43
-99.40
-99.27
-99.30
-99.28
-99.19
-99.20
-99.05
-99.13
