Frequency: 1.000000
Sample Rate: 1000000.000000
Vector Length: 1
Notes: 
-379.30
-105.98
-102.32
-100.36
-99.04
-98.75
-98.85
-98.84
-98.93
-98.82
-98.79
-98.96
-98.91
-98.89
-99.02
-99.00
-98.99
-99.19
-99.09
-98.99
-99.02
-98.86
-98.97
-99.20
-99.15
-99.29
-99.13
-99.02
-99.14
-99.11
-99.31
-99.22
-99.02
-99.08
-98.91
-98.97
-99.30
-99.19
-99.13
-99.18
-99.07
-99.03
-98.96
-99.01
-99.14
-99.25
-99.36
-99.22
-98.88
-98.75
-98.78
-98.74
-98.94
-99.07
-98.95
-98.91
-98.91
-98.85
-98.89
-98.75
-98.81
-98.66
-98.72
-98.96
-99.02
-99.15
-98.96
-99.01
-99.06
-98.91
-99.14
-99.05
-98.98
-98.89
-98.87
-98.82
-98.95
-99.09
-99.25
-99.14
-99.17
-99.07
-99.09
-98.92
-98.96
-98.96
-98.89
-99.10
-99.15
-98.94
-98.91
-98.89
-98.82
-98.93
-98.88
-98.99
-99.18
-99.14
-98.99
-99.09
-98.96
-99.04
-99.06
-99.07
-99.12
-98.97
-99.08
-99.06
-98.89
-98.88
-98.83
-98.86
-98.91
-98.84
-99.09
-98.97
-99.22
-99.10
-99.10
-99.12
-99.06
-99.27
-99.20
-99.03
-99.12
-99.02
-98.81
-98.78
-98.79
-98.86
-99.02
-99.23
-99.05
-99.14
-99.07
-98.99
-99.03
-99.03
-98.93
-99.06
-98.94
-98.90
-99.06
-99.01
-99.12
-99.13
-99.07
-98.90
-98.96
-98.93
-99.04
-99.01
-99.04
-99.06
-98.87
-98.85
-98.96
-98.99
-98.97
-99.09
-98.99
-98.86
-98.82
-98.76
-98.84
-98.89
-99.01
-99.09
-99.02
-99.08
-99.08
-98.99
-99.01
-99.07
-99.15
-99.37
-99.30
-99.32
-99.14
-98.92
-98.96
-98.88
-99.09
-99.25
-99.27
-99.20
-99.10
-99.12
-99.24
-99.15
-99.20
-99.29
-99.06
-99.14
-98.95
-98.99
-98.83
-98.95
-98.87
-98.67
-98.76
-98.86
-98.99
-99.23
-99.22
-99.08
-98.89
-98.85
-98.82
-98.81
-98.94
-98.94
-98.87
-99.08
-99.21
-99.34
-99.17
-98.96
-98.99
-98.92
-98.98
-99.08
-99.14
-98.93
-98.79
-98.68
-98.56
-98.72
-98.86
-99.03
-99.12
-99.20
-98.90
-98.89
-98.98
-99.08
-99.22
-98.92
-98.94
-98.96
-98.97
-99.18
-99.06
-99.01
-98.96
-99.07
-99.19
-99.05
-99.08
-98.93
-98.99
-99.01
-99.02
-99.00
-98.80
-98.71
-98.12
-97.69
-97.78
-97.86
-98.03
-99.12
-99.03
-98.98
-98.99
-99.00
-99.04
-99.16
-99.15
-99.07
-99.04
-99.04
-98.96
-99.04
-99.11
-98.97
-99.04
-99.10
-98.90
-99.01
-98.92
-98.95
-99.03
-99.06
-98.96
-98.83
-98.75
-98.74
-98.94
-99.03
-99.33
-99.49
-99.42
-99.16
-99.04
-98.92
-98.94
-98.86
-98.82
-98.64
-98.66
-98.69
-98.82
-98.81
-98.88
-98.89
-98.77
-98.71
-98.64
-98.62
-98.96
-99.12
-98.49
-98.20
-97.65
-97.60
-98.20
-98.51
-99.08
-99.10
-99.03
-99.04
-99.14
-99.08
-98.98
-98.96
-98.86
-98.96
-99.01
-98.98
-99.02
-99.04
-99.08
-98.99
-98.81
-98.35
-98.39
-98.34
-98.41
-98.74
-98.82
-98.61
-98.61
-98.73
-98.93
-99.06
-98.94
-98.85
-98.62
-98.47
-98.53
-98.63
-98.50
-98.81
-98.91
-98.83
-98.89
-98.92
-98.85
-99.05
-98.94
-98.95
-98.93
-98.93
-99.13
-99.10
-99.25
-99.02
-99.02
-98.81
-98.68
-98.79
-98.74
-98.91
-98.93
-99.07
-98.99
-98.85
-98.84
-98.94
-99.01
-99.24
-99.21
-99.26
-99.18
-99.10
-98.92
-98.96
-99.09
-99.27
-99.27
-99.15
-99.18
-99.03
-98.97
-98.93
-98.96
-99.10
-99.15
-99.23
-99.21
-99.12
-99.10
-99.21
-99.12
-99.20
-99.30
-99.29
-99.17
-99.19
-99.06
-99.00
-98.99
-98.80
-98.90
-98.83
-99.00
-99.09
-98.91
