Frequency: 1.000000
Sample Rate: 1000000.000000
Vector Length: 1
Notes: 
-379.30
-104.02
-101.48
-99.99
-98.90
-99.02
-98.83
-98.67
-98.75
-98.80
-98.89
-98.78
-98.80
-98.64
-98.59
-98.84
-99.07
-98.91
-98.78
-98.83
-98.88
-98.80
-98.95
-98.90
-98.83
-98.90
-98.76
-98.70
-98.72
-98.83
-98.93
-99.03
-99.09
-99.08
-99.09
-99.07
-99.13
-99.06
-99.08
-99.07
-99.08
-99.26
-99.30
-99.15
-99.24
-99.00
-98.96
-98.96
-98.77
-98.90
-99.01
-99.06
-99.27
-99.25
-99.07
-99.03
-98.93
-99.01
-99.19
-99.32
-99.29
-99.22
-99.09
-98.98
-99.09
-98.93
-98.90
-98.93
-98.76
-98.81
-98.89
-98.96
-98.90
-98.97
-98.86
-98.72
-98.83
-98.90
-98.82
-98.81
-98.96
-98.81
-98.14
-97.81
-97.73
-97.72
-97.75
-98.93
-99.08
-98.99
-99.07
-98.85
-98.75
-98.77
-98.76
-98.68
-98.71
-98.93
-99.09
-99.25
-99.46
-99.32
-99.17
-98.97
-98.95
-98.81
-98.82
-98.78
-98.75
-98.75
-98.60
-98.88
-99.07
-99.06
-99.11
-98.94
-98.84
-98.71
-98.85
-98.81
-98.78
-98.83
-98.94
-98.98
-99.03
-99.03
-99.13
-99.10
-99.11
-99.08
-99.02
-98.93
-99.04
-99.04
-99.06
-98.88
-98.88
-98.94
-98.93
-98.87
-98.91
-98.69
-98.70
-98.68
-98.56
-98.62
-98.70
-98.75
-98.97
-98.97
-99.06
-99.30
-99.12
-99.04
-98.99
-98.80
-98.66
-98.79
-98.61
-98.58
-98.62
-98.72
-98.79
-98.77
-98.94
-98.86
-98.90
-98.92
-98.88
-98.89
-98.80
-98.69
-98.60
-98.77
-98.80
-99.08
-99.32
-98.96
-98.89
-98.90
-98.75
-98.96
-98.83
-98.75
-98.96
-98.90
-98.88
-98.98
-98.91
-98.88
-98.90
-98.90
-98.93
-99.00
-98.93
-99.05
-98.97
-98.93
-99.08
-98.88
-99.06
-99.06
-98.89
-98.99
-98.85
-98.97
-99.03
-98.95
-98.95
-98.85
-98.82
-98.80
-98.91
-99.05
-98.77
-98.89
-98.68
-98.66
-98.94
-99.01
-99.15
-99.31
-98.94
-99.03
-98.92
-98.94
-99.20
-99.20
-99.20
-99.00
-98.92
-98.59
-98.41
-98.36
-98.32
-98.62
-98.97
-99.03
-99.04
-98.81
-98.65
-98.63
-98.85
-98.85
-98.87
-98.84
-98.87
-98.81
-98.82
-98.92
-98.85
-98.97
-98.86
-98.94
-98.95
-98.75
-98.70
-98.73
-98.55
-98.74
-98.81
-98.70
-98.92
-98.99
-98.94
-98.93
-98.83
-98.55
-98.38
-81.38
-81.38
-81.38
-81.39
-98.67
-98.69
-98.85
-98.82
-99.00
-99.18
-98.97
-99.05
-98.89
-98.91
-98.91
-98.73
-98.71
-98.87
-98.98
-99.17
-99.32
-99.08
-98.99
-97.03
-70.68
-69.57
-69.57
-69.57
-70.56
-97.22
-98.65
-98.96
-98.96
-98.99
-99.00
-98.92
-98.89
-99.03
-98.95
-99.04
-99.16
-99.26
-99.32
-99.31
-99.30
-98.86
-98.85
-98.72
-98.76
-98.91
-98.92
-98.88
-98.74
-98.83
-98.94
-99.00
-99.13
-98.94
-98.95
-98.83
-98.90
-98.88
-97.54
-97.63
-97.68
-97.72
-99.13
-99.11
-99.07
-98.98
-99.00
-99.07
-99.24
-99.20
-99.10
-98.09
-97.27
-96.56
-96.67
-96.89
-97.70
-98.94
-98.87
-99.08
-99.17
-99.16
-99.22
-99.19
-99.08
-99.06
-98.91
-98.73
-98.80
-98.80
-99.00
-99.21
-99.23
-98.99
-98.85
-98.58
-98.62
-98.70
-98.71
-98.75
-98.62
-98.63
-98.64
-98.63
-98.75
-98.58
-98.74
-98.88
-98.96
-98.99
-99.04
-98.92
-98.86
-98.95
-99.01
-99.05
-99.03
-99.01
-98.99
-99.03
-99.06
-98.99
-99.01
-99.04
-98.90
-98.81
-98.84
-98.87
-98.96
-99.08
-99.14
-99.19
-99.04
-98.99
-98.90
-98.91
-99.02
-98.90
-99.03
-98.78
-98.66
-98.72
-98.70
-98.90
-99.06
-98.98
