Frequency: 1.000000
Sample Rate: 1000000.000000
Vector Length: 1
Notes: 
-379.30
-103.85
-101.55
-100.28
-99.10
-99.03
-98.96
-98.87
-98.90
-98.93
-98.95
-98.85
-98.90
-98.79
-98.95
-98.86
-98.86
-98.78
-98.89
-98.97
-98.97
-99.06
-98.99
-98.97
-99.05
-99.18
-99.28
-99.29
-99.23
-99.12
-99.17
-98.89
-98.90
-98.65
-97.74
-97.91
-97.94
-98.11
-99.22
-99.10
-99.11
-99.05
-98.77
-98.40
-98.39
-98.45
-98.43
-98.91
-99.13
-99.04
-98.99
-99.07
-98.97
-98.95
-98.87
-98.72
-98.60
-98.70
-98.75
-98.88
-99.02
-98.99
-99.08
-99.33
-99.18
-99.08
-99.05
-98.90
-98.84
-99.16
-99.24
-99.44
-99.31
-99.07
-98.96
-99.00
-98.98
-99.14
-99.10
-99.01
-99.12
-99.05
-99.11
-99.19
-99.26
-99.34
-99.24
-99.24
-99.24
-99.12
-99.15
-99.27
-99.30
-99.33
-99.43
-99.37
-99.34
-99.35
-99.37
-99.54
-99.37
-99.31
-99.21
-99.11
-99.15
-99.07
-99.17
-99.03
-99.09
-99.09
-99.18
-99.01
-98.98
-98.99
-98.84
-98.93
-98.97
-98.86
-98.86
-99.00
-99.11
-99.13
-99.20
-99.08
-99.09
-99.15
-99.07
-99.10
-98.90
-98.81
-98.89
-98.87
-98.91
-98.98
-98.86
-98.77
-99.09
-99.02
-99.03
-99.10
-98.94
-98.99
-99.15
-99.09
-99.32
-99.20
-99.17
-99.20
-99.06
-98.97
-99.08
-99.15
-99.26
-99.06
-99.13
-98.97
-98.88
-99.19
-99.05
-99.07
-98.95
-98.81
-98.85
-98.83
-98.99
-98.98
-98.91
-99.08
-99.00
-99.11
-99.15
-99.11
-99.22
-99.18
-99.19
-99.30
-99.15
-99.10
-99.05
-99.06
-99.15
-99.23
-99.10
-98.93
-98.89
-98.84
-98.83
-98.92
-99.05
-99.26
-99.17
-99.30
-99.24
-99.29
-99.17
-99.24
-99.17
-98.72
-98.81
-98.74
-98.67
-99.00
-99.04
-99.11
-99.10
-99.08
-99.04
-99.12
-99.11
-99.16
-99.08
-99.06
-98.94
-99.17
-99.17
-99.03
-98.99
-98.90
-98.90
-98.89
-99.07
-99.02
-98.86
-98.89
-98.75
-98.79
-98.98
-99.05
-99.17
-99.13
-99.16
-99.17
-99.14
-99.31
-99.22
-99.15
-99.06
-98.84
-98.96
-98.80
-98.93
-99.18
-98.98
-98.93
-99.03
-99.14
-99.20
-99.13
-99.14
-98.97
-98.92
-98.85
-98.89
-99.02
-99.08
-99.18
-99.21
-99.00
-98.94
-98.75
-98.79
-98.91
-98.89
-99.09
-98.89
-98.84
-98.84
-98.87
-99.04
-99.05
-99.02
-99.05
-99.03
-99.06
-99.01
-98.92
-99.04
-98.99
-98.86
-98.85
-98.83
-98.88
-98.99
-98.99
-99.08
-98.98
-99.02
-98.92
-98.81
-98.87
-98.78
-98.91
-98.90
-98.75
-98.78
-98.94
-98.79
-98.92
-98.98
-98.54
-98.21
-98.18
-98.34
-98.77
-99.17
-99.16
-99.07
-99.05
-99.11
-99.17
-99.16
-99.06
-99.09
-99.13
-99.23
-99.36
-99.22
-99.01
-98.96
-98.80
-98.88
-98.97
-98.86
-98.98
-98.93
-98.95
-98.99
-98.96
-99.05
-98.92
-98.86
-99.01
-99.07
-99.17
-99.13
-99.18
-99.04
-99.22
-99.18
-99.16
-99.13
-99.16
-98.94
-98.93
-98.92
-98.77
-98.80
-98.75
-98.75
-98.76
-98.69
-98.93
-98.99
-99.37
-99.39
-99.44
-99.18
-99.05
-99.04
-98.98
-99.06
-99.03
-98.97
-99.01
-99.11
-98.98
-99.07
-99.16
-98.87
-99.01
-99.06
-99.06
-99.08
-99.27
-99.25
-99.08
-99.13
-99.02
-99.03
-98.95
-98.80
-98.77
-98.74
-98.90
-98.85
-98.87
-98.86
-98.79
-98.81
-98.80
-98.79
-98.72
-98.73
-98.66
-98.87
-99.07
-99.11
-99.13
-99.00
-98.93
-99.07
-99.15
-99.36
-99.44
-99.34
-99.12
-99.02
-99.02
-99.08
-99.16
-99.14
-98.97
-99.00
-99.04
-99.15
-99.35
-99.33
-99.27
