Frequency: 1.000000
Sample Rate: 1000000.000000
Vector Length: 1
Notes: 
-379.30
-104.19
-101.56
-100.22
-99.23
-99.23
-99.30
-99.12
-99.21
-99.25
-99.29
-99.50
-99.46
-99.33
-99.36
-99.27
-99.27
-99.20
-99.23
-99.35
-99.40
-99.41
-99.43
-99.53
-99.36
-99.25
-99.07
-98.96
-99.13
-99.31
-99.46
-99.51
-99.70
-99.64
-99.51
-99.48
-99.16
-99.27
-99.52
-99.55
-99.67
-99.62
-99.60
-99.38
-99.31
-99.35
-99.35
-99.35
-99.57
-99.60
-99.50
-99.43
-99.48
-99.21
-99.44
-99.44
-99.39
-99.34
-99.24
-99.25
-99.36
-99.48
-99.44
-99.38
-99.41
-99.43
-99.55
-99.70
-99.58
-99.41
-99.39
-99.26
-99.27
-99.23
-99.40
-99.26
-99.29
-99.38
-99.30
-99.41
-99.19
-98.89
-98.88
-98.93
-99.07
-99.50
-99.50
-99.50
-99.44
-99.48
-99.48
-99.26
-99.24
-99.24
-99.13
-99.36
-99.26
-99.35
-99.57
-99.55
-99.74
-99.77
-99.39
-99.24
-99.08
-98.98
-99.21
-99.34
-99.59
-99.49
-99.19
-99.04
-99.09
-99.13
-99.26
-99.29
-99.37
-99.38
-99.38
-99.43
-99.32
-99.22
-99.21
-99.19
-99.20
-99.34
-99.26
-99.36
-99.23
-99.09
-99.08
-98.88
-98.89
-98.79
-98.95
-99.06
-99.23
-99.49
-99.45
-99.43
-99.45
-99.33
-99.36
-99.58
-99.49
-99.60
-99.62
-99.35
-99.30
-99.33
-99.24
-99.15
-99.11
-99.05
-99.06
-99.25
-99.39
-99.33
-99.29
-99.40
-99.44
-99.32
-99.52
-99.14
-99.01
-99.01
-98.76
-98.94
-99.12
-98.98
-98.74
-98.48
-98.46
-98.56
-99.01
-99.20
-99.15
-99.10
-98.91
-99.10
-99.25
-99.40
-99.54
-99.36
-99.37
-99.24
-99.21
-99.43
-99.53
-99.59
-99.53
-99.56
-99.57
-99.50
-99.62
-99.50
-99.40
-99.35
-99.41
-99.29
-99.32
-99.13
-99.18
-99.19
-99.23
-99.35
-99.43
-99.62
-99.65
-99.51
-99.42
-99.53
-99.47
-99.30
-99.40
-99.25
-99.11
-99.09
-99.22
-99.16
-99.20
-99.27
-99.28
-99.18
-99.33
-99.36
-99.40
-99.61
-99.58
-99.52
-99.15
-98.98
-98.92
-98.90
-99.03
-99.09
-99.09
-99.35
-99.23
-99.50
-99.42
-99.36
-99.32
-99.30
-99.19
-99.10
-99.22
-99.13
-99.00
-99.04
-98.99
-98.93
-99.18
-99.23
-99.40
-99.50
-99.56
-99.50
-99.49
-99.28
-99.09
-99.08
-99.08
-99.11
-99.13
-99.27
-99.16
-99.19
-99.23
-99.23
-99.18
-99.32
-99.29
-99.23
-99.11
-99.23
-99.22
-98.94
-98.82
-98.71
-98.88
-99.27
-99.54
-99.39
-99.32
-99.15
-99.19
-99.37
-99.31
-99.32
-99.26
-99.12
-99.09
-99.21
-99.14
-99.35
-99.34
-99.31
-99.53
-99.40
-99.38
-99.56
-99.60
-99.63
-99.67
-99.47
-99.49
-99.13
-99.19
-99.25
-99.25
-99.42
-99.46
-99.63
-99.47
-99.47
-99.47
-99.22
-99.10
-98.75
-98.65
-98.85
-99.16
-99.45
-99.66
-99.57
-99.45
-99.36
-99.34
-99.32
-99.19
-99.34
-99.22
-99.10
-99.03
-98.99
-99.02
-99.09
-99.32
-99.34
-99.34
-99.12
-99.14
-99.13
-99.01
-99.05
-98.95
-98.92
-98.78
-98.87
-99.03
-99.13
-99.39
-99.45
-99.43
-99.39
-99.36
-99.44
-99.42
-99.44
-99.46
-99.37
-99.30
-99.36
-99.28
-99.34
-99.30
-99.11
-99.25
-99.09
-99.10
-99.26
-99.42
-99.58
-99.49
-99.66
-99.53
-99.20
-99.28
-99.10
-99.20
-99.49
-99.47
-99.47
-99.34
-99.14
-99.12
-99.06
-99.14
-99.40
-99.23
-99.34
-99.40
-99.30
-99.18
-99.27
-99.45
-99.33
-99.54
-99.52
-99.39
-99.26
-99.08
-99.09
-98.97
-98.87
-99.04
-98.98
-99.16
-99.12
-99.08
-99.10
-99.17
-99.18
-99.26
-99.25
-99.25
-99.31
