Frequency: 1.000000
Sample Rate: 1000000.000000
Vector Length: 1
Notes: 
-379.30
-103.78
-101.33
-99.91
-98.88
-98.49
-98.49
-98.47
-98.49
-98.74
-99.09
-99.27
-99.09
-98.84
-98.76
-98.79
-98.76
-99.14
-98.69
-97.50
-96.80
-95.92
-95.87
-96.55
-97.05
-98.30
-98.67
-99.05
-98.98
-98.88
-98.95
-98.95
-98.88
-98.85
-98.64
-98.76
-98.63
-98.70
-98.48
-98.38
-98.35
-98.43
-98.43
-98.68
-99.01
-98.95
-98.69
-98.61
-98.52
-98.68
-98.75
-98.88
-98.58
-98.44
-98.44
-98.37
-98.45
-98.41
-98.53
-98.72
-98.64
-98.68
-98.84
-98.87
-99.19
-99.28
-99.09
-99.01
-99.04
-99.06
-99.15
-99.01
-98.91
-98.81
-98.74
-98.89
-98.80
-98.78
-98.92
-98.87
-98.98
-99.03
-99.05
-98.89
-98.62
-98.64
-98.42
-98.46
-98.76
-98.74
-98.88
-98.99
-99.05
-99.05
-99.08
-99.09
-99.21
-99.00
-99.25
-99.28
-99.08
-99.14
-98.85
-98.93
-98.94
-98.86
-99.12
-99.12
-99.26
-99.22
-99.06
-98.83
-98.79
-98.69
-98.66
-98.76
-98.70
-98.73
-98.75
-98.78
-99.14
-98.93
-98.95
-98.88
-98.74
-98.68
-98.63
-98.77
-98.84
-98.80
-99.01
-99.07
-98.98
-99.11
-98.97
-98.97
-98.77
-98.84
-98.86
-98.81
-98.81
-98.92
-98.90
-98.94
-98.87
-98.81
-98.64
-98.79
-99.04
-99.07
-99.17
-99.07
-98.98
-98.98
-99.09
-98.90
-98.71
-98.80
-98.96
-99.10
-99.27
-99.10
-99.18
-99.10
-99.03
-98.99
-98.95
-98.86
-98.82
-99.01
-99.04
-99.10
-99.04
-99.08
-98.88
-98.87
-98.84
-98.56
-98.54
-98.64
-98.64
-98.75
-98.80
-98.65
-98.83
-99.01
-98.87
-98.93
-98.81
-98.57
-98.74
-98.63
-98.46
-98.44
-98.37
-98.46
-98.61
-98.75
-98.82
-98.95
-99.13
-99.13
-99.11
-99.03
-98.89
-98.87
-98.86
-98.77
-98.88
-98.75
-98.80
-98.90
-98.85
-99.07
-99.32
-99.17
-99.12
-99.10
-98.79
-98.70
-98.83
-98.59
-98.59
-98.58
-98.60
-98.63
-98.86
-99.05
-99.20
-99.09
-99.01
-99.08
-98.89
-98.93
-99.04
-98.94
-98.87
-98.82
-98.70
-98.73
-98.86
-98.90
-99.10
-99.04
-99.07
-99.19
-99.28
-99.17
-99.10
-98.83
-98.64
-98.68
-98.54
-98.65
-98.76
-98.69
-99.03
-98.94
-99.17
-99.18
-99.01
-99.01
-99.02
-99.15
-99.13
-99.16
-98.75
-98.70
-98.63
-98.51
-98.73
-98.62
-98.56
-98.59
-98.63
-98.59
-98.74
-98.89
-99.00
-99.11
-98.94
-98.79
-98.66
-98.72
-98.76
-98.90
-98.87
-98.82
-98.87
-98.97
-99.02
-98.85
-99.05
-99.02
-99.02
-99.33
-99.14
-98.94
-99.03
-99.08
-98.95
-99.10
-99.03
-99.08
-99.03
-99.08
-99.15
-99.06
-99.09
-99.18
-99.04
-99.17
-99.26
-99.22
-99.16
-99.00
-98.96
-98.96
-99.08
-99.16
-99.16
-99.03
-98.76
-98.84
-98.78
-98.77
-98.95
-98.90
-98.97
-98.97
-98.77
-98.78
-98.74
-98.78
-98.93
-98.97
-98.95
-99.00
-99.02
-99.04
-99.17
-99.10
-99.00
-98.96
-98.88
-98.96
-99.00
-99.01
-98.99
-99.01
-98.90
-98.72
-98.89
-99.02
-99.05
-99.36
-99.29
-99.32
-99.05
-99.01
-98.69
-98.68
-98.72
-99.02
-99.38
-99.32
-99.47
-99.18
-98.95
-98.87
-98.75
-98.61
-98.66
-98.78
-98.90
-99.03
-99.05
-99.25
-99.13
-99.01
-99.05
-99.04
-99.11
-99.31
-99.24
-99.10
-99.03
-98.82
-98.94
-98.99
-99.02
-99.17
-98.99
-98.96
-98.72
-98.75
-99.01
-99.20
-99.27
-99.11
-98.93
-98.77
-98.75
-98.81
-98.75
-98.79
-98.72
-98.84
-98.84
-98.85
-98.79
-98.84
-98.80
-98.91
-99.07
-99.26
-99.46
