Frequency: 1.000000
Sample Rate: 1000000.000000
Vector Length: 1
Notes: 
-379.30
-104.57
-101.75
-99.99
-98.94
-98.84
-99.00
-99.15
-99.15
-99.09
-98.91
-98.87
-98.87
-98.86
-99.03
-99.07
-98.99
-99.12
-99.06
-98.86
-98.99
-99.08
-99.10
-99.16
-99.16
-99.09
-99.02
-99.01
-99.03
-99.13
-99.10
-99.05
-98.91
-98.90
-98.84
-98.98
-98.96
-98.77
-98.96
-99.12
-99.10
-99.16
-98.99
-99.01
-98.87
-98.97
-99.03
-98.82
-98.87
-99.04
-99.14
-99.14
-99.11
-98.96
-99.07
-99.24
-99.27
-99.23
-99.10
-98.84
-98.80
-99.03
-98.94
-99.11
-99.07
-99.06
-99.05
-98.91
-98.89
-98.71
-98.71
-98.94
-98.70
-98.66
-98.50
-98.35
-98.72
-98.92
-99.14
-99.22
-99.30
-99.18
-99.31
-99.34
-99.31
-99.30
-98.91
-98.87
-98.76
-98.66
-98.79
-98.94
-99.07
-99.31
-99.28
-99.09
-99.05
-98.96
-99.01
-98.98
-98.99
-98.81
-98.83
-98.74
-98.71
-98.85
-98.88
-98.92
-99.07
-99.10
-99.15
-99.09
-98.94
-98.97
-98.96
-99.06
-99.14
-99.12
-99.15
-99.10
-99.09
-98.97
-99.20
-99.16
-99.15
-99.28
-99.06
-99.14
-99.05
-99.13
-98.88
-98.69
-98.60
-98.70
-98.77
-99.16
-99.37
-99.25
-99.22
-99.08
-98.95
-98.84
-98.88
-98.72
-98.75
-98.98
-98.86
-98.97
-98.51
-98.16
-97.58
-97.68
-98.28
-98.62
-99.45
-99.38
-98.99
-98.85
-98.65
-98.58
-98.66
-98.64
-98.71
-98.88
-98.75
-98.83
-98.84
-98.84
-98.97
-99.15
-99.12
-99.13
-99.23
-99.04
-98.97
-99.02
-99.03
-98.89
-98.92
-98.94
-99.00
-99.12
-99.22
-99.00
-99.03
-99.04
-99.12
-99.09
-99.12
-99.10
-98.95
-99.05
-98.97
-99.08
-98.98
-98.89
-98.88
-98.75
-98.86
-98.87
-98.66
-98.74
-98.78
-98.70
-98.87
-98.88
-98.83
-99.02
-99.24
-99.14
-99.27
-99.26
-99.23
-99.05
-99.01
-98.82
-98.81
-98.91
-98.93
-98.85
-98.80
-98.75
-98.99
-99.06
-99.29
-99.32
-99.34
-99.35
-99.30
-99.31
-99.33
-99.26
-99.21
-99.02
-99.03
-99.01
-98.95
-98.98
-98.90
-99.00
-99.18
-99.10
-99.21
-99.20
-99.06
-98.94
-98.70
-98.73
-98.98
-99.25
-99.50
-99.48
-99.24
-99.05
-99.10
-99.02
-99.17
-99.04
-99.06
-99.04
-99.03
-99.21
-99.16
-99.14
-99.17
-99.11
-99.18
-99.07
-99.16
-99.13
-98.96
-99.03
-98.94
-98.82
-99.02
-98.95
-98.87
-99.10
-98.92
-98.90
-99.02
-98.91
-99.00
-99.09
-99.03
-98.78
-98.74
-98.92
-98.95
-99.19
-99.12
-99.02
-98.95
-98.93
-99.09
-99.16
-99.14
-99.05
-99.14
-99.10
-99.13
-99.23
-99.02
-98.93
-99.03
-98.81
-99.09
-99.16
-98.91
-99.04
-98.81
-98.60
-98.53
-98.53
-98.72
-64.97
-60.96
-60.78
-60.78
-62.01
-68.97
-97.05
-98.67
-98.82
-99.05
-98.93
-99.02
-99.08
-98.93
-99.07
-99.10
-99.17
-99.09
-99.14
-99.01
-98.93
-99.00
-98.99
-99.02
-98.96
-98.81
-98.78
-98.65
-98.69
-98.89
-98.80
-98.88
-98.85
-98.93
-99.10
-99.03
-99.12
-99.10
-99.11
-99.16
-99.18
-99.10
-99.10
-98.94
-99.03
-99.05
-98.84
-99.03
-98.85
-98.93
-98.87
-98.78
-98.86
-98.89
-99.04
-98.99
-99.00
-98.97
-98.98
-99.07
-98.96
-98.97
-98.81
-98.75
-98.89
-98.91
-98.95
-99.00
-98.92
-98.93
-98.94
-98.99
-98.98
-99.01
-99.10
-99.09
-99.07
-99.20
-99.19
-99.11
-99.16
-99.04
-99.09
-99.05
-98.81
-98.71
-98.49
-98.46
-98.72
-98.79
-98.85
-98.95
-98.81
-98.91
-98.88
-99.07
-99.11
-98.95
-98.89
-98.81
-98.91
-99.13
-99.23
