Frequency: 1.000000
Sample Rate: 1000000.000000
Vector Length: 1
Notes: 
-379.30
-103.72
-101.37
-100.06
-99.10
-99.35
-99.60
-99.69
-99.57
-99.51
-99.42
-99.08
-99.08
-99.07
-99.03
-99.15
-99.30
-99.47
-99.44
-99.57
-99.51
-99.29
-99.25
-99.21
-99.29
-99.22
-99.47
-99.50
-99.46
-99.46
-99.36
-99.25
-99.17
-99.32
-99.11
-99.09
-99.08
-98.96
-99.04
-99.26
-99.14
-99.11
-99.16
-99.05
-99.29
-99.41
-99.58
-99.55
-99.29
-99.37
-99.40
-99.25
-99.40
-99.43
-99.34
-99.27
-99.35
-99.23
-99.06
-98.89
-98.99
-98.90
-99.16
-99.32
-99.46
-99.30
-99.26
-99.11
-98.98
-99.16
-99.20
-99.22
-99.17
-99.15
-98.95
-99.12
-99.26
-99.20
-99.32
-99.49
-99.43
-99.51
-99.37
-99.32
-99.41
-99.15
-99.08
-98.97
-98.79
-99.02
-99.16
-99.28
-99.20
-99.19
-99.19
-99.33
-99.44
-99.41
-99.51
-99.46
-99.32
-99.38
-99.46
-99.44
-99.55
-99.44
-99.22
-99.18
-97.94
-74.29
-69.91
-66.01
-66.01
-66.54
-67.26
-99.21
-99.27
-99.18
-99.26
-99.35
-99.33
-99.35
-99.24
-99.15
-99.29
-99.29
-99.22
-99.17
-99.18
-99.23
-99.26
-99.30
-99.30
-99.33
-99.43
-99.35
-99.26
-99.16
-99.02
-99.13
-99.31
-99.26
-99.16
-99.26
-99.20
-99.24
-99.34
-99.31
-66.76
-61.15
-60.66
-60.66
-61.35
-66.99
-87.51
-99.32
-99.36
-99.26
-99.27
-99.16
-99.22
-99.06
-98.87
-98.95
-98.81
-98.92
-98.97
-98.92
-98.98
-99.07
-99.15
-99.21
-99.17
-99.20
-98.98
-98.98
-99.01
-98.94
-99.03
-98.90
-99.14
-99.31
-99.32
-99.51
-99.49
-99.42
-99.47
-99.60
-99.38
-99.47
-99.37
-99.43
-99.32
-99.31
-99.31
-99.14
-99.46
-99.51
-99.51
-99.65
-99.39
-99.35
-99.43
-99.18
-99.39
-99.33
-99.31
-99.36
-99.48
-99.35
-99.33
-99.34
-99.20
-99.19
-99.26
-99.10
-99.09
-99.10
-99.18
-99.19
-99.25
-99.07
-99.07
-98.99
-98.94
-99.19
-99.18
-99.30
-99.36
-99.35
-99.41
-99.26
-99.24
-99.09
-99.12
-99.22
-99.20
-99.20
-99.20
-99.21
-99.46
-99.56
-99.52
-99.47
-99.19
-99.07
-99.03
-99.04
-99.23
-99.50
-99.50
-99.48
-99.40
-99.28
-99.20
-99.28
-99.23
-99.12
-99.19
-99.31
-99.46
-99.64
-99.63
-99.46
-99.42
-99.33
-99.39
-99.36
-99.35
-99.17
-99.21
-99.01
-99.09
-99.01
-99.23
-99.10
-99.09
-99.06
-99.02
-99.23
-99.39
-99.37
-99.30
-99.14
-99.26
-99.22
-99.20
-99.27
-99.24
-99.11
-99.06
-99.09
-98.97
-99.17
-99.19
-99.31
-99.34
-99.31
-99.35
-99.37
-99.25
-99.42
-99.47
-99.49
-99.60
-99.33
-99.21
-99.19
-99.08
-99.13
-99.14
-98.98
-98.84
-98.95
-98.99
-98.90
-99.05
-98.89
-98.75
-98.68
-98.68
-99.00
-99.00
-99.19
-99.07
-99.08
-99.16
-99.09
-98.87
-98.87
-98.79
-98.86
-99.21
-99.24
-99.32
-99.43
-99.56
-99.34
-99.36
-99.38
-99.34
-99.39
-99.42
-99.34
-99.47
-99.43
-99.41
-99.34
-99.30
-99.20
-99.26
-99.30
-99.21
-99.43
-99.46
-99.32
-99.37
-99.30
-99.25
-99.37
-99.37
-99.28
-99.29
-99.20
-99.06
-99.02
-99.24
-99.33
-99.33
-99.41
-99.31
-99.38
-99.57
-99.33
-99.45
-99.46
-99.38
-99.41
-99.31
-99.25
-99.39
-99.51
-99.70
-99.74
-99.66
-99.60
-99.55
-99.39
-99.48
-99.61
-99.64
-99.67
-99.37
-99.17
-98.95
-99.04
-99.19
-99.38
-99.72
-99.59
-99.48
-99.37
-99.25
-99.40
-99.53
-99.54
-99.63
-99.67
-99.60
-99.46
-99.41
-99.30
-99.27
-99.42
-99.45
-99.44
-99.44
-99.36
-99.37
