Frequency: 1.000000
Sample Rate: 1000000.000000
Vector Length: 1
Notes: 
-379.30
-103.98
-101.51
-99.88
-98.81
-98.81
-98.88
-98.90
-99.04
-98.97
-98.87
-98.84
-98.71
-98.76
-98.77
-98.89
-98.90
-98.76
-98.77
-98.51
-98.42
-98.55
-98.61
-98.86
-98.98
-99.00
-98.90
-98.86
-98.70
-98.72
-98.80
-99.01
-98.98
-98.97
-98.84
-98.79
-98.85
-98.95
-98.94
-98.97
-98.91
-98.78
-98.77
-98.68
-98.67
-98.77
-98.93
-99.15
-99.31
-99.32
-99.46
-99.14
-99.20
-98.88
-98.85
-98.92
-98.99
-99.02
-99.08
-99.12
-99.08
-99.04
-99.06
-98.96
-98.92
-98.87
-98.90
-98.90
-98.83
-98.86
-98.89
-98.87
-98.76
-98.72
-98.70
-98.78
-98.99
-98.98
-98.92
-99.00
-98.83
-98.87
-98.94
-98.94
-99.13
-99.33
-99.24
-99.22
-98.97
-98.92
-99.06
-99.08
-99.04
-99.07
-98.95
-98.98
-98.89
-98.82
-98.67
-98.60
-98.57
-98.58
-98.78
-98.85
-98.85
-98.97
-98.86
-99.11
-98.95
-99.05
-99.07
-99.01
-99.11
-99.06
-99.07
-99.01
-98.90
-98.87
-98.99
-99.11
-99.34
-76.97
-66.26
-66.25
-66.25
-66.26
-99.13
-99.03
-99.01
-98.90
-99.04
-99.01
-99.04
-98.98
-98.91
-98.93
-98.92
-98.92
-98.91
-99.03
-99.09
-99.02
-99.10
-99.10
-99.00
-99.02
-99.10
-99.04
-98.96
-99.02
-98.96
-98.89
-98.91
-98.88
-98.86
-98.87
-98.86
-98.67
-98.62
-98.65
-98.67
-98.94
-99.08
-99.13
-99.17
-98.97
-99.02
-98.97
-98.86
-98.79
-98.66
-98.58
-98.67
-98.88
-99.04
-99.26
-99.16
-99.09
-98.90
-98.82
-99.01
-98.88
-99.03
-98.93
-98.85
-99.05
-99.06
-63.50
-60.49
-60.47
-60.53
-64.16
-79.59
-98.81
-98.83
-98.82
-98.89
-99.07
-99.06
-99.09
-99.14
-99.07
-99.16
-99.29
-99.18
-99.26
-99.28
-99.10
-99.27
-99.19
-99.08
-99.32
-99.22
-99.07
-98.77
-98.61
-98.66
-98.69
-98.83
-98.98
-99.03
-99.20
-99.24
-99.19
-99.11
-98.93
-98.99
-98.95
-98.92
-98.84
-98.78
-98.78
-98.78
-98.85
-98.93
-98.87
-98.78
-98.82
-98.73
-98.85
-99.01
-99.03
-99.10
-99.00
-99.08
-99.03
-99.20
-99.30
-99.20
-98.95
-98.67
-98.60
-98.73
-98.95
-99.14
-99.07
-99.02
-98.95
-98.92
-99.02
-99.01
-99.01
-99.01
-98.89
-98.86
-98.97
-99.01
-99.15
-99.24
-99.33
-99.22
-99.10
-99.06
-98.91
-98.92
-98.69
-98.76
-98.81
-98.90
-98.82
-98.74
-98.68
-98.63
-98.73
-99.00
-99.05
-99.22
-99.23
-99.18
-99.17
-99.15
-98.99
-98.97
-98.62
-98.65
-98.58
-98.53
-98.70
-98.90
-99.04
-99.11
-99.04
-98.71
-98.49
-98.51
-98.55
-98.92
-99.01
-99.01
-98.76
-98.74
-98.83
-98.98
-99.18
-99.09
-99.00
-98.98
-98.94
-99.01
-99.03
-99.09
-99.19
-99.14
-98.95
-98.82
-98.72
-98.72
-98.74
-98.85
-98.97
-98.97
-99.08
-99.28
-99.29
-99.40
-99.34
-99.26
-99.17
-99.18
-99.08
-99.05
-98.99
-98.91
-98.86
-98.93
-98.83
-98.97
-99.01
-98.89
-98.96
-98.92
-98.88
-99.11
-98.99
-99.03
-98.82
-98.70
-98.90
-98.92
-99.11
-99.09
-99.12
-99.09
-98.98
-98.92
-98.74
-98.77
-98.66
-98.98
-98.94
-98.85
-99.03
-98.92
-98.98
-99.13
-99.26
-99.30
-99.23
-99.05
-99.07
-99.05
-98.99
-99.09
-98.97
-99.04
-98.91
-98.92
-98.97
-98.96
-99.07
-99.13
-99.07
-98.97
-98.83
-98.92
-98.94
-99.04
-99.18
-99.18
-99.20
-99.22
-99.12
-99.21
-99.19
-99.29
-99.17
-99.05
-98.87
-98.87
-98.73
-98.92
-99.08
-98.95
-99.13
-98.87
-98.95
-98.92
