Frequency: 1.000000
Sample Rate: 1000000.000000
Vector Length: 1
Notes: 
-379.30
-104.31
-102.15
-100.25
-99.36
-99.40
-99.25
-99.34
-99.24
-99.27
-99.43
-99.50
-99.43
-99.38
-99.38
-99.15
-99.20
-99.15
-99.27
-99.24
-99.35
-99.36
-99.28
-99.17
-99.15
-99.00
-98.99
-99.06
-99.15
-99.24
-99.31
-99.24
-99.35
-99.19
-99.16
-99.22
-99.08
-98.97
-98.97
-98.88
-98.79
-98.99
-98.97
-98.85
-98.89
-98.90
-98.87
-99.03
-98.94
-98.72
-98.75
-98.50
-97.99
-94.99
-76.97
-66.26
-66.25
-66.25
-66.26
-92.93
-95.36
-97.67
-98.37
-98.62
-98.96
-99.18
-99.40
-99.36
-99.31
-99.45
-99.24
-99.30
-99.31
-99.24
-99.24
-99.17
-99.05
-98.98
-98.94
-98.95
-99.07
-99.26
-99.14
-99.34
-99.24
-99.33
-99.42
-99.65
-99.79
-99.67
-99.52
-99.29
-99.12
-99.14
-99.07
-99.08
-99.35
-99.57
-99.65
-99.69
-99.45
-99.35
-99.35
-99.29
-99.30
-99.38
-99.20
-99.32
-99.24
-99.14
-99.12
-99.00
-99.07
-99.24
-99.34
-99.41
-99.29
-99.06
-99.23
-99.27
-99.13
-99.26
-99.00
-98.81
-99.01
-99.09
-99.16
-99.34
-99.33
-99.31
-99.29
-99.19
-99.20
-99.16
-99.33
-99.13
-99.04
-99.17
-99.04
-99.19
-79.79
-72.34
-65.74
-65.74
-66.04
-67.03
-99.02
-99.04
-99.19
-99.43
-99.46
-99.47
-97.91
-92.36
-91.08
-91.07
-91.02
-93.74
-98.51
-98.60
-98.75
-98.98
-99.14
-99.15
-99.34
-99.50
-99.58
-99.49
-99.33
-98.96
-98.96
-98.87
-98.90
-98.98
-99.03
-99.15
-99.30
-99.41
-99.31
-99.23
-98.99
-99.14
-98.81
-98.88
-98.98
-98.97
-99.14
-99.25
-99.06
-99.11
-99.09
-99.08
-99.21
-99.31
-99.11
-99.19
-99.33
-99.45
-99.38
-99.12
-98.77
-98.53
-98.55
-98.87
-98.89
-98.99
-99.15
-99.04
-99.03
-98.97
-98.96
-98.93
-98.89
-99.11
-99.12
-99.16
-99.37
-99.44
-99.47
-99.49
-99.41
-99.39
-99.23
-99.23
-99.09
-98.90
-98.66
-98.69
-98.85
-98.98
-99.11
-99.10
-99.02
-98.91
-98.95
-98.96
-98.99
-99.24
-98.96
-99.05
-98.82
-98.74
-98.76
-98.90
-99.10
-99.16
-99.27
-99.34
-99.41
-99.23
-99.17
-99.28
-99.36
-99.39
-99.29
-99.19
-99.02
-98.92
-99.18
-99.31
-99.40
-99.50
-99.34
-99.16
-99.25
-99.11
-99.23
-99.31
-99.31
-99.34
-99.42
-99.27
-99.12
-99.11
-99.05
-99.16
-99.21
-99.30
-99.39
-99.32
-99.35
-99.13
-98.90
-98.97
-99.08
-99.21
-99.34
-99.29
-99.14
-99.34
-99.09
-99.22
-99.28
-99.11
-99.42
-99.35
-99.27
-99.35
-99.18
-99.15
-99.28
-99.46
-99.57
-99.70
-99.47
-99.26
-99.13
-98.93
-98.82
-98.66
-98.65
-98.79
-98.93
-99.14
-99.29
-99.24
-98.88
-98.50
-98.51
-98.45
-98.71
-98.76
-98.84
-98.71
-98.72
-99.05
-99.22
-99.31
-99.28
-99.24
-99.23
-99.23
-99.23
-99.22
-99.24
-99.22
-99.12
-99.04
-99.00
-99.01
-99.14
-99.40
-99.24
-99.23
-99.19
-98.97
-99.20
-99.06
-99.18
-99.30
-99.31
-99.40
-99.24
-99.24
-99.12
-99.12
-99.27
-99.20
-99.09
-99.26
-99.18
-99.34
-99.49
-99.45
-99.32
-99.19
-98.98
-99.07
-98.88
-98.98
-99.14
-99.17
-99.23
-99.09
-99.11
-98.96
-98.85
-98.89
-98.94
-99.19
-99.10
-99.53
-99.50
-99.30
-99.26
-99.13
-99.01
-99.02
-98.96
-99.09
-99.14
-99.04
-98.87
-98.73
-98.66
-98.85
-99.04
-98.96
-99.19
-99.02
-99.08
-99.06
-99.02
-99.05
-99.15
-99.27
-99.44
-99.41
-99.21
-99.21
-99.16
-99.07
-99.36
-99.30
-99.29
-99.25
-99.20
