Frequency: 1.000000
Sample Rate: 1000000.000000
Vector Length: 1
Notes: 
-379.30
-104.18
-101.44
-99.90
-98.87
-98.97
-99.07
-99.12
-99.11
-98.94
-98.62
-98.76
-98.77
-98.91
-99.02
-99.13
-99.13
-99.10
-99.18
-99.04
-98.98
-99.07
-99.15
-99.23
-99.36
-99.18
-99.05
-98.92
-98.88
-98.86
-98.90
-98.80
-98.87
-98.83
-98.78
-98.96
-98.85
-98.99
-99.02
-99.06
-98.94
-99.02
-98.98
-98.92
-99.00
-99.08
-99.05
-99.03
-98.86
-98.57
-98.48
-98.43
-98.23
-98.25
-98.45
-98.40
-98.65
-98.91
-98.93
-99.05
-98.95
-99.07
-99.10
-98.97
-98.89
-98.63
-98.48
-98.57
-98.83
-99.00
-99.06
-99.18
-99.31
-99.23
-99.30
-99.29
-99.29
-99.32
-99.29
-99.50
-99.36
-99.38
-99.43
-99.40
-99.36
-99.17
-99.02
-98.97
-98.92
-98.89
-99.04
-99.10
-98.95
-99.20
-99.11
-99.12
-99.30
-99.13
-99.00
-98.89
-98.73
-98.93
-98.93
-99.00
-98.80
-98.66
-98.90
-98.95
-98.93
-99.20
-99.09
-99.13
-99.16
-99.27
-99.24
-99.03
-98.94
-99.02
-99.02
-99.13
-99.15
-99.19
-99.32
-99.27
-99.22
-98.99
-99.12
-98.95
-99.00
-99.08
-99.05
-99.11
-98.91
-98.92
-98.87
-98.73
-98.87
-99.03
-99.03
-99.24
-99.30
-99.26
-99.08
-99.02
-99.08
-99.16
-99.06
-98.87
-98.78
-98.60
-98.71
-98.72
-98.84
-99.00
-99.12
-98.99
-99.08
-99.17
-99.16
-99.12
-99.05
-98.81
-98.81
-98.85
-99.09
-99.13
-99.10
-99.07
-98.99
-98.85
-98.99
-98.93
-98.76
-98.92
-99.02
-99.11
-99.20
-99.37
-99.25
-99.12
-99.04
-98.82
-98.87
-99.07
-99.24
-99.35
-99.36
-99.11
-99.00
-98.78
-98.80
-98.98
-99.18
-99.31
-99.22
-99.29
-99.29
-99.12
-99.13
-99.05
-99.02
-98.94
-98.95
-99.10
-99.03
-98.96
-99.05
-98.95
-99.07
-99.12
-99.07
-99.35
-99.36
-99.35
-99.27
-98.71
-98.32
-98.42
-98.29
-98.51
-98.99
-99.07
-99.13
-99.00
-99.19
-99.21
-99.15
-99.11
-98.88
-98.93
-98.82
-98.88
-99.03
-98.79
-98.73
-98.59
-98.35
-98.37
-98.56
-98.73
-98.90
-98.89
-98.91
-98.88
-98.82
-98.99
-98.95
-99.03
-99.27
-99.40
-99.47
-99.26
-98.98
-98.70
-98.61
-98.70
-98.66
-99.00
-99.06
-99.11
-99.16
-99.10
-99.10
-99.20
-99.12
-99.19
-99.13
-99.04
-98.97
-98.58
-98.43
-98.49
-98.63
-98.86
-98.94
-98.73
-98.65
-98.68
-98.89
-99.14
-99.17
-99.41
-99.17
-99.11
-99.18
-99.09
-99.14
-99.04
-99.03
-99.10
-99.15
-99.37
-99.37
-99.16
-98.90
-98.78
-98.59
-98.87
-98.85
-98.86
-99.22
-99.11
-99.20
-99.17
-98.93
-99.02
-99.03
-99.03
-99.09
-98.99
-98.97
-99.02
-99.07
-98.94
-98.94
-98.99
-99.13
-99.13
-99.19
-99.14
-99.17
-99.19
-99.10
-99.30
-99.27
-99.24
-99.34
-99.06
-99.00
-99.00
-98.92
-98.91
-98.95
-99.03
-98.98
-98.86
-75.70
-71.69
-71.69
-71.69
-73.41
-90.10
-99.24
-99.17
-99.14
-98.98
-99.01
-99.08
-99.13
-98.99
-98.86
-98.93
-98.90
-99.05
-99.18
-99.03
-99.11
-99.20
-99.25
-99.31
-99.30
-99.33
-99.24
-99.22
-99.16
-98.99
-98.82
-98.83
-98.79
-98.77
-98.80
-98.46
-98.59
-98.66
-98.73
-99.17
-99.35
-99.11
-98.99
-98.82
-98.78
-98.80
-98.71
-98.62
-98.46
-98.64
-98.73
-99.00
-98.98
-99.11
-99.01
-99.09
-99.26
-99.30
-99.23
-99.06
-98.80
-98.72
-98.87
-99.02
-98.06
-97.51
-96.71
-96.66
-97.33
-98.06
-99.25
-99.42
-99.21
-99.14
-99.20
-99.19
-99.24
-99.21
-99.15
-99.03
-98.95
-98.96
