Frequency: 1.000000
Sample Rate: 1000000.000000
Vector Length: 1
Notes: 
-379.30
-103.89
-101.73
-100.05
-98.99
-99.09
-99.13
-99.28
-99.43
-99.53
-99.31
-99.35
-99.43
-99.35
-99.37
-99.41
-99.28
-99.28
-99.34
-99.24
-99.07
-98.92
-98.83
-98.95
-98.91
-99.03
-99.02
-98.79
-98.95
-99.05
-99.09
-99.14
-99.14
-99.11
-99.05
-99.00
-99.06
-99.11
-99.13
-99.22
-99.24
-99.06
-99.26
-99.33
-99.33
-99.46
-99.24
-99.15
-99.21
-99.15
-99.21
-99.30
-99.39
-99.49
-99.42
-99.42
-99.34
-99.36
-99.34
-99.48
-99.52
-99.40
-99.52
-99.38
-99.37
-99.39
-99.26
-99.08
-98.95
-98.86
-98.82
-98.87
-98.86
-98.84
-99.07
-99.02
-99.16
-99.17
-99.15
-99.22
-99.19
-99.18
-99.06
-99.08
-99.02
-99.15
-99.11
-98.72
-98.59
-98.55
-98.72
-99.07
-99.29
-99.40
-99.42
-99.24
-99.16
-98.93
-98.76
-98.78
-98.81
-99.03
-99.05
-99.02
-99.16
-98.88
-98.97
-99.12
-99.19
-99.11
-98.89
-97.24
-97.23
-97.33
-97.48
-99.14
-99.14
-99.19
-99.28
-99.37
-99.24
-99.10
-99.01
-98.99
-99.04
-99.07
-99.28
-99.39
-99.24
-99.40
-99.35
-99.25
-99.30
-98.95
-99.03
-99.06
-99.16
-99.36
-99.20
-98.99
-98.86
-98.89
-99.13
-99.37
-99.51
-99.42
-99.21
-99.23
-99.14
-99.09
-99.13
-98.99
-99.20
-99.45
-99.61
-99.49
-99.34
-99.19
-99.12
-99.37
-99.38
-99.42
-99.38
-99.27
-99.31
-99.38
-99.39
-99.30
-99.37
-99.17
-98.95
-98.95
-99.05
-99.24
-99.44
-99.42
-99.34
-99.36
-99.11
-99.31
-99.16
-97.86
-96.71
-96.58
-96.59
-97.41
-98.13
-99.06
-98.97
-99.13
-99.30
-99.31
-99.60
-99.39
-99.36
-99.32
-99.05
-99.24
-99.37
-99.13
-99.26
-98.96
-98.93
-98.89
-99.03
-99.07
-99.11
-99.35
-99.37
-99.40
-99.32
-99.28
-99.07
-98.95
-99.01
-99.09
-99.01
-99.07
-99.02
-98.97
-98.88
-99.01
-98.93
-99.05
-99.17
-99.23
-99.39
-99.25
-99.20
-99.14
-98.94
-99.01
-99.12
-98.95
-99.20
-99.08
-99.05
-98.95
-98.85
-98.76
-98.78
-98.84
-99.10
-98.97
-98.81
-98.94
-98.77
-99.05
-99.01
-98.75
-98.82
-98.79
-99.00
-99.32
-99.24
-99.24
-99.13
-99.11
-99.11
-99.19
-99.18
-99.29
-99.26
-99.30
-99.42
-99.36
-99.54
-99.45
-99.26
-99.15
-99.09
-98.84
-99.07
-99.12
-99.28
-99.22
-99.14
-99.12
-99.03
-99.11
-99.25
-99.15
-99.09
-99.06
-98.93
-98.92
-98.94
-98.93
-98.90
-98.98
-99.30
-99.26
-99.34
-99.11
-98.93
-98.95
-98.87
-99.16
-99.32
-99.27
-99.28
-99.14
-99.26
-99.36
-99.14
-99.30
-99.25
-99.17
-99.32
-99.44
-99.36
-99.32
-99.44
-99.25
-99.27
-99.15
-98.92
-98.60
-98.57
-98.65
-98.78
-99.00
-99.21
-99.31
-99.39
-99.32
-99.30
-99.18
-99.06
-98.87
-98.91
-98.99
-99.12
-99.26
-99.10
-99.01
-98.83
-98.92
-99.02
-99.00
-99.04
-99.09
-98.98
-98.94
-99.05
-99.11
-99.18
-99.31
-99.16
-99.10
-99.24
-99.29
-99.42
-99.30
-99.11
-99.00
-98.83
-98.76
-98.94
-99.02
-99.16
-99.14
-99.08
-99.11
-99.14
-98.76
-98.78
-98.70
-97.79
-98.09
-97.99
-97.93
-98.90
-99.03
-99.12
-99.30
-99.31
-99.17
-99.12
-98.97
-99.01
-99.22
-99.17
-99.44
-99.27
-99.26
-99.17
-98.99
-99.12
-99.19
-99.21
-99.22
-99.34
-99.20
-99.30
-99.36
-99.09
-99.01
-98.90
-98.75
-98.48
-98.48
-98.63
-98.80
-98.78
-99.04
-99.00
-98.66
-98.82
-98.91
-98.75
-98.90
-98.81
-98.78
-98.90
-98.99
-99.21
-99.14
