Frequency: 1.000000
Sample Rate: 1000000.000000
Vector Length: 1
Notes: 
-76.97
-66.26
-66.25
-66.25
-66.26
-99.04
-98.99
-98.88
-98.95
-98.96
-99.04
-99.22
-99.22
-99.09
-99.14
-99.20
-99.19
-99.28
-99.21
-99.02
-99.04
-99.20
-99.22
-99.36
-99.27
-99.24
-99.26
-99.16
-99.09
-98.87
-98.69
-98.63
-98.56
-98.88
-98.84
-98.85
-99.07
-99.18
-99.09
-98.96
-98.69
-98.68
-98.77
-98.79
-98.87
-98.50
-98.54
-98.64
-98.86
-99.11
-99.24
-99.32
-99.30
-99.40
-99.47
-99.30
-99.29
-99.09
-98.97
-99.08
-99.08
-99.21
-99.31
-99.20
-99.00
-98.92
-98.91
-98.91
-99.11
-99.21
-99.25
-99.16
-99.08
-98.98
-99.07
-99.01
-99.20
-99.10
-99.30
-99.47
-99.43
-99.54
-99.62
-99.43
-99.42
-99.32
-99.22
-99.23
-99.16
-99.40
-99.36
-99.40
-99.31
-99.38
-99.13
-99.12
-99.17
-99.02
-99.16
-99.27
-99.25
-99.24
-99.35
-99.28
-99.29
-99.25
-99.08
-99.13
-99.19
-99.37
-99.25
-99.15
-98.91
-98.90
-99.04
-99.19
-99.24
-99.30
-99.23
-99.09
-99.12
-99.17
-99.26
-99.30
-99.36
-99.27
-99.29
-99.23
-99.37
-99.26
-99.25
-98.94
-98.71
-98.70
-98.74
-98.91
-99.20
-99.02
-98.87
-99.23
-99.18
-99.35
-99.53
-99.32
-99.30
-99.22
-99.11
-99.04
-99.12
-99.14
-99.14
-99.20
-99.13
-99.20
-99.18
-98.93
-98.83
-98.87
-98.93
-99.12
-99.23
-99.20
-99.17
-99.06
-98.97
-99.04
-99.29
-99.28
-99.34
-99.10
-99.06
-99.36
-99.39
-99.39
-99.42
-99.37
-99.41
-99.27
-99.34
-99.22
-99.10
-99.10
-99.02
-99.14
-99.22
-99.35
-99.21
-99.24
-99.27
-99.43
-99.35
-99.21
-99.01
-98.87
-98.97
-99.09
-99.19
-98.96
-98.97
-99.05
-99.16
-99.26
-99.28
-99.20
-99.03
-98.81
-98.70
-98.69
-98.82
-98.97
-98.95
-99.02
-99.15
-99.13
-99.20
-99.38
-99.45
-99.56
-99.53
-99.34
-99.40
-99.41
-99.46
-99.51
-99.50
-99.61
-99.32
-99.42
-99.19
-99.02
-99.05
-99.11
-99.23
-99.32
-99.31
-99.16
-99.10
-99.03
-99.16
-99.11
-99.22
-99.22
-98.69
-98.70
-98.50
-98.59
-98.91
-99.28
-99.23
-99.27
-99.30
-99.30
-99.38
-99.22
-99.15
-99.06
-98.75
-98.58
-98.38
-98.60
-98.97
-99.34
-99.68
-99.83
-99.69
-99.64
-99.65
-99.61
-99.44
-99.61
-99.32
-99.23
-99.32
-99.14
-99.17
-99.17
-99.22
-99.25
-99.30
-99.21
-99.21
-99.23
-99.15
-99.19
-99.25
-99.16
-99.30
-99.36
-99.31
-99.28
-99.24
-99.36
-99.32
-99.36
-99.07
-98.77
-98.72
-98.60
-98.98
-99.34
-99.57
-99.46
-99.05
-98.96
-98.87
-99.01
-99.05
-99.15
-99.05
-98.92
-99.33
-99.24
-99.32
-99.28
-99.20
-99.26
-99.18
-99.22
-99.23
-99.13
-99.06
-99.07
-99.08
-99.33
-99.40
-99.32
-99.36
-99.17
-99.08
-99.15
-99.08
-99.10
-99.14
-99.15
-99.03
-98.87
-98.90
-99.02
-99.16
-99.46
-99.39
-99.00
-99.16
-99.02
-98.99
-99.40
-99.24
-99.39
-99.32
-99.03
-99.02
-98.94
-98.90
-99.08
-99.14
-99.01
-99.04
-99.25
-99.41
-99.35
-99.29
-99.00
-98.11
-97.57
-97.63
-97.88
-97.82
-99.11
-99.09
-99.19
-99.44
-99.36
-99.37
-99.00
-98.66
-98.59
-98.61
-98.81
-98.98
-99.11
-99.28
-99.29
-99.28
-99.32
-99.28
-99.14
-99.18
-99.18
-99.17
-99.42
-99.36
-99.39
-99.39
-99.20
-99.17
-99.16
-99.21
-99.27
-99.24
-99.21
-99.13
-99.15
-99.25
-99.40
-99.55
-99.43
-99.44
-99.13
-98.98
-98.89
-98.54
-98.73
-98.52
-98.20
-98.07
-98.13
-98.37
-98.90
