Frequency: 1.000000
Sample Rate: 1000000.000000
Vector Length: 1
Notes: 
-379.30
-104.15
-101.58
-99.83
-98.69
-98.58
-98.57
-98.70
-98.70
-98.84
-98.98
-99.02
-99.12
-99.09
-98.90
-98.97
-99.02
-99.17
-99.24
-99.19
-99.12
-98.93
-98.83
-99.11
-98.96
-98.88
-98.94
-98.86
-98.80
-98.76
-98.79
-98.86
-98.96
-98.98
-99.00
-98.93
-98.95
-99.22
-99.30
-99.41
-99.30
-99.51
-99.35
-99.31
-99.04
-98.73
-98.56
-98.55
-98.60
-98.88
-99.13
-99.04
-98.87
-98.93
-99.02
-99.12
-99.08
-99.00
-98.78
-98.73
-98.79
-99.03
-99.06
-99.09
-98.90
-98.82
-98.89
-98.87
-98.95
-98.90
-98.90
-98.83
-98.85
-98.93
-99.06
-99.00
-98.96
-98.98
-98.78
-98.85
-99.02
-99.13
-99.28
-99.43
-99.39
-99.29
-98.99
-98.81
-98.81
-98.87
-99.07
-99.05
-98.90
-98.77
-98.77
-98.90
-99.04
-99.30
-99.22
-98.79
-96.86
-96.73
-96.71
-96.99
-97.99
-98.98
-99.09
-99.18
-99.06
-99.15
-99.11
-98.98
-99.09
-99.23
-99.14
-98.99
-98.89
-98.70
-98.79
-98.75
-98.82
-99.09
-98.94
-99.04
-99.05
-98.77
-98.66
-98.66
-98.39
-98.53
-98.80
-98.83
-99.05
-99.03
-98.90
-98.96
-98.98
-99.08
-99.04
-98.99
-98.97
-99.07
-99.25
-99.25
-99.22
-99.24
-99.01
-98.87
-98.63
-98.50
-98.64
-98.87
-99.23
-99.17
-99.30
-99.21
-99.19
-99.35
-99.26
-99.39
-99.33
-99.26
-99.13
-98.92
-98.62
-98.60
-98.84
-98.90
-99.25
-99.30
-99.28
-99.31
-99.25
-99.26
-98.98
-98.88
-98.81
-98.85
-98.98
-98.85
-98.92
-98.78
-98.89
-99.03
-98.93
-99.00
-98.93
-99.03
-99.06
-98.99
-99.11
-99.21
-99.00
-98.93
-98.88
-98.83
-99.16
-99.41
-99.39
-99.28
-99.02
-98.79
-98.80
-98.79
-98.87
-99.14
-99.20
-99.01
-98.94
-98.59
-98.58
-98.35
-98.37
-98.53
-98.56
-98.73
-99.07
-98.93
-98.96
-98.90
-98.72
-98.75
-98.71
-98.80
-98.75
-98.82
-98.69
-98.69
-98.71
-98.61
-98.63
-98.63
-98.68
-98.90
-99.05
-99.19
-99.26
-99.37
-99.50
-99.37
-99.39
-99.24
-98.94
-98.91
-98.70
-98.76
-99.02
-98.89
-99.01
-99.03
-98.95
-98.90
-98.97
-98.91
-99.07
-99.09
-99.04
-99.03
-99.05
-99.01
-99.02
-99.05
-99.00
-99.02
-99.05
-99.10
-98.98
-99.11
-99.06
-99.18
-99.25
-99.14
-99.05
-98.94
-98.88
-98.88
-98.96
-99.09
-99.14
-99.08
-99.08
-99.13
-99.29
-99.28
-99.43
-99.45
-99.25
-99.13
-99.17
-99.12
-99.08
-99.01
-99.05
-99.10
-99.00
-99.22
-99.09
-98.93
-99.14
-99.12
-98.94
-98.93
-99.02
-98.93
-99.09
-99.03
-98.72
-98.63
-98.57
-98.65
-98.96
-98.97
-98.89
-98.67
-98.56
-98.63
-98.81
-98.97
-99.02
-98.97
-99.05
-99.13
-99.19
-99.33
-99.20
-99.26
-99.18
-99.34
-99.36
-99.14
-99.11
-99.14
-99.02
-98.89
-99.03
-99.04
-99.10
-99.01
-98.93
-98.91
-98.98
-98.98
-98.90
-98.91
-98.49
-98.67
-98.79
-98.89
-99.02
-98.88
-98.78
-98.74
-98.86
-99.03
-99.16
-99.07
-99.10
-99.06
-98.98
-99.07
-99.05
-99.03
-99.10
-99.16
-98.96
-98.94
-98.93
-98.71
-98.87
-98.90
-98.89
-98.89
-98.95
-99.02
-99.10
-99.16
-99.04
-98.88
-98.57
-98.66
-98.76
-99.04
-99.10
-99.07
-98.99
-99.00
-98.99
-98.77
-98.81
-98.85
-98.83
-98.91
-98.91
-98.95
-98.94
-99.01
-99.12
-98.98
-98.98
-98.97
-98.94
-99.03
-99.08
-99.10
-99.23
-99.08
-99.15
-99.08
-99.04
-99.11
-99.12
-99.07
-98.99
-98.88
-98.90
-98.99
-99.00
-98.97
