Frequency: 1.000000
Sample Rate: 1000000.000000
Vector Length: 1
Notes: 
-379.30
-103.23
-100.54
-99.32
-98.35
-98.21
-98.46
-98.45
-98.48
-98.73
-98.91
-98.79
-98.78
-98.65
-98.75
-98.63
-98.56
-98.59
-98.42
-98.37
-98.55
-98.42
-98.21
-98.12
-98.15
-98.32
-98.61
-98.80
-98.93
-98.91
-98.76
-98.87
-98.62
-98.28
-98.24
-98.28
-98.24
-98.45
-98.63
-98.57
-98.47
-98.69
-98.68
-98.72
-98.70
-98.73
-98.71
-98.82
-98.59
-98.52
-98.54
-98.35
-98.27
-98.40
-98.48
-98.53
-98.51
-98.44
-98.39
-98.38
-98.49
-98.65
-98.70
-98.84
-98.75
-98.73
-98.69
-98.70
-98.76
-98.67
-98.47
-98.42
-98.39
-98.50
-98.49
-98.56
-98.65
-98.50
-98.69
-98.69
-98.68
-98.88
-98.96
-98.88
-99.00
-98.85
-98.84
-98.81
-98.60
-98.45
-98.68
-98.71
-98.68
-98.80
-98.61
-98.57
-98.56
-98.63
-98.65
-98.65
-98.50
-98.53
-98.51
-98.66
-98.58
-98.57
-98.45
-98.43
-98.49
-98.60
-98.70
-98.83
-98.71
-98.65
-98.66
-98.62
-98.52
-98.41
-98.45
-98.33
-98.45
-98.46
-98.53
-98.42
-98.56
-98.71
-98.56
-98.61
-98.54
-98.45
-98.66
-98.45
-98.47
-98.41
-98.33
-98.34
-98.31
-98.55
-98.74
-98.65
-98.58
-98.65
-98.74
-98.81
-98.80
-98.59
-98.35
-98.37
-98.46
-98.71
-98.97
-98.86
-98.98
-98.59
-98.41
-98.32
-98.26
-98.34
-98.47
-98.63
-98.55
-98.63
-98.53
-98.55
-98.49
-98.53
-98.69
-98.64
-98.64
-67.13
-61.88
-61.24
-61.25
-61.94
-67.29
-83.22
-98.79
-98.88
-98.94
-98.71
-98.69
-98.46
-98.46
-98.49
-98.46
-98.59
-98.62
-98.61
-98.61
-98.43
-98.51
-98.48
-98.50
-98.84
-98.79
-98.82
-98.72
-98.96
-98.91
-98.97
-98.78
-98.74
-98.59
-98.37
-98.50
-98.56
-98.40
-98.50
-98.47
-98.35
-98.38
-98.58
-98.71
-98.66
-98.46
-98.22
-98.25
-98.41
-98.63
-98.45
-98.63
-98.56
-98.49
-98.59
-98.63
-98.68
-98.66
-98.79
-98.73
-98.87
-98.86
-98.73
-98.57
-98.31
-98.22
-98.53
-98.48
-98.82
-98.71
-98.58
-98.59
-98.53
-98.60
-98.49
-98.43
-98.14
-89.71
-89.76
-89.76
-89.81
-98.93
-98.64
-98.64
-98.66
-98.67
-98.93
-99.02
-98.82
-98.64
-98.69
-98.46
-98.49
-98.62
-98.55
-98.64
-98.66
-98.59
-98.52
-98.43
-98.37
-98.50
-98.54
-98.62
-98.67
-98.68
-98.46
-98.53
-98.66
-98.62
-98.82
-98.84
-98.76
-98.78
-98.71
-98.62
-98.65
-98.50
-98.49
-98.50
-98.47
-98.61
-98.73
-98.74
-98.88
-98.79
-98.59
-98.54
-98.55
-98.72
-98.72
-98.84
-98.93
-98.91
-98.93
-98.94
-98.78
-98.73
-98.77
-98.73
-98.81
-98.81
-98.84
-98.89
-98.71
-98.72
-98.55
-98.56
-98.65
-98.31
-97.90
-80.26
-75.78
-75.78
-75.78
-76.09
-97.12
-98.20
-98.52
-98.57
-98.62
-98.64
-98.71
-98.90
-98.96
-98.87
-98.63
-98.47
-98.41
-98.38
-98.61
-98.76
-98.58
-98.63
-98.55
-98.48
-98.66
-98.70
-98.81
-98.64
-98.74
-98.36
-98.40
-98.52
-98.43
-98.62
-98.66
-98.45
-98.50
-98.60
-98.69
-98.86
-98.87
-98.99
-98.95
-98.90
-98.73
-98.74
-98.71
-98.65
-98.75
-98.63
-98.53
-98.60
-98.63
-98.72
-99.03
-99.21
-99.07
-99.05
-98.82
-98.56
-98.58
-98.42
-98.50
-98.57
-98.56
-98.58
-98.59
-98.49
-98.44
-98.56
-98.52
-98.59
-98.66
-98.72
-98.71
-98.71
-98.64
-98.60
-98.73
-98.88
-98.85
-98.93
-98.93
-98.79
-98.64
-98.45
-98.43
-98.43
-98.59
-98.53
-98.79
-98.77
-98.51
-98.63
-98.49
-98.39
-98.39
-98.59
