Frequency: 1.000000
Sample Rate: 1000000.000000
Vector Length: 1
Notes: 
-379.30
-103.74
-101.37
-99.77
-98.78
-98.66
-98.73
-98.71
-98.51
-98.73
-98.60
-98.78
-98.89
-98.85
-98.99
-98.91
-98.87
-99.09
-99.06
-98.87
-98.83
-98.76
-98.77
-98.84
-98.76
-98.93
-99.03
-99.00
-99.08
-98.90
-98.70
-98.81
-99.01
-98.94
-98.80
-98.90
-98.67
-98.68
-98.68
-98.60
-98.63
-98.65
-98.59
-98.49
-98.55
-98.45
-98.69
-98.65
-98.55
-98.62
-98.55
-98.71
-98.84
-98.75
-98.84
-98.81
-98.88
-98.80
-98.86
-98.99
-98.84
-99.01
-99.11
-99.08
-99.11
-99.11
-98.95
-98.80
-98.66
-98.53
-98.57
-98.51
-98.65
-98.77
-98.64
-98.67
-98.81
-98.89
-98.57
-98.52
-98.13
-97.90
-98.24
-98.49
-98.84
-99.03
-98.98
-99.02
-99.02
-98.85
-98.64
-98.69
-98.73
-98.86
-99.06
-99.06
-98.92
-98.94
-98.97
-99.05
-99.09
-98.93
-98.85
-98.78
-98.86
-99.01
-98.77
-98.98
-98.75
-98.77
-99.02
-98.85
-98.75
-98.82
-98.95
-98.95
-98.92
-98.67
-98.48
-98.60
-98.69
-98.91
-98.83
-98.68
-98.68
-98.67
-98.84
-98.99
-98.97
-99.10
-98.69
-98.69
-98.64
-98.50
-98.54
-98.71
-98.86
-98.98
-99.23
-98.86
-98.57
-98.37
-98.56
-98.79
-98.89
-99.08
-98.69
-98.69
-98.69
-98.53
-98.66
-98.57
-98.58
-98.67
-98.53
-98.50
-98.56
-98.74
-98.63
-98.78
-98.77
-98.98
-99.21
-99.14
-99.18
-99.13
-98.93
-99.06
-98.83
-98.70
-98.73
-98.67
-98.76
-98.79
-98.87
-98.97
-99.15
-99.05
-99.11
-98.89
-98.77
-98.84
-98.81
-98.89
-99.07
-99.09
-99.01
-98.89
-98.76
-98.72
-98.93
-99.03
-99.17
-99.14
-98.89
-98.86
-98.76
-98.76
-98.88
-98.79
-98.87
-98.73
-98.75
-98.80
-98.54
-98.55
-98.31
-98.24
-98.35
-98.48
-98.65
-98.96
-99.03
-99.07
-98.97
-98.80
-98.80
-98.79
-98.68
-98.70
-98.74
-98.65
-98.79
-98.92
-98.86
-99.01
-98.90
-98.78
-98.80
-98.71
-98.74
-98.90
-98.90
-98.81
-99.05
-98.93
-98.92
-98.86
-98.64
-97.59
-96.96
-96.09
-94.72
-70.03
-70.02
-70.02
-70.03
-74.53
-98.09
-99.05
-98.76
-98.82
-98.64
-98.87
-99.01
-98.92
-98.96
-98.76
-98.72
-98.83
-98.90
-98.87
-98.86
-98.85
-98.80
-98.79
-98.80
-98.77
-98.91
-98.94
-98.91
-99.02
-98.96
-99.04
-98.94
-98.99
-99.19
-99.13
-99.04
-98.92
-98.86
-98.83
-98.92
-98.88
-98.84
-98.78
-98.83
-98.75
-98.66
-98.81
-98.69
-98.80
-98.73
-98.73
-98.74
-98.76
-98.81
-98.81
-98.76
-98.89
-98.76
-98.75
-98.71
-98.73
-99.09
-99.10
-99.03
-98.77
-98.69
-98.55
-98.47
-98.73
-98.74
-98.61
-98.62
-98.85
-98.82
-98.96
-98.97
-98.74
-98.84
-98.80
-98.91
-98.94
-98.70
-98.59
-98.65
-98.77
-98.77
-98.85
-98.93
-99.08
-99.08
-99.13
-99.14
-99.11
-99.00
-98.90
-98.80
-98.80
-98.93
-99.15
-99.23
-99.35
-99.19
-99.22
-98.94
-98.98
-99.13
-98.83
-98.77
-98.74
-98.76
-98.78
-98.67
-98.55
-98.41
-98.60
-98.84
-98.96
-98.97
-98.85
-98.72
-98.69
-98.67
-98.79
-99.03
-98.99
-99.12
-98.96
-98.72
-98.84
-98.66
-98.61
-98.83
-98.82
-98.80
-99.13
-98.98
-98.98
-99.03
-99.24
-98.97
-98.72
-98.51
-98.27
-98.23
-98.34
-98.41
-98.30
-98.26
-98.32
-97.96
-71.04
-67.94
-67.94
-67.94
-67.96
-98.32
-98.69
-98.75
-98.81
-98.66
-98.71
-98.68
-98.55
-98.47
-98.45
-98.50
-98.59
-98.67
-98.84
-98.92
-98.89
-99.06
-98.98
