Frequency: 1.000000
Sample Rate: 1000000.000000
Vector Length: 1
Notes: 
-76.97
-66.26
-66.25
-66.25
-66.26
-99.01
-98.99
-98.93
-98.97
-98.75
-98.62
-98.71
-98.54
-98.73
-98.75
-98.79
-98.82
-98.55
-98.51
-98.54
-98.29
-98.41
-98.49
-98.37
-98.56
-98.61
-98.39
-98.18
-98.21
-98.22
-98.25
-98.36
-98.39
-98.44
-98.65
-98.59
-98.61
-98.54
-98.34
-98.24
-98.36
-98.41
-98.52
-98.50
-98.55
-98.49
-98.46
-98.32
-98.25
-98.28
-98.41
-98.25
-98.40
-98.50
-98.61
-98.88
-99.04
-99.03
-99.02
-98.98
-99.06
-99.01
-98.94
-98.98
-98.95
-98.86
-98.75
-98.71
-98.68
-98.58
-98.58
-98.66
-98.63
-98.50
-98.51
-98.46
-98.51
-98.66
-98.79
-98.83
-98.81
-98.80
-98.66
-98.81
-98.71
-98.54
-98.63
-98.55
-98.60
-98.48
-98.40
-98.49
-98.55
-98.68
-98.54
-98.31
-98.25
-98.34
-98.28
-98.58
-98.54
-98.54
-98.74
-98.60
-98.57
-98.35
-98.09
-94.37
-70.49
-70.49
-70.49
-70.50
-96.77
-98.52
-98.64
-98.61
-98.69
-98.73
-98.58
-98.79
-98.67
-98.79
-98.49
-98.24
-98.16
-98.13
-98.32
-98.45
-98.64
-98.76
-98.78
-98.71
-98.60
-98.59
-98.60
-98.65
-98.69
-98.56
-98.53
-98.46
-98.46
-98.42
-98.58
-98.66
-98.86
-99.03
-98.93
-98.89
-98.73
-98.77
-98.65
-98.60
-98.71
-98.54
-98.54
-98.64
-98.68
-98.79
-98.86
-98.87
-98.98
-98.94
-98.96
-99.05
-98.89
-98.78
-98.61
-98.63
-98.43
-98.48
-98.50
-98.41
-98.34
-98.39
-98.38
-98.44
-98.65
-98.62
-98.58
-98.56
-98.32
-98.34
-98.37
-98.30
-98.39
-98.54
-98.61
-98.77
-98.83
-98.88
-98.91
-98.70
-98.64
-98.64
-98.49
-98.51
-98.59
-98.54
-98.72
-98.80
-98.57
-98.51
-98.43
-98.32
-98.50
-98.46
-98.47
-98.55
-98.32
-98.30
-98.37
-98.34
-98.71
-98.80
-98.55
-98.51
-98.55
-98.49
-98.43
-98.46
-98.23
-98.34
-98.38
-98.49
-98.77
-98.67
-98.65
-98.53
-98.42
-98.53
-98.68
-98.78
-98.76
-98.71
-98.49
-98.39
-98.25
-98.36
-98.51
-98.69
-98.91
-98.92
-98.82
-98.73
-98.27
-98.14
-97.82
-97.95
-98.25
-98.38
-98.68
-98.66
-98.57
-98.69
-98.74
-98.62
-98.54
-98.39
-98.40
-98.46
-98.47
-98.62
-98.45
-98.49
-98.41
-98.32
-98.44
-98.66
-98.61
-98.75
-98.82
-98.75
-98.90
-98.96
-99.09
-99.06
-98.85
-98.79
-98.55
-98.48
-98.34
-98.20
-98.19
-98.14
-98.20
-98.44
-98.59
-98.61
-98.63
-98.58
-98.42
-98.64
-98.58
-98.50
-98.58
-98.64
-98.58
-98.58
-98.48
-98.44
-98.54
-98.59
-98.52
-98.60
-98.55
-98.66
-98.69
-98.73
-98.75
-98.82
-98.69
-98.67
-98.61
-98.44
-98.42
-98.51
-98.60
-98.77
-98.74
-98.83
-98.68
-97.93
-97.54
-97.46
-97.47
-97.84
-98.50
-98.50
-98.36
-98.51
-98.30
-98.51
-98.66
-98.57
-98.71
-98.69
-98.65
-98.60
-98.61
-98.65
-98.58
-98.48
-98.40
-98.48
-98.75
-98.74
-98.92
-98.91
-98.93
-98.84
-98.71
-98.67
-98.57
-98.45
-98.51
-98.60
-98.56
-98.75
-98.65
-98.56
-97.41
-96.19
-96.10
-96.21
-96.88
-98.54
-98.59
-98.58
-99.00
-98.90
-98.93
-98.89
-98.57
-98.65
-98.58
-98.37
-98.43
-98.57
-98.46
-98.48
-98.49
-98.35
-98.44
-98.37
-98.41
-98.35
-98.37
-98.47
-98.64
-98.86
-98.95
-98.95
-98.85
-98.57
-98.38
-98.36
-98.19
-98.36
-98.38
-98.44
-98.56
-98.71
-98.91
-98.85
-98.72
-98.79
-98.78
-98.73
-98.80
-98.65
-98.59
-98.48
-98.52
-98.56
-98.52
-98.63
-98.75
-98.88
-98.92
