Frequency: 1.000000
Sample Rate: 1000000.000000
Vector Length: 1
Notes: 
-379.30
-103.76
-101.43
-99.97
-98.88
-98.87
-98.73
-98.52
-98.50
-98.43
-98.63
-98.78
-98.84
-98.97
-98.94
-98.96
-98.92
-98.76
-98.58
-98.49
-98.58
-98.61
-98.64
-98.68
-98.58
-98.51
-98.59
-98.40
-98.35
-98.51
-98.57
-98.82
-98.92
-99.10
-98.92
-98.94
-99.04
-98.89
-99.02
-98.79
-98.62
-98.72
-99.06
-99.24
-99.25
-99.21
-99.12
-99.11
-98.79
-98.82
-98.72
-98.62
-98.87
-98.81
-99.02
-98.81
-98.77
-98.70
-98.71
-98.90
-98.83
-98.79
-98.68
-98.76
-98.80
-98.98
-98.90
-98.76
-98.75
-98.57
-98.74
-98.87
-98.99
-99.01
-98.96
-98.94
-98.90
-98.99
-98.90
-98.92
-98.90
-98.86
-98.87
-98.96
-98.90
-98.92
-98.72
-98.43
-98.43
-98.51
-98.46
-98.83
-98.64
-98.56
-98.43
-98.52
-98.53
-98.81
-99.05
-98.98
-98.86
-98.79
-98.80
-98.80
-98.98
-98.92
-98.80
-98.74
-98.83
-98.78
-98.77
-98.86
-98.75
-98.68
-98.62
-98.74
-98.48
-98.37
-98.37
-98.28
-98.26
-98.15
-98.16
-98.25
-98.51
-98.75
-98.94
-98.81
-98.56
-98.45
-98.42
-98.21
-98.22
-98.33
-98.27
-98.43
-98.40
-98.39
-98.41
-98.36
-98.33
-98.34
-98.36
-98.46
-98.70
-98.67
-98.69
-98.69
-98.64
-98.87
-98.91
-98.88
-98.87
-98.70
-98.84
-98.79
-98.93
-98.88
-98.75
-98.84
-98.85
-98.90
-98.75
-98.73
-98.73
-98.68
-98.86
-99.14
-99.20
-99.23
-99.15
-98.98
-98.90
-98.79
-98.81
-98.83
-98.70
-98.82
-98.72
-98.80
-98.71
-98.67
-98.76
-98.65
-98.88
-98.88
-98.84
-98.89
-98.88
-98.91
-98.81
-98.91
-98.92
-98.96
-99.08
-98.99
-99.21
-99.08
-98.97
-98.91
-98.74
-98.66
-98.79
-98.88
-98.79
-98.67
-98.69
-98.71
-98.73
-98.77
-98.73
-98.78
-98.75
-98.79
-98.90
-98.93
-98.99
-99.08
-98.82
-98.85
-98.78
-98.63
-99.01
-98.98
-98.88
-98.99
-98.85
-98.86
-98.85
-98.67
-98.60
-98.54
-98.74
-98.91
-99.02
-98.81
-98.65
-98.48
-98.60
-98.68
-98.72
-98.89
-98.69
-98.59
-98.77
-98.67
-98.66
-98.94
-98.71
-98.67
-98.86
-98.73
-98.75
-98.64
-98.45
-98.48
-98.58
-98.64
-98.53
-98.60
-98.54
-98.41
-98.65
-98.65
-98.60
-98.72
-98.69
-98.75
-98.94
-98.97
-98.87
-98.90
-98.82
-98.93
-99.00
-98.98
-98.85
-98.74
-98.69
-98.76
-98.71
-98.82
-98.83
-98.81
-98.87
-98.80
-98.64
-98.60
-98.37
-98.31
-98.43
-98.28
-98.49
-98.62
-98.57
-98.85
-98.95
-98.79
-98.96
-98.85
-98.95
-99.03
-98.82
-98.78
-98.92
-98.72
-98.71
-98.67
-98.62
-98.62
-98.69
-98.89
-98.82
-98.76
-98.83
-98.94
-98.92
-98.84
-98.81
-98.67
-98.69
-98.69
-98.64
-98.60
-98.68
-98.82
-98.83
-98.95
-98.97
-98.93
-99.19
-99.01
-98.90
-99.03
-98.91
-98.87
-98.90
-98.75
-98.69
-98.75
-98.80
-98.97
-99.04
-98.80
-98.83
-98.89
-98.86
-98.94
-98.91
-98.74
-98.84
-98.84
-98.99
-99.09
-98.84
-99.05
-98.86
-98.62
-98.89
-98.69
-98.81
-98.73
-98.56
-98.62
-74.36
-69.58
-64.93
-64.93
-65.22
-66.50
-78.84
-99.07
-99.04
-99.19
-99.11
-98.85
-98.84
-98.75
-98.67
-98.83
-98.79
-98.95
-99.00
-98.95
-98.94
-98.66
-98.55
-98.58
-98.66
-98.76
-98.79
-98.91
-98.85
-98.90
-98.93
-98.64
-98.57
-98.50
-98.52
-98.70
-98.69
-98.78
-98.75
-98.46
-98.39
-98.51
-98.34
-98.45
-98.56
-98.72
-98.85
-98.87
-98.86
-98.72
-98.55
-98.40
-98.42
-98.44
-98.34
