Frequency: 1.000000
Sample Rate: 1000000.000000
Vector Length: 1
Notes: 
-379.30
-103.70
-101.04
-99.55
-98.50
-98.45
-98.63
-98.69
-98.67
-98.73
-98.78
-98.67
-98.62
-98.74
-98.75
-98.81
-98.78
-98.65
-98.71
-98.73
-99.06
-99.18
-98.97
-98.81
-98.62
-98.40
-98.48
-98.62
-98.80
-98.82
-98.81
-98.68
-98.67
-98.73
-98.71
-98.75
-98.60
-98.54
-98.46
-98.53
-98.55
-98.53
-98.53
-98.66
-98.60
-98.59
-98.63
-98.63
-98.76
-98.72
-98.57
-98.58
-98.54
-98.54
-98.79
-98.83
-98.77
-98.82
-98.86
-98.81
-98.19
-97.81
-97.27
-97.18
-97.59
-97.99
-98.67
-98.78
-98.72
-98.87
-98.90
-98.81
-98.73
-98.52
-98.56
-98.44
-98.49
-98.48
-98.48
-98.65
-98.79
-98.70
-98.73
-98.62
-98.63
-98.68
-98.77
-98.89
-98.84
-98.79
-98.70
-98.58
-98.65
-98.78
-98.76
-98.64
-98.63
-98.64
-98.56
-98.67
-98.52
-98.62
-98.63
-98.63
-98.72
-98.57
-98.68
-98.65
-98.64
-98.68
-98.74
-98.80
-98.72
-98.60
-98.55
-98.41
-98.62
-98.73
-98.77
-98.92
-98.86
-98.96
-98.93
-98.82
-98.94
-98.74
-98.87
-99.04
-99.05
-99.26
-99.01
-99.00
-98.95
-98.86
-98.96
-98.88
-98.56
-98.60
-98.47
-98.56
-98.73
-98.77
-98.75
-98.79
-98.80
-98.72
-98.70
-98.77
-98.60
-98.60
-98.71
-98.71
-98.70
-98.65
-98.56
-98.54
-98.58
-98.61
-98.67
-98.67
-98.70
-98.47
-98.37
-98.40
-98.41
-98.56
-98.58
-98.74
-98.81
-98.78
-99.01
-98.97
-99.02
-98.91
-98.93
-98.86
-98.89
-98.95
-98.98
-99.15
-99.08
-99.07
-98.75
-98.73
-98.82
-98.91
-99.08
-98.97
-98.85
-98.76
-98.81
-99.03
-98.90
-98.99
-98.93
-98.74
-98.79
-98.82
-98.82
-98.79
-98.78
-98.93
-98.89
-99.12
-99.03
-98.91
-99.10
-98.97
-98.91
-98.97
-98.82
-98.75
-98.88
-98.80
-98.76
-98.94
-98.85
-98.64
-98.46
-98.36
-98.24
-98.23
-98.48
-98.65
-98.70
-98.89
-98.79
-98.48
-98.50
-98.44
-98.61
-98.71
-98.79
-98.78
-98.57
-98.59
-98.65
-98.58
-98.83
-98.84
-98.68
-98.56
-98.49
-98.28
-98.45
-98.58
-98.69
-98.61
-98.71
-98.77
-98.87
-98.89
-99.09
-98.97
-98.85
-98.55
-98.47
-98.27
-98.41
-98.84
-98.82
-98.92
-99.11
-99.05
-98.97
-99.03
-98.78
-98.91
-98.95
-99.03
-98.89
-98.95
-98.98
-98.87
-98.98
-99.05
-98.83
-98.72
-98.71
-98.49
-98.52
-98.62
-98.62
-98.79
-98.86
-98.73
-98.64
-98.72
-98.71
-98.75
-98.74
-98.84
-98.72
-98.71
-98.92
-98.92
-98.82
-98.95
-98.86
-98.47
-98.39
-98.39
-98.47
-98.57
-98.73
-98.74
-98.62
-98.76
-98.87
-98.93
-98.78
-98.63
-98.52
-98.50
-98.54
-98.70
-98.83
-98.81
-98.95
-98.89
-98.76
-98.68
-98.71
-98.80
-98.68
-98.77
-98.68
-98.53
-98.61
-98.51
-98.64
-98.69
-98.75
-98.69
-98.73
-98.67
-98.75
-98.64
-98.71
-98.96
-98.78
-98.60
-98.55
-98.47
-98.43
-98.54
-98.70
-98.59
-98.91
-99.12
-98.91
-98.88
-98.80
-98.87
-98.95
-98.93
-98.92
-98.69
-98.64
-98.73
-98.88
-98.99
-98.88
-98.98
-98.84
-98.90
-98.99
-98.69
-98.62
-98.63
-98.49
-98.72
-98.81
-98.78
-98.77
-98.75
-98.73
-98.85
-98.78
-98.81
-98.75
-98.77
-98.86
-98.80
-98.76
-98.80
-98.80
-98.82
-98.88
-98.76
-98.70
-98.69
-98.80
-98.88
-98.73
-98.61
-98.36
-98.39
-98.47
-98.59
-98.92
-98.94
-99.09
-98.85
-98.89
-98.90
-98.66
-98.56
-98.51
-98.58
-98.66
-98.70
-98.87
-98.77
-98.64
-98.75
-98.77
-98.82
-98.50
