Frequency: 1.000000
Sample Rate: 1000000.000000
Vector Length: 1
Notes: 
-379.30
-103.14
-100.81
-99.19
-98.11
-98.14
-98.04
-98.16
-97.94
-97.90
-97.98
-97.91
-97.90
-98.24
-98.32
-98.40
-98.30
-98.33
-98.04
-97.83
-97.88
-97.81
-97.78
-97.83
-97.83
-97.72
-97.79
-97.93
-98.11
-98.21
-97.97
-98.04
-98.08
-98.18
-98.40
-98.21
-98.15
-98.01
-97.90
-97.95
-98.03
-98.05
-98.06
-98.22
-97.99
-97.96
-97.93
-97.86
-98.03
-98.14
-97.78
-97.83
-97.89
-97.99
-98.05
-97.80
-96.76
-95.89
-95.87
-96.06
-96.69
-97.99
-98.04
-97.83
-97.77
-97.71
-97.62
-97.01
-96.03
-95.96
-96.08
-96.03
-97.98
-97.99
-97.95
-97.93
-97.97
-98.20
-98.17
-98.16
-98.30
-98.12
-98.16
-97.92
-97.97
-98.24
-97.89
-97.69
-97.67
-97.56
-97.84
-98.07
-97.95
-97.86
-97.80
-97.75
-97.89
-97.89
-97.82
-97.90
-97.73
-97.61
-97.63
-97.56
-97.72
-97.98
-98.26
-98.26
-98.17
-98.08
-98.04
-98.07
-98.22
-98.05
-98.04
-97.95
-98.04
-97.98
-98.16
-98.03
-98.09
-97.97
-97.84
-97.98
-97.84
-97.94
-98.13
-98.05
-97.94
-97.96
-97.98
-98.00
-97.91
-97.95
-97.95
-98.00
-98.14
-98.26
-98.10
-97.93
-97.77
-97.87
-97.93
-98.20
-98.34
-98.42
-98.42
-98.35
-98.43
-98.21
-97.94
-97.91
-97.94
-97.94
-98.01
-98.27
-98.19
-98.29
-98.19
-98.08
-97.98
-97.95
-98.07
-97.89
-97.87
-97.91
-97.59
-97.77
-97.80
-97.81
-98.06
-98.07
-98.08
-98.13
-98.05
-97.80
-97.73
-97.72
-97.90
-98.07
-98.20
-98.17
-98.14
-97.81
-97.94
-97.87
-97.91
-98.05
-97.98
-97.98
-97.86
-97.75
-97.83
-97.96
-98.00
-98.25
-98.03
-97.83
-97.78
-97.58
-97.68
-97.71
-97.79
-97.97
-98.10
-98.25
-98.31
-98.27
-98.10
-97.90
-97.87
-97.80
-97.73
-97.88
-97.75
-97.75
-97.79
-97.67
-96.54
-95.54
-94.80
-94.82
-95.57
-96.47
-97.90
-98.07
-98.07
-98.14
-98.21
-98.02
-98.04
-98.05
-97.99
-97.99
-97.97
-97.94
-98.20
-98.32
-98.08
-98.14
-97.94
-97.96
-98.02
-97.97
-98.04
-98.03
-98.27
-98.44
-98.35
-98.28
-98.22
-98.00
-97.72
-97.73
-97.51
-97.43
-97.74
-97.87
-98.11
-98.39
-98.31
-98.08
-98.12
-98.01
-97.98
-98.14
-98.09
-97.95
-98.11
-98.05
-98.08
-98.14
-98.18
-98.09
-97.99
-98.00
-97.90
-97.74
-97.94
-97.82
-97.86
-98.02
-98.16
-98.15
-98.11
-97.99
-97.94
-97.86
-97.71
-97.66
-97.75
-97.46
-97.63
-97.71
-97.67
-97.90
-98.19
-98.35
-98.41
-98.25
-98.12
-98.00
-98.03
-98.18
-98.26
-98.27
-98.48
-98.36
-98.45
-98.29
-98.32
-98.08
-97.96
-97.89
-97.68
-97.75
-97.74
-97.80
-97.80
-97.80
-98.02
-98.04
-97.95
-98.00
-97.92
-97.81
-97.58
-97.42
-97.48
-97.71
-97.67
-97.78
-97.96
-97.94
-98.04
-97.92
-97.93
-97.85
-97.98
-98.03
-98.14
-98.19
-98.25
-98.18
-98.00
-97.87
-97.85
-97.80
-97.73
-97.98
-97.93
-97.97
-97.93
-97.82
-97.90
-97.88
-97.99
-98.13
-98.08
-98.06
-97.82
-97.75
-97.74
-97.75
-97.72
-97.75
-97.78
-97.80
-97.76
-97.88
-97.79
-97.88
-97.89
-97.89
-97.93
-97.88
-97.89
-98.01
-97.99
-98.01
-98.05
-97.93
-98.05
-98.11
-97.98
-97.88
-97.94
-98.04
-98.00
-97.92
-97.99
-97.89
-97.97
-98.10
-98.26
-98.22
-98.10
-80.78
-61.35
-58.88
-58.88
-58.88
-61.51
-97.22
-97.94
-98.06
-98.17
-98.26
-98.11
-98.13
-98.05
-98.10
-98.19
-98.08
-98.08
-97.97
-98.03
-97.95
-97.91
-97.84
