Frequency: 1.000000
Sample Rate: 1000000.000000
Vector Length: 1
Notes: 
-379.30
-103.30
-100.56
-99.00
-98.04
-98.07
-98.05
-98.02
-97.95
-97.94
-98.16
-98.06
-98.03
-98.13
-97.94
-97.89
-98.14
-97.97
-98.07
-98.31
-98.40
-98.38
-98.25
-98.20
-97.96
-97.98
-98.13
-98.19
-98.27
-98.26
-98.25
-98.11
-98.12
-98.12
-98.07
-98.06
-97.93
-98.10
-98.03
-98.09
-98.00
-97.82
-97.80
-97.91
-97.90
-98.01
-97.92
-97.68
-97.74
-97.80
-97.81
-98.11
-98.12
-98.09
-98.14
-98.08
-98.20
-98.27
-98.29
-98.18
-98.08
-98.01
-98.14
-98.20
-98.26
-98.15
-97.84
-97.96
-97.90
-97.86
-97.77
-97.70
-97.58
-97.74
-98.00
-98.01
-97.86
-97.83
-97.67
-97.74
-97.85
-97.81
-97.97
-97.93
-97.98
-98.13
-98.15
-98.13
-98.28
-98.15
-98.23
-98.34
-98.23
-98.02
-97.90
-97.87
-97.74
-97.78
-97.64
-97.79
-97.90
-98.08
-97.90
-97.66
-97.72
-97.61
-97.90
-98.07
-98.11
-98.22
-98.26
-98.19
-98.20
-98.26
-98.18
-98.15
-98.03
-97.99
-97.95
-97.89
-97.97
-97.90
-98.00
-98.14
-98.22
-98.26
-98.14
-98.22
-98.13
-98.18
-98.18
-98.08
-97.99
-97.96
-97.94
-97.82
-97.87
-97.85
-98.02
-97.99
-98.10
-98.01
-97.98
-97.99
-98.09
-98.16
-98.23
-98.07
-97.82
-97.75
-97.51
-97.66
-97.65
-97.68
-97.90
-97.94
-98.14
-98.25
-98.38
-98.08
-97.99
-98.02
-97.69
-97.89
-97.83
-97.84
-97.99
-98.01
-98.15
-98.17
-98.18
-98.17
-98.30
-98.23
-97.87
-97.94
-97.85
-97.76
-98.01
-98.15
-98.18
-98.26
-98.23
-97.98
-98.00
-98.15
-98.11
-98.24
-98.15
-98.04
-98.08
-98.16
-98.14
-98.02
-97.92
-97.94
-98.02
-97.93
-98.04
-97.91
-98.00
-97.93
-97.84
-97.80
-97.81
-97.99
-98.07
-98.08
-98.02
-98.04
-98.11
-98.21
-98.14
-97.90
-97.88
-97.91
-97.96
-98.14
-98.09
-98.10
-97.93
-97.77
-97.91
-97.91
-98.03
-98.45
-98.26
-97.94
-97.78
-97.61
-97.61
-97.64
-97.81
-97.80
-97.79
-97.89
-97.97
-98.05
-98.17
-98.22
-98.14
-98.12
-97.93
-97.99
-98.16
-98.28
-98.20
-98.21
-98.13
-97.94
-97.95
-97.91
-97.88
-98.04
-98.19
-98.06
-98.02
-98.06
-97.94
-97.93
-97.96
-97.84
-97.93
-98.02
-98.02
-97.92
-97.72
-97.61
-97.77
-97.83
-98.13
-98.25
-98.18
-98.18
-98.08
-97.83
-97.92
-97.86
-97.83
-97.83
-97.82
-97.63
-97.41
-97.42
-97.51
-97.46
-97.56
-97.54
-97.30
-97.41
-97.63
-97.66
-98.05
-98.23
-98.19
-98.39
-98.25
-98.04
-98.04
-97.83
-97.87
-98.03
-98.11
-97.99
-98.09
-98.20
-98.11
-98.25
-98.22
-98.20
-97.99
-97.89
-97.86
-97.80
-97.98
-98.14
-98.06
-98.12
-98.25
-98.14
-98.20
-98.11
-98.06
-97.97
-97.81
-97.84
-97.77
-97.88
-97.91
-97.95
-97.86
-97.83
-97.70
-97.86
-97.71
-97.61
-97.90
-97.83
-98.13
-98.19
-98.20
-98.14
-97.91
-97.88
-97.42
-97.49
-97.29
-97.27
-97.43
-97.44
-97.58
-97.85
-98.13
-97.91
-97.83
-97.76
-97.76
-97.78
-97.86
-97.90
-97.92
-97.94
-97.99
-98.05
-98.02
-97.94
-97.87
-97.65
-97.64
-97.58
-97.72
-97.91
-97.93
-97.97
-98.11
-98.27
-98.52
-98.48
-98.35
-98.18
-98.02
-98.16
-98.13
-98.23
-98.11
-98.10
-98.05
-98.05
-98.16
-98.15
-98.06
-98.17
-98.23
-98.30
-98.25
-98.14
-98.19
-98.19
-97.99
-98.08
-97.81
-97.55
-97.47
-97.32
-97.55
-97.66
-97.95
-98.02
-97.94
-97.87
-97.81
-97.85
-97.84
-97.95
-97.91
-97.80
-97.85
-97.88
