Frequency: 1.000000
Sample Rate: 1000000.000000
Vector Length: 1
Notes: 
-379.30
-103.16
-100.61
-99.05
-98.12
-98.00
-98.09
-97.96
-97.82
-97.65
-97.42
-97.48
-97.54
-97.59
-97.68
-97.60
-97.55
-97.66
-97.71
-97.88
-98.22
-98.22
-98.06
-97.87
-97.45
-97.30
-97.28
-97.34
-97.54
-97.66
-97.82
-98.18
-98.02
-97.90
-97.74
-97.75
-97.77
-97.90
-97.80
-97.62
-97.65
-97.62
-97.70
-97.61
-97.53
-97.47
-97.54
-97.72
-97.94
-97.99
-97.87
-97.72
-97.72
-97.60
-97.58
-97.56
-97.50
-97.42
-97.53
-97.67
-97.66
-97.87
-97.82
-98.03
-98.19
-98.14
-98.07
-97.86
-97.73
-97.88
-97.79
-97.82
-97.74
-97.66
-97.74
-97.85
-97.70
-97.75
-97.72
-97.50
-97.45
-97.51
-97.38
-97.51
-97.45
-97.51
-97.52
-97.61
-97.61
-97.57
-97.77
-97.60
-97.67
-97.97
-98.04
-98.28
-98.06
-97.69
-97.53
-97.45
-97.57
-97.73
-97.89
-97.80
-97.80
-97.70
-97.61
-97.44
-97.39
-97.63
-97.45
-97.47
-97.66
-97.75
-97.91
-98.13
-98.06
-97.98
-97.88
-97.50
-97.58
-97.73
-97.77
-98.23
-97.99
-97.94
-97.86
-97.67
-97.62
-97.37
-97.36
-97.42
-97.39
-97.62
-97.75
-97.73
-98.03
-97.66
-97.75
-97.73
-97.46
-97.66
-97.64
-97.62
-97.69
-97.78
-97.71
-97.72
-97.73
-97.66
-97.59
-97.52
-97.47
-97.52
-97.59
-97.55
-97.42
-97.52
-97.56
-97.61
-97.85
-97.75
-97.76
-97.82
-97.70
-97.67
-97.65
-97.66
-97.78
-97.88
-97.74
-97.84
-97.89
-97.91
-97.87
-97.72
-97.73
-97.53
-97.63
-97.63
-97.51
-97.63
-97.74
-97.56
-97.68
-97.68
-97.42
-97.67
-97.69
-97.82
-97.96
-97.72
-97.76
-97.73
-97.77
-97.86
-97.83
-97.80
-97.69
-97.82
-98.02
-97.76
-97.63
-97.71
-97.62
-97.89
-97.98
-97.94
-97.83
-98.03
-97.78
-97.77
-97.69
-97.47
-97.81
-97.82
-97.84
-97.81
-97.81
-97.89
-97.78
-97.80
-97.64
-97.60
-97.62
-97.44
-97.56
-97.66
-97.79
-97.92
-97.90
-97.82
-97.77
-97.86
-97.89
-97.88
-97.71
-97.59
-97.61
-97.58
-97.59
-97.66
-97.67
-97.67
-97.65
-97.71
-97.61
-97.64
-97.76
-97.63
-97.68
-97.56
-97.55
-97.72
-97.86
-97.97
-98.12
-97.96
-97.94
-97.93
-97.84
-97.76
-97.53
-97.35
-97.39
-97.52
-97.78
-97.80
-97.74
-97.75
-97.63
-97.53
-97.65
-97.72
-97.79
-97.74
-97.46
-97.31
-97.31
-97.30
-97.56
-97.80
-97.71
-97.69
-97.72
-97.56
-97.49
-97.58
-97.70
-97.72
-97.80
-97.74
-97.48
-97.47
-97.34
-97.24
-97.29
-97.12
-97.25
-97.35
-97.49
-97.77
-97.82
-97.74
-97.83
-97.88
-97.82
-97.86
-97.78
-97.71
-97.67
-97.70
-97.58
-97.63
-97.68
-97.67
-97.50
-97.49
-97.35
-97.43
-97.49
-97.41
-97.59
-97.45
-97.54
-97.51
-97.41
-97.40
-97.50
-97.60
-97.62
-97.72
-97.73
-97.63
-97.68
-97.64
-97.69
-97.61
-97.63
-97.75
-97.59
-97.70
-97.63
-97.65
-97.61
-97.68
-97.85
-97.67
-97.57
-97.55
-97.56
-97.86
-97.90
-97.88
-97.83
-97.66
-97.75
-97.62
-97.50
-97.57
-97.58
-97.86
-98.31
-98.19
-98.13
-97.80
-97.56
-97.47
-97.40
-97.43
-97.47
-97.71
-97.48
-97.68
-97.69
-97.61
-97.69
-97.75
-97.72
-97.82
-97.64
-97.64
-97.62
-97.53
-97.33
-97.39
-97.51
-97.48
-97.80
-97.76
-97.69
-97.81
-97.56
-97.58
-97.44
-97.21
-97.41
-97.62
-97.65
-97.97
-98.01
-98.05
-97.97
-97.95
-97.70
-97.77
-97.81
-97.83
-97.91
-97.76
-97.73
-97.68
-97.73
-97.80
-97.78
-97.80
-97.93
-97.64
