Frequency: 1.000000
Sample Rate: 1000000.000000
Vector Length: 1
Notes: 
-379.30
-103.29
-100.37
-98.85
-97.69
-97.56
-97.65
-97.61
-97.71
-97.71
-97.96
-98.16
-98.35
-98.39
-98.41
-98.13
-97.88
-97.92
-97.91
-98.04
-98.22
-98.37
-98.30
-98.34
-98.22
-98.21
-98.06
-97.97
-97.93
-97.74
-97.71
-97.62
-97.66
-97.75
-97.84
-97.88
-97.85
-97.78
-97.77
-97.88
-97.75
-97.62
-97.33
-97.18
-97.42
-97.44
-98.06
-98.16
-98.04
-97.79
-97.91
-97.95
-98.01
-98.13
-98.04
-98.05
-97.99
-98.14
-98.02
-98.05
-98.03
-98.03
-98.01
-97.96
-97.84
-97.83
-97.69
-97.71
-97.90
-97.86
-98.03
-98.09
-97.91
-98.13
-98.01
-97.88
-98.05
-97.93
-97.87
-97.96
-97.87
-98.07
-97.97
-97.96
-97.90
-97.93
-98.13
-98.16
-98.03
-97.88
-97.78
-97.75
-97.89
-97.91
-97.99
-98.01
-97.70
-97.64
-97.72
-97.73
-97.80
-97.82
-97.79
-97.91
-98.05
-98.00
-97.99
-97.93
-97.88
-97.91
-97.82
-97.89
-98.07
-97.78
-97.74
-97.85
-97.54
-97.71
-97.86
-97.60
-97.73
-97.51
-97.52
-97.62
-97.69
-97.92
-98.03
-97.96
-97.78
-97.70
-97.65
-97.70
-97.91
-98.00
-97.95
-97.97
-98.03
-97.86
-97.91
-97.99
-97.91
-97.82
-97.97
-97.96
-97.86
-98.13
-98.03
-97.66
-97.77
-97.51
-97.43
-97.61
-97.52
-97.61
-97.59
-97.51
-97.52
-97.61
-97.67
-97.95
-97.96
-97.93
-97.90
-97.72
-97.84
-97.70
-97.78
-98.01
-97.91
-97.94
-98.15
-98.17
-98.11
-98.21
-98.11
-98.02
-98.03
-98.03
-97.94
-97.74
-97.87
-97.93
-97.69
-97.92
-97.81
-97.66
-97.79
-97.78
-97.70
-97.66
-97.70
-97.60
-97.62
-97.84
-97.83
-98.11
-98.01
-97.92
-97.81
-97.90
-98.05
-97.95
-98.03
-97.35
-96.96
-97.00
-96.95
-97.32
-97.49
-97.62
-97.56
-97.85
-97.91
-97.98
-98.03
-97.94
-97.92
-97.79
-97.96
-97.84
-97.84
-97.94
-97.95
-97.90
-97.93
-98.14
-98.04
-98.22
-98.28
-98.09
-98.09
-98.02
-97.89
-97.97
-97.98
-97.84
-97.86
-97.53
-97.26
-97.38
-97.52
-97.86
-98.32
-98.15
-98.00
-97.94
-98.03
-98.05
-98.22
-98.09
-98.12
-98.04
-97.84
-97.82
-97.85
-97.90
-97.90
-97.86
-97.91
-97.89
-97.97
-97.85
-97.72
-97.81
-97.86
-97.82
-97.93
-97.80
-97.61
-97.55
-97.54
-97.49
-97.66
-97.75
-97.81
-97.84
-97.80
-97.88
-97.59
-97.61
-97.63
-97.52
-97.43
-97.49
-97.58
-97.64
-97.83
-97.84
-97.62
-97.61
-97.66
-97.69
-97.77
-97.92
-98.07
-98.01
-98.05
-98.28
-98.17
-98.18
-98.15
-98.03
-97.79
-97.79
-97.67
-97.70
-97.63
-97.59
-97.68
-97.68
-97.68
-97.84
-97.61
-97.61
-97.67
-97.79
-98.00
-98.05
-98.00
-97.93
-97.95
-97.90
-97.80
-97.92
-97.77
-97.74
-97.91
-97.80
-97.83
-97.78
-97.73
-97.75
-97.90
-97.85
-97.90
-97.96
-97.98
-98.02
-97.98
-97.92
-98.02
-98.15
-98.07
-98.02
-97.91
-97.76
-97.71
-97.70
-97.68
-97.64
-97.54
-97.71
-97.98
-97.85
-97.88
-97.97
-97.71
-97.75
-97.89
-97.76
-97.86
-97.85
-97.74
-97.90
-97.83
-98.04
-98.08
-98.09
-98.11
-98.08
-97.95
-97.99
-98.00
-97.97
-98.16
-98.12
-97.98
-97.91
-97.96
-97.81
-97.58
-97.33
-97.04
-96.88
-95.86
-91.77
-71.56
-71.55
-71.56
-71.56
-95.04
-96.27
-97.00
-97.23
-97.35
-97.54
-97.45
-97.74
-97.63
-97.41
-97.51
-97.35
-97.33
-97.41
-97.39
-97.63
-97.58
-97.69
-97.70
-97.69
-97.68
-97.73
-97.58
-97.34
-97.30
-97.02
-97.20
-97.08
