Frequency: 1.000000
Sample Rate: 1000000.000000
Vector Length: 1
Notes: 
-379.30
-104.59
-101.38
-99.41
-98.30
-98.13
-98.27
-98.33
-98.35
-98.34
-98.11
-98.08
-97.93
-97.68
-97.70
-97.68
-97.73
-97.80
-97.83
-97.92
-97.88
-97.75
-97.81
-97.85
-97.88
-97.87
-97.80
-97.69
-97.65
-97.65
-97.74
-97.89
-97.81
-97.93
-97.83
-97.86
-97.98
-97.91
-97.87
-97.84
-97.92
-97.96
-98.06
-98.04
-97.90
-97.78
-97.57
-97.62
-97.75
-97.79
-97.89
-97.94
-97.88
-97.91
-97.89
-97.76
-97.56
-97.66
-97.71
-97.82
-97.82
-97.76
-97.77
-97.76
-97.82
-97.80
-97.82
-97.84
-97.73
-97.80
-97.69
-97.78
-97.74
-97.62
-97.73
-97.50
-97.57
-97.77
-97.77
-97.70
-97.87
-97.76
-97.92
-97.98
-97.88
-97.87
-97.73
-97.76
-97.73
-97.72
-97.90
-97.86
-98.10
-98.13
-97.94
-98.02
-98.09
-98.03
-98.01
-98.06
-97.96
-98.12
-98.07
-97.81
-97.75
-97.69
-97.78
-97.75
-97.90
-97.64
-97.55
-97.47
-97.50
-97.36
-97.44
-97.24
-97.40
-97.52
-97.74
-97.97
-98.09
-98.24
-98.24
-98.32
-98.21
-98.02
-97.99
-97.91
-97.91
-97.98
-98.20
-98.04
-97.97
-97.88
-97.75
-97.81
-97.91
-98.06
-98.21
-98.15
-98.22
-98.16
-97.95
-97.96
-97.86
-97.86
-98.06
-98.16
-98.16
-98.02
-97.92
-97.81
-97.80
-97.92
-98.11
-98.12
-98.21
-98.15
-98.05
-98.06
-98.02
-97.85
-97.91
-98.01
-98.05
-97.94
-98.04
-97.74
-97.67
-97.73
-97.77
-98.11
-98.31
-98.38
-98.37
-98.38
-98.26
-98.19
-97.92
-97.77
-97.71
-97.89
-98.07
-98.16
-98.20
-98.10
-97.97
-98.02
-98.09
-98.09
-98.18
-98.14
-98.07
-98.11
-98.14
-98.18
-98.14
-98.18
-97.99
-97.90
-98.00
-97.98
-97.89
-97.81
-97.65
-97.60
-97.55
-97.66
-97.59
-97.57
-97.63
-97.82
-97.98
-98.03
-98.03
-97.59
-97.59
-97.73
-97.82
-98.08
-98.15
-97.86
-97.92
-97.78
-97.87
-98.01
-97.87
-97.83
-97.85
-97.80
-97.85
-98.06
-98.18
-98.00
-98.07
-97.98
-98.14
-98.13
-98.03
-98.03
-98.03
-98.06
-98.10
-98.10
-98.09
-97.81
-97.86
-97.91
-97.78
-97.90
-97.93
-97.82
-97.95
-98.01
-97.95
-97.91
-98.04
-97.94
-97.93
-98.09
-97.83
-97.93
-98.07
-97.93
-98.03
-97.87
-97.64
-97.75
-97.77
-97.92
-97.94
-97.97
-97.90
-97.89
-98.00
-98.10
-98.18
-98.11
-98.15
-97.98
-97.90
-97.88
-97.91
-97.91
-97.83
-97.92
-97.80
-97.91
-98.03
-97.94
-98.03
-98.03
-98.04
-98.05
-97.98
-97.78
-97.81
-97.77
-97.80
-97.91
-97.91
-98.04
-97.87
-97.75
-97.90
-97.84
-97.87
-97.96
-98.07
-98.16
-98.15
-98.18
-98.15
-98.14
-98.01
-98.01
-98.13
-98.00
-98.07
-98.19
-98.21
-98.31
-98.20
-98.14
-98.06
-98.00
-98.03
-98.15
-98.29
-98.30
-98.20
-98.03
-97.98
-97.99
-97.86
-97.91
-98.07
-98.12
-98.09
-97.99
-98.01
-97.81
-98.11
-97.99
-98.06
-98.18
-98.00
-98.07
-97.95
-98.11
-97.97
-97.80
-97.94
-97.93
-98.07
-98.23
-98.18
-98.11
-97.95
-97.88
-97.86
-98.07
-98.15
-98.33
-98.32
-98.15
-98.07
-97.98
-98.03
-98.05
-97.95
-97.92
-97.69
-97.55
-97.64
-97.69
-97.81
-97.83
-97.96
-98.02
-97.83
-97.94
-98.03
-98.17
-98.10
-98.03
-98.02
-97.80
-97.82
-97.62
-97.60
-97.51
-97.42
-97.54
-97.57
-61.36
-57.96
-57.96
-57.96
-59.90
-73.67
-98.00
-98.10
-97.99
-98.01
-98.05
-97.80
-97.84
-97.62
-97.54
-97.47
-97.51
-97.81
-97.96
-98.18
-98.40
-98.54
-98.55
-98.65
-98.41
