Frequency: 1.000000
Sample Rate: 1000000.000000
Vector Length: 1
Notes: 
-379.30
-102.77
-100.35
-98.90
-97.94
-98.20
-98.36
-98.19
-98.07
-97.91
-97.73
-97.77
-97.89
-97.99
-97.88
-97.85
-97.78
-97.81
-97.89
-98.16
-98.24
-98.06
-98.00
-97.72
-97.78
-98.05
-98.02
-98.30
-98.28
-98.19
-98.10
-97.94
-97.97
-97.87
-97.87
-97.88
-97.82
-97.80
-97.84
-97.81
-97.80
-97.83
-97.92
-98.02
-97.96
-97.82
-97.82
-97.90
-97.98
-97.93
-97.98
-97.96
-98.03
-97.98
-97.91
-97.89
-97.74
-97.94
-97.87
-97.83
-97.82
-97.86
-97.99
-97.99
-98.04
-97.96
-97.72
-96.87
-95.66
-95.68
-95.69
-95.68
-97.60
-97.74
-98.00
-98.13
-98.08
-98.03
-98.12
-98.16
-98.13
-98.14
-98.18
-97.94
-97.94
-97.78
-97.59
-97.80
-97.61
-97.55
-97.59
-97.57
-97.58
-97.61
-97.67
-97.85
-97.93
-97.89
-97.86
-97.83
-97.90
-97.90
-97.74
-97.70
-97.64
-97.70
-97.66
-97.65
-97.84
-97.76
-97.88
-97.91
-97.92
-98.04
-98.01
-98.06
-98.02
-97.82
-97.94
-97.82
-98.03
-98.01
-97.87
-97.83
-97.75
-97.68
-97.82
-97.83
-97.84
-97.94
-97.94
-97.90
-97.94
-97.89
-97.93
-97.90
-97.96
-98.10
-98.17
-98.19
-98.07
-97.90
-97.76
-97.64
-97.72
-97.80
-98.00
-97.92
-97.86
-97.69
-97.80
-97.81
-97.61
-97.65
-97.69
-97.51
-97.66
-97.73
-97.76
-97.92
-97.86
-97.95
-98.04
-97.96
-97.91
-97.95
-98.07
-98.00
-98.20
-98.00
-97.88
-97.99
-97.79
-97.91
-97.85
-97.80
-97.71
-97.74
-97.73
-97.80
-97.79
-97.86
-97.92
-98.00
-98.10
-98.15
-98.04
-97.84
-97.74
-97.65
-97.68
-97.93
-98.00
-97.92
-97.87
-97.74
-97.72
-97.69
-97.87
-97.98
-98.01
-98.01
-97.91
-97.72
-97.67
-97.66
-97.65
-97.74
-97.82
-97.90
-98.05
-98.03
-97.79
-97.75
-97.60
-97.58
-97.63
-97.69
-97.67
-97.62
-97.69
-97.74
-97.70
-97.88
-97.73
-97.73
-97.71
-97.75
-97.84
-97.75
-97.89
-97.90
-97.93
-98.05
-98.05
-97.90
-97.92
-97.76
-97.74
-97.96
-97.89
-97.81
-97.93
-97.86
-97.99
-97.87
-97.86
-97.87
-97.82
-97.81
-98.02
-97.94
-97.92
-98.03
-98.11
-98.12
-98.09
-98.18
-98.13
-98.09
-97.96
-97.96
-97.78
-97.59
-97.74
-97.76
-97.89
-97.94
-97.92
-97.91
-97.81
-97.84
-97.75
-97.70
-97.78
-97.58
-97.62
-97.58
-97.49
-97.65
-97.75
-97.83
-98.04
-98.10
-98.11
-97.98
-97.94
-97.80
-97.84
-97.90
-97.77
-97.77
-97.77
-97.82
-97.77
-97.68
-97.73
-97.57
-97.54
-97.43
-97.50
-97.56
-97.58
-97.86
-97.81
-97.76
-97.75
-97.71
-97.86
-98.00
-98.10
-98.09
-98.04
-97.77
-97.76
-97.71
-97.69
-97.86
-97.84
-97.91
-97.97
-97.85
-97.98
-98.06
-98.04
-98.17
-98.28
-98.15
-98.04
-97.84
-97.75
-97.87
-97.91
-98.03
-98.18
-98.07
-98.04
-97.90
-97.94
-98.07
-98.17
-98.21
-97.99
-97.98
-97.99
-97.98
-97.88
-97.76
-97.33
-97.07
-97.19
-97.28
-97.62
-97.77
-97.89
-97.83
-97.80
-97.78
-97.81
-97.90
-97.78
-97.76
-97.88
-97.84
-98.06
-97.94
-97.97
-98.05
-97.77
-97.67
-97.56
-97.50
-97.51
-97.78
-97.80
-97.69
-97.81
-97.71
-97.79
-97.88
-97.89
-97.99
-97.96
-97.98
-97.88
-97.89
-97.91
-97.73
-97.79
-97.77
-97.56
-97.63
-97.81
-97.85
-97.73
-97.93
-97.88
-97.83
-98.00
-97.99
-97.98
-97.89
-97.76
-97.66
-97.84
-97.78
-97.91
-97.77
-97.63
-97.73
-97.74
-97.94
-97.77
-97.81
-97.85
-97.77
-97.86
-97.73
-97.78
