Frequency: 1.000000
Sample Rate: 1000000.000000
Vector Length: 1
Notes: 
-379.30
-102.96
-100.54
-98.91
-98.04
-97.91
-97.88
-97.90
-97.73
-97.65
-97.84
-97.93
-97.95
-98.05
-97.91
-97.83
-97.87
-98.01
-98.21
-98.08
-98.22
-97.95
-97.95
-97.98
-97.96
-98.04
-98.20
-97.87
-97.83
-97.88
-97.85
-98.05
-98.22
-98.20
-97.88
-97.82
-97.71
-97.81
-97.87
-97.97
-97.97
-97.96
-97.90
-97.75
-97.79
-97.87
-97.80
-97.99
-97.79
-97.75
-97.78
-97.58
-97.59
-97.47
-97.54
-97.73
-97.78
-98.01
-98.15
-98.17
-98.24
-98.04
-97.95
-97.89
-97.97
-98.05
-97.90
-97.95
-97.70
-97.67
-97.72
-97.50
-97.67
-97.57
-97.47
-97.59
-97.68
-97.57
-97.75
-97.69
-97.69
-97.83
-97.75
-97.80
-97.83
-97.79
-97.79
-97.84
-97.90
-98.02
-97.94
-97.94
-98.12
-98.10
-98.08
-98.08
-98.01
-97.91
-98.06
-98.00
-98.13
-98.14
-98.11
-98.08
-98.08
-97.72
-97.81
-97.71
-97.75
-97.95
-97.85
-98.01
-98.11
-98.15
-98.20
-98.15
-97.92
-97.97
-97.92
-97.92
-97.97
-97.77
-97.77
-97.66
-97.62
-97.63
-97.65
-97.78
-97.83
-98.07
-97.91
-97.97
-97.80
-97.81
-97.84
-97.77
-97.97
-97.91
-97.84
-98.03
-98.00
-98.04
-98.19
-98.35
-98.43
-98.43
-98.25
-98.07
-98.06
-97.97
-98.09
-98.07
-98.12
-98.13
-97.74
-97.49
-97.28
-97.30
-97.77
-98.03
-98.00
-97.75
-97.53
-97.39
-97.46
-97.52
-97.54
-97.69
-97.67
-97.79
-97.71
-97.78
-97.88
-97.87
-98.02
-98.09
-98.21
-98.28
-98.36
-98.58
-98.37
-98.34
-98.20
-98.00
-97.79
-97.92
-97.93
-97.99
-98.14
-98.19
-98.20
-98.15
-98.17
-98.17
-98.11
-98.21
-98.06
-97.97
-97.64
-97.55
-97.48
-97.48
-97.77
-97.93
-98.04
-98.07
-98.10
-97.85
-97.72
-97.69
-97.69
-97.68
-97.74
-97.93
-97.75
-97.75
-97.56
-97.09
-97.14
-97.11
-97.37
-97.79
-97.92
-98.07
-98.07
-97.90
-97.96
-97.88
-97.96
-97.44
-97.05
-97.23
-97.11
-97.63
-98.09
-97.99
-97.99
-97.90
-97.71
-97.72
-97.91
-97.95
-97.81
-97.82
-97.85
-97.83
-98.10
-98.09
-98.10
-98.28
-98.04
-98.01
-97.92
-97.80
-97.76
-97.94
-97.95
-98.06
-98.06
-98.08
-97.98
-97.96
-97.93
-97.95
-98.28
-98.23
-98.40
-98.23
-97.97
-97.95
-97.83
-97.75
-97.76
-97.73
-97.70
-97.82
-98.08
-97.96
-97.95
-98.01
-97.95
-97.89
-97.91
-97.73
-97.74
-97.83
-97.96
-97.89
-97.89
-97.94
-97.93
-98.11
-97.97
-98.22
-98.10
-97.84
-97.82
-97.73
-97.79
-97.98
-98.01
-97.91
-97.86
-97.85
-97.85
-97.97
-98.04
-98.03
-98.11
-98.08
-98.13
-97.98
-97.84
-97.77
-97.69
-97.92
-97.88
-98.04
-98.07
-98.02
-97.99
-97.92
-97.78
-97.80
-97.96
-97.90
-97.98
-98.01
-97.96
-97.95
-97.77
-97.75
-97.82
-97.87
-98.08
-97.87
-98.03
-97.91
-97.85
-97.84
-97.78
-97.74
-97.83
-97.93
-97.92
-98.08
-97.96
-98.03
-98.07
-97.85
-97.86
-97.64
-97.70
-97.87
-97.89
-98.17
-98.21
-98.13
-98.04
-98.05
-98.10
-98.05
-98.15
-98.20
-98.15
-98.06
-97.96
-97.84
-97.94
-97.96
-98.14
-98.05
-97.99
-97.95
-97.78
-97.80
-97.66
-97.47
-97.59
-97.72
-98.02
-98.10
-98.02
-98.11
-97.89
-97.88
-98.10
-98.10
-98.33
-98.38
-98.35
-98.26
-97.74
-97.47
-97.20
-97.11
-97.55
-97.71
-97.92
-98.06
-97.97
-97.91
-97.76
-97.63
-97.63
-97.63
-97.86
-97.95
-98.04
-97.95
-97.90
-98.12
-98.10
-98.11
-98.07
-97.93
-98.00
