Frequency: 1.000000
Sample Rate: 1000000.000000
Vector Length: 1
Notes: 
-379.30
-102.26
-100.02
-98.52
-97.66
-97.69
-97.72
-97.72
-97.62
-97.42
-97.54
-97.63
-97.47
-97.62
-97.47
-97.47
-97.34
-97.27
-97.32
-97.00
-97.20
-97.23
-97.13
-97.56
-97.73
-97.76
-97.53
-97.29
-97.24
-97.21
-97.39
-97.84
-97.79
-97.76
-97.59
-97.60
-97.61
-97.77
-97.68
-97.69
-97.92
-97.88
-97.83
-97.75
-97.64
-97.49
-97.79
-97.79
-97.92
-97.84
-97.61
-97.65
-97.72
-97.88
-98.25
-98.28
-98.20
-97.74
-97.54
-97.32
-97.14
-97.17
-97.05
-93.16
-93.18
-93.32
-93.33
-96.45
-97.57
-97.37
-97.43
-97.65
-97.78
-97.95
-97.98
-97.88
-97.80
-97.77
-97.44
-97.48
-97.46
-97.60
-97.73
-97.93
-97.98
-98.06
-98.08
-98.10
-97.94
-97.91
-97.88
-97.85
-97.82
-97.76
-97.73
-97.88
-97.95
-97.85
-97.90
-97.77
-97.86
-97.83
-97.78
-97.81
-97.64
-97.69
-97.85
-97.97
-97.93
-97.74
-97.79
-97.56
-97.58
-97.89
-97.88
-97.68
-97.90
-97.74
-97.68
-97.84
-97.93
-98.03
-98.15
-98.13
-98.04
-97.87
-97.77
-97.80
-97.75
-97.72
-97.97
-97.87
-97.70
-97.66
-97.40
-97.24
-97.22
-97.38
-97.46
-97.72
-97.73
-97.93
-98.10
-97.99
-98.01
-97.60
-97.15
-96.94
-96.81
-97.03
-97.35
-97.53
-97.66
-97.75
-97.73
-97.94
-97.79
-97.67
-97.62
-97.53
-97.41
-97.45
-97.55
-97.79
-97.71
-98.06
-98.18
-97.88
-97.80
-97.68
-97.69
-97.83
-97.88
-97.83
-97.59
-97.68
-97.72
-97.78
-97.80
-97.85
-97.82
-97.62
-97.45
-97.47
-97.38
-97.41
-97.42
-97.27
-97.35
-97.42
-97.61
-97.86
-97.79
-97.96
-97.85
-97.66
-97.67
-97.65
-97.68
-97.69
-97.76
-97.72
-97.67
-97.52
-97.70
-97.47
-97.63
-97.62
-97.72
-97.87
-97.58
-97.61
-97.42
-97.35
-97.58
-97.55
-97.88
-98.06
-97.86
-97.68
-97.66
-97.66
-97.72
-97.72
-97.81
-97.83
-97.74
-97.63
-97.85
-97.78
-97.82
-97.82
-97.62
-97.65
-97.72
-97.91
-97.89
-97.87
-97.78
-97.81
-97.71
-97.78
-97.92
-97.77
-97.90
-97.81
-97.82
-97.88
-97.93
-98.07
-97.93
-97.78
-97.69
-97.60
-97.64
-97.84
-97.79
-97.81
-97.65
-97.52
-97.63
-97.68
-97.75
-97.92
-98.00
-97.88
-97.90
-97.70
-97.55
-97.75
-97.80
-97.96
-98.02
-98.00
-97.86
-97.72
-97.68
-97.68
-97.66
-97.62
-97.51
-97.54
-97.57
-97.87
-98.00
-97.97
-97.91
-97.79
-97.66
-97.77
-97.72
-97.70
-97.77
-97.70
-97.80
-97.75
-97.71
-97.77
-97.68
-97.66
-97.69
-97.82
-97.62
-97.75
-97.69
-97.65
-97.79
-97.91
-97.91
-97.70
-97.67
-97.63
-97.72
-97.79
-98.00
-98.09
-98.16
-98.29
-98.05
-97.84
-97.88
-97.89
-98.00
-98.06
-97.91
-97.72
-97.63
-97.64
-97.74
-97.82
-97.85
-97.94
-97.72
-97.65
-97.67
-97.68
-97.87
-97.83
-97.91
-98.02
-98.09
-97.86
-97.78
-97.67
-97.41
-97.49
-97.54
-97.50
-97.57
-97.53
-97.76
-97.81
-97.85
-97.93
-97.76
-97.69
-97.52
-97.45
-97.46
-97.60
-97.77
-97.79
-97.80
-97.73
-97.75
-97.69
-97.75
-97.84
-97.81
-97.88
-97.91
-98.03
-98.02
-98.03
-98.05
-98.00
-97.98
-98.09
-97.88
-97.81
-97.83
-97.75
-97.78
-97.92
-97.84
-97.86
-97.66
-97.54
-97.74
-97.54
-97.50
-97.35
-97.36
-97.37
-97.62
-98.00
-97.96
-97.83
-97.59
-97.47
-97.27
-97.37
-97.50
-97.84
-97.99
-98.03
-97.92
-97.82
-97.74
-97.82
-97.83
-97.83
-97.91
-97.77
-97.84
-97.78
-97.78
-97.81
