Frequency: 1.000000
Sample Rate: 1000000.000000
Vector Length: 1
Notes: 
-379.30
-103.48
-100.86
-99.14
-97.70
-97.63
-97.46
-97.37
-97.46
-97.28
-97.20
-97.27
-97.28
-97.43
-97.52
-97.59
-97.77
-97.69
-97.68
-97.66
-97.37
-97.37
-97.43
-97.33
-97.55
-97.42
-97.23
-97.32
-97.35
-97.35
-97.50
-97.36
-97.34
-97.48
-97.41
-97.32
-97.39
-97.26
-97.01
-97.08
-96.98
-97.13
-97.36
-97.31
-97.34
-97.29
-97.26
-97.43
-97.66
-97.65
-97.71
-97.63
-97.54
-97.56
-97.66
-97.73
-97.73
-97.63
-97.64
-97.71
-97.68
-97.58
-97.40
-97.22
-97.21
-97.42
-97.50
-97.54
-97.62
-97.56
-97.59
-97.50
-97.65
-97.60
-97.67
-97.86
-97.50
-97.58
-97.50
-97.33
-88.37
-88.40
-88.38
-88.38
-97.49
-97.17
-97.16
-97.11
-97.32
-97.58
-97.59
-97.43
-97.19
-97.06
-97.09
-97.27
-97.57
-97.47
-97.37
-97.45
-97.33
-97.21
-96.96
-96.54
-95.41
-74.73
-72.75
-72.74
-72.75
-74.61
-95.30
-96.48
-97.22
-97.27
-97.42
-97.46
-97.30
-97.30
-97.02
-97.02
-97.30
-97.14
-97.35
-97.54
-97.50
-97.73
-97.66
-97.46
-97.52
-97.57
-97.63
-97.75
-97.80
-97.81
-97.63
-97.53
-97.56
-97.59
-97.65
-97.54
-97.43
-97.45
-97.41
-97.51
-97.53
-97.31
-97.32
-97.39
-97.42
-97.54
-97.48
-97.46
-97.54
-97.53
-97.66
-97.69
-97.58
-97.57
-97.37
-97.52
-97.62
-97.55
-97.80
-97.68
-97.56
-97.47
-97.57
-97.55
-97.61
-97.48
-97.46
-97.28
-97.30
-97.33
-97.29
-97.33
-97.37
-97.39
-97.38
-97.47
-97.37
-97.32
-97.40
-97.33
-97.45
-97.47
-97.42
-97.42
-97.42
-97.55
-97.40
-97.42
-97.33
-97.16
-97.39
-97.55
-97.71
-97.89
-97.72
-97.62
-97.47
-97.49
-97.58
-97.54
-97.42
-97.36
-97.42
-97.25
-97.46
-97.67
-97.80
-97.63
-97.39
-97.19
-97.22
-97.38
-97.56
-97.79
-97.61
-97.73
-97.61
-97.69
-97.62
-97.35
-97.46
-97.38
-97.32
-97.50
-97.45
-97.26
-97.27
-97.27
-97.28
-97.19
-97.34
-97.29
-97.26
-97.28
-97.36
-97.45
-97.31
-97.56
-97.40
-97.32
-97.42
-97.30
-97.22
-97.61
-97.74
-97.61
-97.84
-97.70
-97.48
-97.59
-97.56
-97.45
-97.62
-97.64
-97.63
-97.50
-97.57
-97.50
-97.39
-97.55
-97.60
-97.46
-97.45
-97.40
-97.54
-97.58
-97.54
-97.66
-97.43
-97.52
-97.42
-97.31
-97.57
-97.44
-97.43
-97.58
-97.32
-97.53
-97.83
-97.69
-97.70
-97.46
-97.27
-97.26
-97.38
-97.40
-97.34
-97.30
-97.33
-97.39
-97.46
-97.44
-97.34
-97.39
-97.32
-97.47
-97.56
-97.68
-97.78
-97.79
-97.79
-97.68
-97.62
-97.51
-97.53
-97.46
-97.40
-97.44
-97.41
-97.36
-97.37
-97.36
-97.21
-97.25
-97.43
-97.46
-97.73
-97.55
-97.37
-97.16
-97.11
-97.14
-97.24
-97.59
-97.61
-97.63
-97.71
-97.54
-97.57
-97.63
-97.65
-97.51
-97.47
-97.47
-97.38
-97.39
-97.45
-97.47
-97.49
-97.49
-97.62
-97.52
-97.68
-97.71
-97.45
-97.26
-97.12
-97.01
-97.11
-97.41
-97.46
-97.52
-97.52
-97.43
-97.51
-97.49
-97.47
-97.48
-97.56
-97.52
-97.47
-97.46
-97.22
-97.16
-97.29
-97.42
-97.54
-97.59
-97.53
-97.55
-97.32
-97.51
-97.54
-97.58
-97.81
-97.71
-97.74
-97.46
-97.39
-97.33
-97.43
-97.58
-97.73
-97.73
-97.68
-97.60
-97.59
-97.63
-97.56
-97.56
-97.64
-97.61
-97.66
-97.81
-97.77
-97.85
-97.71
-97.59
-97.45
-97.16
-97.38
-97.30
-97.30
-97.55
-97.38
-97.27
-97.23
-97.20
-97.18
-97.32
-97.28
-97.27
-97.51
-97.54
-97.62
-97.68
