Frequency: 1.000000
Sample Rate: 1000000.000000
Vector Length: 1
Notes: 
-379.30
-102.88
-100.49
-98.71
-97.57
-97.48
-97.45
-97.46
-97.48
-97.42
-97.31
-97.19
-97.29
-97.27
-97.34
-97.47
-97.46
-97.49
-97.36
-97.29
-97.16
-97.14
-97.21
-97.16
-97.19
-97.44
-97.50
-97.67
-97.82
-97.65
-97.60
-97.61
-97.48
-97.56
-97.66
-97.72
-97.73
-97.68
-97.50
-97.35
-97.31
-97.46
-97.44
-97.50
-97.46
-97.64
-97.54
-97.52
-97.53
-97.47
-97.27
-97.46
-97.55
-97.56
-96.86
-96.54
-95.91
-95.84
-96.33
-96.73
-97.29
-97.28
-97.29
-97.14
-97.18
-97.29
-97.38
-97.51
-97.61
-97.71
-97.56
-97.71
-97.47
-97.45
-97.52
-97.59
-97.87
-97.84
-97.77
-97.72
-97.50
-97.40
-97.54
-97.56
-97.55
-97.50
-97.47
-97.44
-97.38
-97.27
-97.42
-97.40
-97.56
-97.73
-97.88
-97.85
-97.81
-97.97
-97.87
-97.78
-97.80
-97.62
-97.48
-97.55
-97.58
-97.68
-97.56
-97.40
-97.35
-97.30
-97.52
-97.64
-97.71
-97.80
-97.74
-97.65
-97.66
-96.60
-96.30
-95.93
-95.81
-96.36
-96.72
-97.31
-97.25
-97.28
-97.41
-97.35
-97.51
-97.35
-97.35
-97.39
-97.39
-97.44
-97.55
-97.51
-97.62
-97.73
-97.65
-97.78
-97.79
-97.82
-97.86
-97.63
-97.48
-97.54
-97.53
-97.65
-97.69
-97.52
-97.69
-97.55
-97.56
-97.51
-97.57
-97.61
-97.56
-97.41
-97.41
-97.63
-97.50
-97.54
-97.52
-97.32
-97.66
-97.83
-97.68
-97.57
-97.46
-97.32
-97.48
-97.41
-97.30
-97.21
-97.09
-97.08
-97.14
-97.31
-97.49
-97.53
-97.49
-97.58
-97.48
-97.50
-97.48
-97.44
-97.51
-97.44
-97.48
-97.38
-97.34
-97.19
-97.13
-97.31
-97.46
-97.68
-97.79
-97.70
-97.52
-97.63
-97.70
-97.60
-97.53
-97.44
-97.29
-97.17
-97.12
-97.27
-97.32
-97.27
-97.39
-97.41
-97.20
-97.39
-97.49
-97.57
-97.71
-97.72
-97.57
-97.42
-97.18
-96.99
-97.06
-97.05
-97.24
-97.41
-97.52
-97.68
-97.49
-97.53
-97.34
-97.31
-97.52
-97.54
-97.64
-97.60
-97.58
-97.58
-97.53
-97.60
-97.43
-97.45
-97.40
-97.37
-97.48
-97.62
-97.73
-97.65
-97.65
-97.42
-97.28
-97.46
-97.48
-97.52
-97.49
-97.35
-97.40
-97.42
-97.78
-98.06
-98.03
-97.79
-97.68
-97.50
-97.35
-97.34
-97.41
-97.37
-97.29
-97.46
-97.39
-97.40
-97.59
-97.59
-97.39
-97.55
-97.49
-97.40
-97.49
-97.49
-97.56
-97.59
-97.66
-97.62
-97.66
-97.56
-97.66
-97.59
-97.71
-97.72
-97.77
-97.78
-97.59
-97.33
-97.31
-97.21
-97.26
-97.39
-97.36
-97.41
-97.50
-97.59
-97.54
-97.67
-97.50
-97.44
-97.53
-97.51
-97.55
-97.71
-97.33
-97.25
-97.33
-97.32
-97.51
-97.48
-97.39
-97.25
-97.27
-97.47
-97.64
-97.70
-97.69
-97.61
-97.71
-97.71
-97.61
-97.71
-97.62
-97.51
-97.68
-97.77
-97.71
-97.75
-97.65
-97.48
-97.51
-97.62
-97.62
-97.60
-97.62
-97.51
-97.50
-97.60
-97.44
-97.39
-97.45
-97.53
-97.54
-97.61
-97.59
-97.48
-97.51
-97.51
-97.47
-97.36
-97.49
-97.39
-97.41
-97.58
-97.53
-97.49
-97.41
-97.40
-97.57
-97.58
-97.54
-97.50
-97.35
-97.41
-97.41
-97.54
-97.73
-97.65
-97.60
-97.51
-97.37
-97.29
-97.28
-97.35
-97.35
-97.35
-97.42
-97.57
-97.60
-97.71
-97.84
-97.66
-97.75
-97.64
-97.51
-97.43
-97.36
-97.18
-97.36
-97.39
-97.35
-97.45
-97.52
-97.34
-97.54
-97.44
-97.34
-97.45
-97.57
-97.77
-97.84
-97.82
-97.67
-97.54
-97.48
-97.49
-97.51
-97.67
-97.68
-97.76
-97.66
