Frequency: 1.000000
Sample Rate: 1000000.000000
Vector Length: 1
Notes: 
-379.30
-104.13
-101.08
-99.33
-98.08
-97.96
-97.90
-97.79
-97.85
-97.69
-97.81
-97.83
-97.59
-97.47
-97.45
-97.52
-97.80
-98.00
-98.15
-98.14
-97.99
-97.88
-97.84
-97.86
-97.92
-97.96
-97.80
-97.66
-97.62
-97.58
-97.65
-97.72
-97.76
-97.62
-97.81
-97.78
-97.70
-97.68
-97.75
-97.67
-97.79
-97.58
-97.63
-97.73
-97.89
-97.81
-97.83
-97.72
-97.53
-97.60
-97.69
-96.66
-95.83
-95.02
-94.83
-94.90
-96.21
-97.54
-97.67
-97.62
-97.65
-97.74
-97.83
-97.86
-97.86
-98.05
-96.81
-96.23
-95.69
-95.65
-96.31
-96.96
-97.95
-98.03
-97.92
-97.84
-97.59
-97.37
-97.22
-97.26
-97.56
-97.71
-97.96
-98.14
-98.07
-98.13
-98.00
-97.97
-97.87
-97.78
-97.80
-97.66
-97.85
-97.96
-97.92
-98.04
-98.07
-98.04
-97.91
-97.91
-97.76
-97.86
-97.75
-97.76
-97.66
-97.49
-97.43
-97.20
-97.37
-97.43
-97.39
-97.60
-97.46
-97.41
-97.42
-97.40
-97.43
-97.54
-97.64
-97.72
-97.76
-97.63
-97.71
-97.56
-97.65
-97.64
-97.73
-97.59
-97.53
-97.51
-97.45
-97.48
-97.64
-97.64
-97.69
-97.68
-97.68
-97.66
-76.97
-66.26
-66.25
-66.25
-66.26
-97.29
-97.28
-97.29
-97.27
-97.55
-97.65
-97.74
-97.86
-97.82
-97.78
-97.74
-97.91
-97.78
-97.79
-97.78
-97.70
-97.72
-97.71
-97.71
-97.61
-97.64
-97.75
-97.78
-97.77
-97.56
-97.55
-97.50
-97.49
-97.72
-97.61
-97.68
-97.71
-97.59
-97.67
-97.41
-97.47
-97.54
-97.53
-97.90
-98.17
-98.16
-98.06
-97.95
-97.87
-97.78
-97.84
-97.96
-97.84
-97.70
-97.76
-97.56
-97.72
-97.87
-97.78
-97.80
-97.72
-97.65
-97.59
-97.65
-97.62
-97.88
-97.96
-97.97
-98.05
-97.95
-98.00
-98.16
-98.08
-97.92
-97.96
-97.79
-97.72
-97.82
-97.76
-97.73
-97.65
-97.74
-97.91
-98.02
-98.21
-98.25
-98.27
-98.10
-97.86
-97.96
-97.80
-97.95
-98.05
-97.92
-97.85
-97.81
-97.88
-97.94
-97.97
-98.07
-98.02
-98.18
-98.26
-97.97
-97.85
-97.75
-97.74
-97.91
-97.84
-97.91
-97.98
-97.97
-97.94
-97.98
-98.00
-97.91
-97.82
-97.82
-97.70
-97.71
-97.66
-97.66
-97.84
-98.00
-97.84
-97.82
-97.67
-97.62
-97.58
-97.63
-97.78
-97.88
-97.94
-97.93
-97.87
-97.91
-97.75
-97.80
-97.88
-97.87
-97.82
-97.80
-97.57
-97.55
-97.69
-97.93
-98.02
-98.14
-98.19
-98.19
-98.05
-97.95
-97.87
-97.73
-97.81
-97.86
-97.82
-97.95
-97.86
-97.86
-97.80
-97.75
-97.81
-97.84
-97.98
-97.70
-97.94
-97.86
-97.72
-97.59
-97.46
-97.38
-97.53
-97.70
-97.94
-98.11
-98.10
-97.86
-97.86
-97.60
-97.63
-97.49
-97.42
-97.83
-97.88
-97.91
-97.90
-97.65
-97.58
-97.42
-97.47
-97.71
-97.60
-97.65
-97.63
-97.56
-97.64
-97.77
-97.85
-98.01
-97.81
-97.80
-97.76
-97.69
-97.76
-97.64
-97.71
-97.65
-97.64
-97.69
-97.80
-97.67
-97.99
-97.91
-97.84
-98.00
-97.69
-97.78
-97.84
-97.53
-97.67
-97.54
-97.48
-97.50
-97.80
-97.69
-97.67
-97.63
-97.63
-97.52
-97.54
-97.62
-97.61
-97.74
-97.70
-97.87
-97.87
-97.72
-97.78
-97.90
-97.99
-98.12
-98.07
-98.09
-98.08
-97.91
-98.08
-98.13
-98.06
-98.31
-98.16
-97.88
-97.89
-97.58
-97.71
-97.86
-97.88
-97.93
-97.84
-97.64
-97.40
-97.53
-97.51
-97.80
-97.81
-97.92
-98.00
-98.02
-97.92
-97.81
-97.65
-97.58
-97.59
-97.62
-97.74
-97.76
-97.70
-97.72
-97.70
-97.92
-97.87
-97.91
