Frequency: 1.000000
Sample Rate: 1000000.000000
Vector Length: 1
Notes: 
-379.30
-102.37
-100.21
-98.65
-97.55
-97.72
-97.83
-97.71
-97.72
-97.66
-97.51
-97.44
-97.64
-97.75
-97.71
-97.69
-97.64
-97.54
-97.51
-97.43
-97.55
-97.53
-97.64
-97.68
-97.62
-97.43
-97.50
-97.60
-97.44
-97.61
-97.25
-97.04
-97.14
-97.19
-97.27
-97.60
-97.51
-97.42
-97.34
-97.44
-97.61
-97.73
-97.74
-97.80
-97.69
-97.49
-97.54
-97.46
-97.51
-97.64
-97.63
-97.67
-97.64
-97.66
-97.65
-97.65
-97.67
-97.58
-97.53
-97.57
-97.54
-97.59
-97.81
-97.79
-97.68
-97.65
-97.58
-97.32
-97.42
-97.43
-97.45
-97.39
-97.44
-97.29
-97.26
-97.53
-97.41
-97.39
-97.58
-97.57
-97.45
-97.55
-97.50
-97.37
-97.67
-97.55
-97.65
-97.71
-97.61
-97.57
-97.41
-97.37
-97.31
-97.38
-97.38
-97.35
-97.39
-97.43
-97.28
-97.23
-97.17
-97.17
-97.27
-97.39
-97.30
-97.31
-97.64
-97.65
-97.54
-97.53
-97.26
-97.15
-97.23
-97.30
-97.29
-97.29
-97.27
-97.27
-97.32
-97.37
-97.42
-97.46
-97.50
-97.47
-97.49
-97.33
-97.33
-97.35
-97.19
-97.27
-97.29
-97.32
-97.45
-97.60
-97.78
-97.74
-97.78
-97.65
-97.47
-97.54
-97.47
-97.41
-97.24
-97.03
-96.96
-97.09
-97.19
-97.42
-97.67
-97.62
-97.73
-97.68
-97.50
-97.59
-97.35
-97.31
-97.35
-97.20
-97.33
-97.16
-97.11
-97.29
-97.30
-97.42
-97.33
-97.19
-97.40
-97.46
-97.58
-97.60
-97.49
-97.31
-97.22
-97.48
-97.49
-97.57
-97.58
-97.46
-97.23
-97.10
-97.33
-97.43
-97.66
-97.69
-97.77
-97.70
-97.77
-97.76
-97.83
-97.82
-97.65
-97.63
-97.48
-97.63
-97.48
-97.25
-97.30
-97.23
-97.04
-97.30
-97.32
-97.31
-97.53
-97.64
-97.67
-97.50
-97.41
-97.34
-97.48
-97.37
-97.30
-97.26
-97.19
-97.19
-97.41
-97.32
-97.35
-97.40
-97.54
-97.72
-97.73
-97.77
-97.58
-97.62
-97.72
-97.51
-97.52
-97.44
-97.45
-97.51
-97.58
-97.52
-97.59
-97.56
-97.47
-97.47
-97.36
-97.38
-97.50
-97.42
-97.41
-97.33
-97.37
-97.34
-97.37
-97.40
-97.44
-97.40
-97.15
-96.70
-96.73
-96.72
-96.90
-97.46
-97.45
-97.44
-97.52
-97.46
-97.51
-97.56
-97.53
-97.56
-97.45
-97.46
-97.46
-97.45
-97.53
-97.60
-97.37
-97.37
-97.25
-97.32
-97.37
-97.54
-97.57
-97.51
-97.64
-97.76
-97.57
-97.81
-97.76
-97.56
-97.61
-97.69
-97.54
-97.83
-97.75
-97.64
-97.61
-97.57
-97.66
-97.74
-97.55
-97.61
-97.38
-97.24
-97.39
-97.19
-97.25
-97.40
-97.27
-97.46
-97.57
-97.61
-97.53
-97.56
-97.16
-97.21
-97.27
-97.35
-97.36
-97.51
-97.58
-97.42
-97.69
-97.70
-97.54
-97.54
-97.50
-97.43
-97.44
-97.45
-97.57
-97.59
-97.66
-97.44
-97.35
-97.22
-97.02
-97.35
-97.38
-97.54
-97.80
-97.58
-97.49
-97.26
-97.28
-97.49
-97.56
-97.64
-97.76
-97.62
-97.46
-97.52
-97.29
-97.47
-97.45
-97.67
-97.61
-97.53
-97.34
-97.15
-96.97
-97.10
-97.23
-97.26
-97.33
-97.34
-97.35
-97.28
-97.26
-97.20
-97.21
-97.19
-97.36
-97.37
-97.44
-97.58
-97.57
-97.69
-97.61
-97.46
-97.39
-97.37
-97.59
-97.44
-97.55
-97.59
-97.50
-97.55
-97.42
-92.78
-92.85
-92.86
-92.88
-96.49
-97.48
-97.36
-97.31
-97.14
-97.18
-97.18
-97.40
-97.68
-97.63
-97.55
-97.41
-97.24
-97.19
-97.28
-97.42
-97.49
-97.55
-97.70
-64.57
-58.55
-58.07
-58.07
-58.70
-64.11
-85.55
-97.20
-97.22
-97.41
-97.37
-97.32
-97.43
-97.27
-97.08
