Frequency: 1.000000
Sample Rate: 1000000.000000
Vector Length: 1
Notes: 
-379.30
-101.66
-99.24
-97.70
-96.82
-97.00
-97.12
-97.62
-97.92
-98.20
-97.95
-97.74
-97.55
-97.49
-97.32
-97.38
-97.37
-97.25
-97.37
-97.29
-97.54
-97.58
-97.64
-97.80
-97.81
-97.93
-97.77
-97.75
-97.68
-97.78
-98.00
-97.93
-97.81
-97.85
-97.96
-97.99
-97.98
-97.84
-97.75
-97.53
-97.52
-97.55
-97.55
-97.70
-97.94
-97.70
-97.80
-97.66
-97.52
-97.58
-97.54
-97.53
-97.67
-97.58
-97.55
-97.53
-97.66
-97.65
-97.66
-97.74
-97.72
-97.91
-97.86
-97.69
-97.38
-97.07
-97.03
-97.11
-97.34
-97.54
-97.79
-97.60
-97.54
-97.44
-97.25
-97.12
-97.22
-97.36
-97.74
-97.70
-97.74
-97.84
-97.68
-97.68
-97.63
-97.63
-97.51
-97.45
-97.57
-97.67
-97.83
-97.75
-97.70
-97.64
-97.71
-97.61
-97.47
-97.54
-97.45
-97.60
-97.76
-97.69
-97.64
-97.52
-97.54
-97.73
-97.80
-97.96
-97.96
-97.85
-97.76
-97.60
-97.46
-97.55
-97.43
-97.58
-97.65
-97.54
-97.64
-97.51
-97.56
-97.62
-97.55
-97.65
-97.69
-97.62
-97.83
-97.83
-97.57
-97.64
-97.57
-97.45
-97.61
-97.63
-97.71
-97.85
-97.80
-97.55
-97.45
-97.43
-97.45
-97.68
-97.62
-97.63
-97.58
-97.48
-97.62
-97.61
-97.44
-97.56
-97.52
-97.50
-97.66
-97.80
-97.70
-97.58
-97.55
-97.59
-97.65
-97.62
-97.72
-97.65
-97.52
-97.70
-97.81
-97.84
-98.01
-98.02
-97.93
-97.88
-97.84
-97.83
-97.94
-97.93
-97.87
-97.92
-97.90
-97.82
-97.69
-97.61
-97.37
-97.51
-97.53
-97.65
-98.04
-97.77
-97.69
-97.64
-97.74
-97.83
-97.86
-97.92
-97.69
-97.66
-97.62
-97.48
-97.53
-97.55
-97.64
-97.67
-97.78
-97.75
-97.89
-98.04
-97.98
-97.87
-97.79
-97.70
-97.59
-97.71
-97.84
-97.81
-97.79
-97.71
-97.65
-97.76
-97.70
-97.78
-97.59
-97.65
-97.59
-97.68
-97.82
-97.65
-97.59
-97.35
-97.17
-97.34
-97.37
-97.64
-97.87
-97.68
-97.87
-97.86
-97.83
-97.83
-97.76
-97.66
-97.53
-97.35
-97.06
-96.86
-96.80
-96.85
-97.01
-97.21
-97.33
-97.49
-97.47
-97.61
-97.54
-97.52
-97.55
-97.61
-97.73
-97.88
-98.02
-98.02
-98.04
-97.91
-97.68
-97.60
-97.61
-97.58
-97.77
-97.97
-97.67
-97.71
-97.64
-97.50
-97.72
-97.91
-97.86
-97.79
-97.84
-97.86
-97.66
-97.75
-97.67
-97.45
-97.62
-97.79
-97.87
-97.96
-97.85
-97.90
-97.77
-97.74
-97.71
-97.76
-97.69
-97.71
-97.74
-97.62
-97.61
-97.65
-97.63
-97.68
-97.55
-97.67
-97.67
-97.57
-97.61
-97.62
-97.60
-97.70
-97.80
-97.85
-97.99
-98.03
-97.88
-97.82
-97.68
-97.75
-97.71
-97.68
-97.77
-97.77
-97.75
-97.76
-97.86
-97.66
-97.62
-97.68
-97.70
-97.86
-97.68
-97.70
-97.62
-97.60
-97.78
-97.83
-97.70
-97.73
-97.74
-97.80
-97.96
-97.85
-97.74
-97.71
-97.67
-97.60
-97.71
-97.59
-97.55
-97.52
-97.42
-97.45
-97.50
-97.70
-97.82
-97.83
-97.92
-97.77
-97.80
-97.86
-97.83
-97.91
-97.75
-97.58
-97.57
-97.46
-97.42
-97.66
-97.81
-97.74
-97.90
-97.64
-97.27
-97.38
-97.29
-97.59
-97.80
-97.87
-97.90
-97.93
-97.81
-97.82
-97.74
-97.66
-97.56
-97.51
-97.53
-97.49
-97.33
-97.53
-97.39
-97.40
-97.69
-97.60
-97.68
-97.74
-97.79
-97.72
-97.71
-97.65
-61.69
-58.35
-58.35
-58.35
-60.27
-73.31
-97.51
-97.51
-97.49
-97.55
-97.62
-97.63
-97.62
-97.73
-97.70
-97.63
-97.50
-97.65
-97.57
-97.56
-97.70
-97.53
