Frequency: 1.000000
Sample Rate: 1000000.000000
Vector Length: 1
Notes: 
-379.30
-102.62
-100.21
-98.70
-97.66
-97.60
-97.51
-97.39
-97.44
-97.49
-97.39
-97.68
-97.36
-97.38
-97.46
-97.35
-97.56
-97.35
-77.31
-73.01
-64.12
-64.12
-64.25
-64.69
-97.20
-97.29
-97.42
-97.51
-97.41
-97.50
-97.46
-97.48
-97.58
-97.53
-97.69
-97.84
-97.79
-97.73
-97.59
-97.29
-97.29
-97.22
-97.28
-97.23
-97.36
-97.31
-97.44
-97.32
-97.37
-97.49
-97.36
-97.45
-97.37
-97.60
-97.87
-97.74
-97.86
-97.60
-97.35
-97.46
-97.43
-97.52
-97.55
-97.65
-97.63
-97.57
-97.62
-97.57
-97.52
-97.49
-97.37
-97.21
-97.27
-97.22
-97.32
-97.43
-97.50
-97.55
-97.42
-97.43
-97.51
-97.46
-97.59
-97.64
-97.54
-97.64
-97.52
-97.57
-97.62
-97.64
-97.73
-97.79
-97.61
-97.71
-97.72
-97.70
-97.57
-97.44
-97.56
-97.43
-97.42
-97.43
-97.29
-97.39
-97.46
-97.53
-97.54
-97.45
-97.59
-97.51
-97.52
-97.61
-97.40
-97.40
-97.30
-97.30
-97.39
-97.40
-97.26
-97.34
-97.24
-97.48
-97.47
-97.49
-97.31
-97.22
-97.25
-97.33
-97.52
-97.72
-97.82
-97.77
-97.72
-97.73
-97.64
-97.70
-97.74
-97.70
-97.64
-97.64
-97.64
-97.75
-97.87
-97.76
-97.82
-97.74
-97.70
-97.60
-97.84
-97.78
-97.81
-97.60
-97.55
-97.54
-97.57
-97.62
-97.66
-97.60
-97.51
-97.55
-97.48
-97.41
-97.49
-97.56
-97.47
-97.49
-97.48
-97.50
-97.59
-97.67
-97.88
-97.75
-97.68
-97.63
-97.38
-97.52
-97.53
-97.80
-97.72
-97.79
-97.87
-97.71
-97.83
-97.77
-97.62
-97.75
-97.88
-97.88
-97.85
-97.83
-97.55
-97.40
-97.33
-97.29
-97.45
-97.62
-97.96
-97.97
-98.15
-97.97
-97.86
-97.68
-97.52
-97.44
-97.46
-97.34
-97.53
-97.45
-97.55
-97.53
-97.57
-97.68
-97.58
-97.53
-97.52
-97.48
-97.37
-97.51
-97.60
-97.58
-97.74
-97.64
-97.50
-97.38
-97.43
-97.39
-97.36
-97.26
-97.17
-97.41
-97.53
-97.81
-98.14
-98.01
-97.94
-97.87
-97.78
-97.77
-97.83
-97.79
-97.79
-97.65
-97.67
-97.74
-97.67
-97.70
-97.80
-97.69
-97.56
-97.55
-97.47
-97.28
-97.30
-97.16
-97.29
-97.44
-97.54
-97.61
-97.63
-97.52
-97.49
-97.37
-97.40
-97.46
-97.47
-97.34
-97.21
-97.04
-97.15
-97.39
-97.29
-97.47
-97.26
-97.07
-97.11
-97.02
-97.22
-97.43
-97.42
-97.77
-97.62
-97.51
-97.41
-97.29
-97.36
-97.42
-97.54
-97.59
-97.44
-97.27
-97.30
-97.37
-97.46
-97.44
-97.48
-97.46
-97.59
-97.69
-97.87
-97.86
-97.66
-97.62
-97.56
-97.44
-97.66
-97.71
-97.60
-97.58
-97.54
-97.55
-97.60
-97.49
-97.45
-97.37
-97.50
-97.45
-97.52
-97.54
-97.34
-97.56
-97.32
-97.39
-97.36
-97.35
-97.52
-97.46
-97.49
-97.62
-97.47
-97.54
-97.59
-97.47
-97.28
-97.25
-97.29
-97.36
-97.27
-97.35
-97.28
-97.09
-97.29
-97.50
-97.53
-97.69
-97.76
-97.59
-97.55
-97.47
-97.52
-97.41
-97.40
-97.58
-97.49
-97.47
-97.46
-97.43
-97.21
-97.37
-97.25
-97.22
-97.45
-97.41
-97.52
-97.39
-97.36
-97.24
-97.28
-97.32
-97.31
-97.21
-97.11
-97.14
-97.23
-97.32
-97.19
-97.14
-97.22
-97.13
-97.24
-97.14
-97.02
-97.11
-97.28
-97.43
-97.35
-97.32
-97.46
-97.31
-97.33
-97.45
-97.29
-97.23
-97.06
-97.06
-97.17
-97.21
-97.34
-97.28
-97.33
-97.31
-97.27
-97.37
-97.35
-97.35
-97.34
-97.16
-96.89
-96.79
-96.89
-96.90
-97.15
-97.30
-97.20
-97.47
-97.65
-97.64
-97.62
-97.57
