Frequency: 1.000000
Sample Rate: 1000000.000000
Vector Length: 1
Notes: 
-379.30
-102.81
-100.25
-98.48
-76.97
-66.26
-66.25
-66.25
-66.26
-97.82
-97.98
-97.84
-97.76
-97.64
-97.60
-97.43
-97.34
-97.39
-97.32
-97.44
-97.66
-97.67
-97.57
-97.53
-97.47
-97.43
-97.31
-97.28
-97.40
-97.35
-97.54
-97.53
-97.48
-97.43
-97.40
-97.42
-97.44
-97.47
-97.51
-97.46
-97.60
-97.62
-97.75
-97.61
-97.39
-97.58
-97.65
-97.81
-97.93
-97.73
-97.41
-97.26
-97.25
-97.12
-97.16
-97.22
-97.20
-97.29
-97.35
-97.46
-97.46
-97.61
-97.54
-97.54
-97.64
-97.50
-97.60
-97.62
-97.51
-97.43
-97.33
-97.33
-97.46
-97.41
-97.40
-97.45
-97.45
-97.61
-97.63
-97.46
-97.45
-97.50
-97.62
-97.76
-97.74
-97.63
-97.50
-97.49
-97.57
-97.41
-97.25
-97.22
-97.18
-97.30
-97.35
-97.33
-97.50
-97.51
-97.57
-97.57
-97.59
-97.45
-97.49
-97.58
-97.51
-97.46
-97.39
-97.43
-97.32
-97.29
-97.49
-97.62
-97.64
-97.53
-97.51
-97.36
-97.18
-97.14
-97.08
-97.15
-97.09
-97.12
-97.16
-97.05
-97.28
-97.30
-97.30
-97.50
-97.55
-97.51
-97.58
-97.37
-97.34
-97.15
-96.97
-97.02
-97.01
-97.20
-97.47
-97.50
-97.45
-97.42
-97.37
-97.41
-97.48
-97.72
-97.65
-97.51
-97.53
-97.40
-97.30
-97.42
-97.35
-97.39
-97.54
-97.60
-97.76
-97.68
-97.46
-97.41
-97.35
-97.28
-97.38
-97.26
-97.40
-97.28
-97.43
-97.55
-97.38
-97.43
-97.38
-96.21
-95.39
-95.43
-95.41
-96.29
-96.76
-97.56
-97.63
-97.56
-97.59
-97.48
-97.47
-97.47
-97.52
-97.52
-97.39
-97.32
-97.22
-97.25
-97.34
-97.42
-97.51
-97.27
-97.25
-97.31
-97.19
-97.25
-97.29
-97.24
-97.27
-97.45
-97.48
-97.63
-97.76
-97.87
-97.59
-97.57
-97.62
-76.97
-66.26
-66.25
-66.25
-66.26
-97.30
-97.22
-97.32
-97.41
-97.59
-97.37
-97.27
-97.27
-97.15
-97.35
-97.23
-97.21
-97.28
-97.38
-97.54
-97.63
-97.72
-97.77
-97.67
-97.80
-97.76
-97.53
-97.56
-97.48
-97.36
-97.42
-97.48
-97.54
-97.54
-97.45
-97.43
-97.38
-97.32
-97.34
-97.39
-97.50
-97.61
-97.90
-97.71
-97.47
-97.54
-97.20
-97.18
-97.27
-97.31
-97.33
-97.36
-97.31
-97.25
-97.34
-97.46
-97.64
-97.73
-97.71
-97.73
-97.59
-97.35
-97.40
-97.37
-97.43
-97.48
-97.69
-97.70
-97.64
-97.64
-97.35
-97.30
-97.36
-97.43
-97.39
-97.35
-97.36
-97.32
-97.41
-97.38
-97.35
-97.35
-97.44
-97.57
-97.66
-97.56
-97.50
-97.41
-97.32
-97.29
-97.27
-97.35
-97.31
-97.29
-97.31
-97.20
-97.38
-97.39
-97.38
-97.49
-97.54
-97.58
-97.50
-97.56
-97.31
-97.27
-97.24
-97.26
-97.16
-97.10
-97.20
-97.08
-97.11
-97.28
-76.97
-66.26
-66.25
-66.25
-66.26
-97.27
-97.06
-97.16
-97.10
-97.15
-97.25
-97.18
-97.37
-97.46
-97.64
-97.62
-97.47
-97.47
-97.47
-97.57
-97.63
-97.71
-97.63
-97.67
-97.58
-97.42
-97.32
-79.13
-74.30
-74.09
-74.09
-75.24
-81.55
-97.45
-97.32
-97.45
-97.49
-97.44
-97.56
-97.51
-97.55
-97.46
-97.59
-97.49
-76.97
-66.26
-66.25
-66.25
-66.26
-97.43
-97.27
-97.30
-97.50
-97.55
-97.66
-97.49
-97.43
-97.38
-97.59
-97.73
-97.87
-97.80
-97.77
-97.60
-97.55
-97.43
-97.37
-97.33
-97.32
-97.26
-97.39
-97.24
-97.23
-97.34
-97.34
-97.55
-97.65
-97.56
-97.54
-97.28
-97.24
-97.31
-97.36
-97.45
-97.54
-97.49
-97.20
-97.34
-97.41
-97.54
-97.62
-97.57
-97.38
-97.42
