Frequency: 1.000000
Sample Rate: 1000000.000000
Vector Length: 1
Notes: 
-379.30
-102.23
-99.79
-98.25
-97.22
-97.25
-97.34
-97.50
-97.47
-97.31
-97.36
-97.36
-97.43
-97.61
-97.47
-97.48
-97.47
-97.61
-97.69
-97.44
-97.40
-97.39
-97.26
-97.59
-97.52
-97.35
-97.33
-97.24
-97.19
-97.23
-97.36
-97.29
-97.24
-97.54
-97.52
-97.64
-97.72
-97.49
-97.31
-97.24
-97.35
-97.38
-97.48
-97.48
-97.45
-97.45
-97.51
-97.50
-97.39
-97.40
-97.47
-97.38
-97.34
-97.22
-97.25
-97.28
-97.46
-97.73
-97.63
-97.50
-97.39
-97.43
-97.49
-97.56
-97.45
-97.41
-97.29
-97.21
-97.35
-97.10
-97.15
-97.20
-97.14
-97.49
-97.65
-97.46
-97.29
-97.41
-97.45
-97.45
-97.78
-97.53
-97.48
-97.41
-97.30
-97.34
-97.37
-97.50
-97.52
-97.40
-97.49
-97.40
-97.54
-97.63
-97.50
-97.54
-97.61
-97.44
-97.39
-97.53
-97.50
-97.76
-97.68
-97.63
-97.66
-97.63
-97.47
-97.58
-97.46
-97.57
-97.48
-97.27
-97.09
-97.07
-97.09
-97.20
-97.44
-97.45
-97.61
-97.67
-97.72
-97.68
-97.69
-97.56
-97.36
-97.36
-97.35
-97.27
-97.33
-97.40
-97.41
-97.42
-97.47
-89.30
-76.57
-67.63
-63.61
-63.61
-63.77
-63.95
-97.60
-97.80
-97.75
-97.51
-97.40
-97.26
-97.42
-97.40
-97.46
-97.51
-97.48
-96.25
-95.38
-95.36
-95.25
-96.31
-97.47
-97.33
-97.53
-97.45
-97.47
-97.53
-97.56
-97.31
-97.31
-97.30
-97.30
-97.45
-97.61
-97.48
-97.66
-97.53
-97.48
-97.80
-97.62
-97.63
-97.64
-97.48
-97.34
-97.37
-97.27
-97.26
-97.33
-97.53
-97.49
-97.54
-97.64
-97.53
-97.51
-97.50
-97.47
-97.55
-97.57
-97.61
-97.70
-97.52
-97.61
-97.75
-97.67
-97.68
-97.81
-97.70
-97.50
-97.42
-97.56
-97.37
-97.40
-97.59
-97.50
-97.61
-97.87
-97.77
-97.87
-97.83
-97.87
-97.77
-97.66
-97.54
-97.50
-97.50
-97.40
-97.22
-97.23
-97.39
-97.27
-97.35
-97.36
-97.21
-97.38
-97.59
-97.62
-97.54
-97.59
-97.57
-97.71
-97.67
-97.61
-97.47
-97.37
-97.27
-97.29
-97.43
-97.61
-97.56
-97.42
-97.34
-97.26
-97.19
-97.35
-97.40
-97.47
-97.46
-97.44
-97.25
-97.31
-97.54
-97.62
-97.74
-97.65
-97.63
-97.58
-97.59
-97.61
-97.45
-97.37
-97.48
-97.51
-97.63
-97.72
-97.54
-97.49
-97.58
-97.38
-97.47
-97.50
-97.38
-97.50
-97.49
-97.60
-97.61
-97.76
-97.86
-97.75
-97.63
-97.66
-97.50
-97.50
-97.51
-97.49
-97.62
-97.60
-97.59
-97.50
-97.23
-97.03
-97.22
-97.26
-97.45
-97.64
-97.46
-97.52
-97.35
-97.31
-97.34
-97.21
-97.23
-97.25
-97.28
-97.07
-96.91
-96.80
-96.81
-97.03
-97.29
-97.56
-97.69
-97.73
-97.72
-97.79
-97.67
-97.25
-97.33
-97.40
-97.29
-97.59
-97.67
-97.64
-97.71
-97.55
-97.41
-97.25
-97.24
-97.35
-97.34
-97.39
-97.29
-97.30
-97.23
-97.28
-97.48
-97.43
-97.53
-97.59
-97.60
-97.50
-97.46
-97.55
-97.54
-97.72
-97.68
-97.65
-97.59
-97.42
-97.58
-97.55
-97.73
-97.67
-97.64
-97.83
-97.74
-97.58
-97.62
-97.62
-97.73
-97.68
-97.69
-97.49
-97.49
-97.59
-97.66
-97.70
-97.60
-97.62
-97.68
-97.73
-97.69
-97.76
-97.66
-97.67
-97.76
-97.72
-97.71
-97.79
-97.72
-97.71
-97.97
-97.95
-97.93
-97.71
-97.69
-97.58
-97.50
-97.57
-97.49
-97.62
-97.60
-97.47
-97.39
-97.29
-97.31
-97.29
-97.22
-97.23
-97.40
-97.46
-97.50
-97.50
-97.38
-97.49
-97.57
-97.58
-97.51
-97.41
-97.36
-97.49
-97.51
-97.48
-97.47
-97.46
-97.64
