Frequency: 1.000000
Sample Rate: 1000000.000000
Vector Length: 1
Notes: 
-379.30
-78.17
-78.16
-78.15
-78.13
-97.56
-97.54
-97.54
-97.50
-97.56
-97.58
-97.44
-97.44
-97.54
-97.65
-97.58
-97.53
-97.63
-97.47
-97.64
-97.77
-97.75
-97.68
-97.86
-97.93
-97.89
-98.03
-98.06
-97.81
-97.62
-97.64
-97.53
-97.47
-97.59
-96.96
-66.08
-64.66
-64.66
-64.66
-66.13
-97.35
-97.41
-97.46
-97.35
-97.28
-97.29
-97.40
-97.45
-97.61
-97.60
-97.46
-97.60
-97.63
-97.63
-97.64
-97.63
-97.54
-97.74
-97.74
-97.58
-76.97
-66.26
-66.25
-66.25
-66.26
-97.65
-97.69
-97.62
-97.84
-97.87
-97.79
-97.83
-97.66
-97.51
-97.58
-97.36
-97.40
-97.60
-97.62
-97.70
-97.69
-97.51
-97.23
-96.97
-97.02
-96.92
-97.14
-97.54
-97.46
-97.50
-97.54
-97.55
-97.62
-97.71
-97.71
-97.09
-96.97
-97.01
-96.90
-97.38
-97.68
-97.56
-97.54
-97.50
-97.38
-97.60
-97.64
-97.76
-97.55
-97.44
-97.30
-97.21
-97.43
-97.21
-97.42
-97.53
-97.55
-97.77
-97.94
-98.08
-98.05
-97.76
-97.59
-97.41
-97.26
-97.29
-97.42
-97.23
-97.31
-97.46
-97.60
-97.67
-97.62
-97.54
-97.56
-97.64
-97.65
-97.56
-97.43
-97.50
-97.50
-97.61
-97.82
-97.81
-97.71
-97.50
-97.34
-97.21
-97.42
-97.62
-97.46
-97.65
-97.66
-97.65
-97.64
-97.67
-97.56
-97.38
-97.46
-97.47
-97.58
-97.89
-97.76
-97.92
-97.76
-97.65
-97.64
-97.53
-97.44
-97.43
-97.25
-97.29
-97.37
-97.42
-97.55
-97.55
-97.50
-97.46
-97.27
-97.34
-97.43
-97.40
-97.63
-97.59
-97.59
-97.61
-97.67
-97.66
-97.48
-97.52
-97.52
-97.69
-97.73
-97.72
-76.97
-66.26
-66.25
-66.25
-66.26
-97.39
-97.13
-97.08
-97.06
-97.14
-97.27
-97.32
-97.36
-97.55
-97.54
-97.54
-97.61
-97.58
-97.71
-97.48
-97.25
-97.03
-96.94
-97.00
-97.13
-97.38
-97.39
-97.44
-97.59
-97.84
-97.79
-97.74
-97.48
-97.48
-97.52
-97.53
-97.63
-97.72
-97.64
-97.75
-97.75
-97.78
-97.61
-97.64
-97.55
-97.21
-97.29
-97.38
-97.36
-97.43
-97.39
-97.44
-97.28
-97.35
-97.38
-97.19
-97.18
-97.27
-97.32
-97.58
-97.89
-97.76
-97.82
-97.79
-97.54
-97.47
-97.34
-97.25
-97.13
-97.32
-97.46
-97.58
-97.78
-97.73
-97.87
-97.76
-97.71
-97.58
-97.48
-97.41
-97.44
-97.68
-97.45
-97.34
-97.63
-97.55
-97.58
-97.63
-97.47
-97.53
-97.60
-97.61
-97.84
-97.83
-98.03
-98.10
-97.83
-97.61
-97.35
-97.06
-97.23
-97.39
-97.45
-97.62
-97.93
-97.87
-97.95
-97.74
-76.97
-66.26
-66.25
-66.25
-66.26
-97.45
-97.33
-97.26
-97.11
-97.13
-97.35
-97.38
-97.46
-97.56
-97.58
-97.60
-97.65
-97.79
-97.94
-97.93
-97.62
-97.57
-97.49
-97.34
-97.50
-97.47
-97.50
-97.38
-97.52
-97.51
-97.52
-97.64
-97.79
-97.86
-97.94
-97.87
-97.82
-97.80
-97.60
-97.49
-97.43
-97.64
-97.52
-97.63
-97.59
-97.37
-97.42
-97.53
-97.42
-97.60
-79.52
-74.94
-74.80
-74.80
-75.96
-83.33
-97.18
-97.17
-97.19
-97.24
-97.39
-97.53
-97.67
-97.72
-97.56
-97.42
-97.38
-97.38
-97.55
-97.68
-97.55
-97.48
-97.44
-97.48
-97.69
-97.74
-97.61
-97.45
-97.45
-97.42
-97.47
-97.80
-97.89
-97.85
-97.96
-97.70
-97.50
-97.41
-97.28
-97.19
-97.37
-97.39
-97.40
-97.33
-97.18
-97.16
-97.27
-97.26
-97.54
-97.52
-97.70
-97.69
-97.85
-97.74
-97.57
-97.39
-97.40
-97.21
-97.16
-97.08
-97.11
-97.24
-97.35
-97.37
-97.39
-97.26
-97.16
-97.46
