Frequency: 1.000000
Sample Rate: 1000000.000000
Vector Length: 1
Notes: 
-379.30
-103.25
-100.37
-98.63
-97.63
-97.51
-97.69
-97.74
-97.74
-97.59
-97.44
-97.58
-97.55
-97.68
-97.58
-97.40
-97.50
-97.64
-97.76
-98.27
-98.13
-98.07
-97.86
-97.77
-97.54
-97.28
-97.20
-97.30
-97.54
-97.74
-98.08
-97.94
-97.90
-97.96
-97.87
-97.75
-97.87
-97.89
-97.82
-97.78
-97.73
-97.66
-97.72
-97.75
-97.84
-98.00
-97.93
-97.80
-97.75
-97.53
-97.66
-97.71
-97.88
-97.78
-97.64
-97.37
-97.37
-97.39
-97.40
-97.59
-97.69
-97.81
-97.58
-97.59
-97.48
-97.41
-97.43
-97.48
-97.43
-97.49
-97.72
-97.69
-97.77
-97.69
-97.80
-97.63
-97.58
-97.68
-97.58
-97.66
-97.65
-97.59
-97.59
-97.68
-97.66
-97.89
-97.88
-97.67
-97.59
-97.51
-97.42
-97.59
-97.67
-97.84
-97.97
-97.90
-97.70
-97.56
-97.50
-97.42
-97.68
-97.60
-97.55
-97.58
-97.55
-97.38
-97.37
-97.44
-97.40
-97.60
-97.48
-97.18
-97.26
-97.33
-97.49
-97.63
-97.63
-97.45
-97.32
-97.32
-97.30
-97.35
-97.49
-97.58
-97.71
-97.98
-97.83
-97.73
-97.65
-97.57
-97.67
-97.87
-97.80
-97.90
-97.78
-97.67
-97.52
-97.40
-97.47
-97.38
-97.41
-97.47
-97.49
-97.51
-97.59
-97.50
-97.29
-97.31
-97.25
-97.38
-97.57
-97.51
-97.64
-97.80
-97.63
-97.73
-97.69
-97.74
-97.72
-97.63
-97.57
-97.49
-97.51
-97.57
-97.58
-97.56
-97.41
-97.27
-97.35
-97.36
-97.34
-97.39
-97.39
-97.42
-97.57
-97.49
-97.47
-97.37
-97.30
-97.37
-97.54
-97.62
-97.50
-97.33
-97.26
-97.31
-97.39
-97.55
-97.53
-97.50
-97.47
-97.55
-97.30
-97.41
-97.51
-97.46
-97.66
-97.64
-97.49
-97.53
-97.50
-97.54
-97.61
-97.54
-97.46
-97.46
-97.50
-97.60
-97.65
-97.68
-97.74
-97.66
-97.74
-97.59
-97.47
-97.49
-97.64
-97.58
-97.64
-97.69
-97.62
-97.71
-97.70
-97.42
-97.35
-97.47
-97.52
-97.68
-97.83
-97.65
-97.63
-97.53
-97.71
-97.67
-97.83
-97.90
-97.80
-97.83
-97.89
-97.90
-97.84
-97.77
-97.71
-97.59
-97.56
-97.59
-97.50
-97.45
-97.52
-97.62
-97.74
-97.86
-97.79
-97.61
-97.58
-97.51
-97.44
-97.48
-97.45
-97.64
-97.64
-97.70
-97.51
-97.19
-97.20
-97.15
-97.25
-97.40
-97.61
-97.56
-97.55
-97.71
-97.71
-97.53
-97.58
-97.62
-97.73
-97.86
-98.02
-98.02
-97.90
-97.66
-97.03
-96.74
-96.79
-96.84
-97.01
-97.13
-97.01
-97.09
-97.17
-97.35
-97.44
-97.43
-97.59
-97.53
-97.41
-97.43
-97.50
-97.55
-97.77
-97.70
-97.50
-97.49
-97.15
-97.18
-97.21
-97.15
-97.16
-97.22
-97.25
-97.27
-97.33
-97.27
-97.39
-97.42
-97.60
-97.77
-97.83
-97.75
-97.74
-97.79
-97.64
-97.66
-97.59
-97.44
-97.63
-97.68
-97.56
-97.71
-97.57
-97.57
-97.76
-97.58
-97.61
-97.62
-97.47
-97.45
-97.41
-97.27
-97.38
-97.70
-97.85
-97.89
-97.87
-97.54
-97.40
-97.34
-97.28
-97.51
-97.63
-97.67
-97.85
-97.57
-97.58
-97.55
-97.59
-97.70
-97.73
-97.69
-97.55
-97.51
-97.43
-97.43
-97.34
-97.34
-97.57
-97.71
-97.76
-97.95
-97.67
-97.44
-97.48
-97.46
-97.24
-97.32
-97.30
-97.32
-97.32
-97.33
-97.43
-97.50
-97.73
-97.75
-97.92
-97.93
-97.77
-97.66
-97.73
-97.66
-97.56
-97.59
-97.50
-97.56
-97.37
-97.52
-97.50
-97.54
-97.55
-97.58
-97.61
-97.43
-97.63
-97.60
-97.53
-97.52
-97.37
-97.50
-97.78
-97.63
-97.71
-97.60
-97.51
-97.54
-97.56
-97.45
-97.37
-97.59
