Frequency: 1.000000
Sample Rate: 1000000.000000
Vector Length: 1
Notes: 
-379.30
-102.52
-99.87
-98.24
-97.14
-97.25
-97.21
-97.28
-97.26
-97.14
-97.10
-96.99
-97.04
-97.07
-97.17
-97.23
-97.25
-97.17
-97.30
-97.24
-97.15
-97.06
-97.24
-97.25
-97.29
-97.39
-97.31
-97.29
-97.33
-97.39
-97.45
-97.47
-97.43
-97.48
-97.47
-97.40
-97.53
-97.35
-97.24
-97.42
-97.35
-97.33
-97.17
-97.13
-97.04
-97.11
-97.33
-97.50
-97.66
-97.68
-97.48
-97.52
-97.38
-97.41
-97.34
-97.31
-97.30
-97.26
-97.22
-97.02
-97.09
-97.01
-97.16
-97.32
-97.49
-97.47
-97.56
-97.38
-97.23
-97.25
-97.23
-97.35
-97.36
-97.44
-97.52
-97.56
-97.42
-97.33
-97.23
-97.16
-97.16
-97.07
-97.14
-97.13
-97.22
-97.30
-97.40
-97.44
-97.46
-97.35
-97.30
-97.38
-97.22
-97.25
-97.20
-97.16
-97.13
-97.11
-96.96
-97.13
-97.02
-97.02
-97.13
-97.24
-97.19
-97.25
-97.32
-97.30
-97.29
-97.23
-97.13
-97.06
-96.87
-97.10
-97.08
-97.11
-97.06
-97.05
-97.16
-97.16
-97.23
-97.32
-97.10
-97.19
-97.08
-96.99
-97.01
-96.90
-96.82
-96.79
-96.76
-96.83
-96.97
-97.10
-97.26
-97.29
-97.43
-97.37
-97.18
-97.34
-97.25
-97.37
-97.39
-97.32
-97.44
-97.34
-97.51
-97.43
-97.43
-97.46
-97.38
-97.43
-97.35
-97.28
-97.44
-97.39
-97.50
-97.49
-97.45
-97.33
-97.10
-96.98
-96.76
-96.81
-97.05
-95.99
-95.90
-96.09
-96.05
-96.38
-97.32
-97.14
-97.12
-97.17
-97.19
-97.39
-97.42
-97.34
-97.32
-97.17
-96.93
-96.88
-96.91
-96.89
-97.07
-97.27
-97.24
-97.41
-97.45
-97.61
-97.66
-97.41
-97.18
-96.88
-96.86
-97.02
-97.20
-97.26
-97.53
-97.36
-97.48
-97.44
-97.43
-97.41
-97.29
-97.40
-97.41
-97.33
-97.46
-97.27
-97.32
-97.28
-97.47
-97.64
-97.52
-97.63
-97.45
-97.47
-97.57
-97.47
-97.67
-97.52
-97.51
-97.54
-97.57
-97.50
-97.31
-97.24
-97.09
-97.01
-97.04
-97.10
-97.11
-97.24
-97.44
-97.47
-97.50
-97.57
-97.42
-97.42
-97.40
-97.15
-97.15
-97.23
-97.14
-97.13
-97.18
-97.06
-97.20
-97.31
-97.37
-97.30
-97.31
-97.32
-97.03
-97.03
-97.05
-97.09
-97.32
-97.44
-61.82
-57.68
-57.68
-57.68
-59.01
-68.20
-97.36
-97.26
-97.22
-97.30
-97.10
-97.27
-97.40
-97.30
-97.24
-97.01
-97.14
-97.20
-97.52
-97.58
-97.39
-97.30
-97.16
-97.24
-97.17
-97.22
-97.19
-97.31
-97.28
-97.26
-97.41
-97.21
-97.19
-97.27
-97.20
-97.34
-97.38
-97.41
-97.30
-97.21
-97.23
-97.08
-97.06
-97.13
-97.20
-97.26
-97.34
-97.19
-97.24
-97.20
-97.12
-97.38
-97.21
-97.40
-97.50
-97.42
-97.44
-97.42
-97.22
-97.29
-97.34
-97.27
-97.47
-97.40
-97.45
-97.36
-97.42
-97.24
-96.91
-96.99
-97.04
-97.23
-97.33
-97.54
-97.23
-97.22
-97.14
-96.98
-97.00
-96.71
-96.92
-97.01
-96.86
-97.28
-97.24
-97.34
-97.71
-97.60
-97.51
-97.32
-97.32
-97.25
-97.09
-97.09
-97.25
-97.28
-97.18
-97.24
-97.17
-97.13
-97.11
-97.38
-97.26
-97.28
-97.40
-97.28
-97.35
-97.11
-97.36
-97.35
-97.30
-97.39
-97.34
-97.22
-97.24
-97.26
-97.07
-97.10
-97.39
-97.22
-97.14
-97.08
-96.91
-97.00
-97.03
-96.95
-97.05
-96.92
-97.00
-97.09
-96.95
-96.89
-96.95
-97.03
-97.04
-97.24
-97.33
-97.11
-97.19
-97.00
-96.92
-96.99
-97.07
-97.14
-97.13
-97.26
-97.02
-97.16
-97.21
-97.21
-97.48
-97.59
-97.55
-97.62
-97.54
-97.49
-97.56
-97.59
-97.58
