Frequency: 1.000000
Sample Rate: 1000000.000000
Vector Length: 1
Notes: 
-379.30
-103.64
-100.57
-98.90
-97.36
-97.11
-97.04
-97.00
-97.07
-97.04
-97.19
-97.22
-97.16
-97.19
-97.18
-97.11
-97.16
-97.37
-97.40
-97.57
-97.47
-97.33
-97.37
-97.21
-97.15
-97.29
-97.21
-97.12
-97.05
-97.05
-97.13
-97.16
-97.37
-97.35
-97.29
-97.09
-97.30
-97.10
-97.15
-97.20
-97.04
-97.06
-97.02
-96.96
-97.15
-97.12
-97.09
-97.20
-96.97
-96.92
-97.04
-97.12
-97.18
-97.27
-97.31
-97.19
-97.36
-97.37
-97.40
-97.52
-97.53
-97.49
-97.43
-97.33
-97.36
-97.37
-97.42
-97.26
-97.45
-97.26
-97.29
-97.37
-96.99
-96.99
-96.99
-96.97
-97.00
-97.07
-97.03
-96.99
-96.88
-96.69
-96.65
-96.92
-97.02
-97.24
-97.03
-96.92
-96.99
-96.97
-97.26
-97.18
-97.14
-97.21
-97.15
-97.28
-97.35
-97.27
-97.18
-97.10
-97.10
-97.19
-97.42
-97.42
-97.39
-97.20
-97.15
-97.18
-97.10
-97.19
-97.07
-96.89
-96.81
-96.95
-96.96
-96.97
-97.15
-97.01
-96.90
-97.02
-96.82
-97.06
-97.34
-97.43
-97.40
-97.36
-97.22
-97.13
-97.19
-97.18
-97.05
-97.13
-97.27
-97.30
-97.03
-97.17
-97.21
-97.14
-97.35
-97.28
-97.26
-97.14
-97.15
-97.30
-97.22
-97.27
-97.30
-97.22
-97.14
-97.22
-97.36
-97.11
-97.17
-97.23
-97.23
-97.27
-97.10
-97.08
-97.05
-97.00
-97.22
-97.12
-96.88
-97.08
-97.00
-97.03
-97.32
-97.28
-97.35
-97.28
-97.08
-96.99
-96.93
-97.10
-97.15
-97.29
-97.29
-97.22
-97.23
-97.31
-97.16
-97.20
-97.08
-97.20
-97.08
-97.13
-97.27
-97.12
-97.31
-76.97
-66.26
-66.25
-66.25
-66.26
-97.26
-97.29
-97.35
-97.37
-97.30
-97.22
-97.00
-96.91
-97.08
-97.14
-97.19
-97.35
-97.40
-97.51
-97.59
-97.53
-97.41
-97.30
-97.27
-97.29
-97.35
-97.28
-97.35
-97.39
-97.32
-97.34
-97.40
-97.58
-97.39
-97.37
-97.21
-96.99
-97.01
-97.19
-97.21
-97.31
-97.21
-97.24
-97.24
-97.38
-97.24
-97.07
-97.02
-96.90
-97.10
-97.11
-97.02
-97.08
-96.81
-96.92
-96.81
-97.00
-97.24
-97.28
-97.43
-97.37
-97.27
-97.35
-97.22
-97.21
-97.04
-97.08
-97.14
-97.24
-97.20
-97.09
-97.17
-97.12
-97.04
-97.16
-97.09
-97.01
-97.03
-97.08
-96.91
-97.13
-97.06
-97.04
-97.18
-97.14
-97.23
-97.23
-97.39
-97.66
-97.56
-97.43
-97.39
-97.35
-97.33
-97.36
-76.97
-66.26
-66.25
-66.25
-66.26
-97.32
-97.23
-97.44
-97.47
-97.36
-97.37
-97.46
-97.47
-97.45
-97.59
-97.53
-97.43
-97.51
-97.51
-97.48
-97.48
-97.44
-97.43
-97.34
-97.47
-97.60
-97.57
-97.53
-97.32
-97.29
-97.13
-96.99
-97.03
-97.28
-96.98
-96.90
-96.97
-96.92
-96.96
-97.14
-97.20
-97.17
-97.25
-97.25
-97.32
-97.29
-97.27
-97.40
-97.44
-97.33
-97.34
-97.25
-97.23
-97.27
-97.17
-97.07
-97.00
-96.84
-96.86
-97.02
-97.14
-96.98
-97.11
-97.17
-97.04
-96.94
-96.95
-96.90
-96.94
-97.30
-97.33
-97.31
-97.32
-97.20
-97.38
-97.25
-97.31
-97.40
-97.39
-97.50
-97.33
-97.37
-97.09
-97.11
-96.99
-96.86
-97.02
-97.16
-97.41
-97.48
-97.40
-97.37
-97.07
-97.06
-97.15
-97.12
-97.37
-97.42
-97.13
-97.19
-97.02
-97.10
-97.26
-97.23
-97.25
-97.17
-97.25
-97.21
-97.06
-97.20
-97.05
-97.25
-97.42
-97.30
-97.32
-97.21
-97.01
-97.24
-97.27
-97.27
-97.25
-97.13
-97.14
-97.26
-97.23
-97.22
-97.20
-97.15
-97.24
-97.31
-97.31
-97.45
-97.50
-97.56
