Frequency: 1.000000
Sample Rate: 1000000.000000
Vector Length: 1
Notes: 
-379.30
-102.53
-99.77
-98.29
-97.22
-97.19
-97.29
-97.23
-97.43
-97.44
-97.31
-97.28
-97.33
-97.41
-97.52
-97.43
-97.41
-97.29
-97.23
-97.22
-97.12
-97.23
-97.19
-97.39
-97.47
-97.49
-97.75
-97.65
-97.72
-97.47
-97.35
-97.25
-97.26
-97.21
-97.14
-97.21
-96.96
-97.09
-97.20
-97.21
-97.40
-97.48
-97.49
-97.32
-97.19
-96.98
-96.98
-97.12
-97.20
-97.41
-97.40
-97.30
-97.30
-97.35
-97.46
-97.40
-97.33
-97.21
-97.03
-97.03
-97.16
-97.29
-97.51
-97.64
-97.44
-97.29
-97.28
-97.36
-97.42
-97.25
-97.28
-97.29
-97.35
-97.31
-97.36
-97.32
-97.23
-97.06
-97.16
-96.99
-97.13
-97.28
-97.20
-97.23
-96.99
-97.03
-97.12
-97.29
-97.28
-97.64
-97.54
-97.53
-97.56
-97.29
-97.14
-97.15
-97.07
-97.16
-97.30
-97.36
-97.17
-82.25
-81.60
-81.60
-81.60
-82.71
-96.85
-97.22
-97.26
-97.32
-97.41
-97.37
-97.29
-97.13
-97.06
-97.20
-97.22
-97.22
-97.41
-97.51
-97.58
-97.48
-97.47
-97.29
-97.26
-97.21
-97.25
-97.24
-97.30
-97.31
-97.22
-97.15
-97.33
-97.22
-97.31
-97.29
-97.23
-97.24
-97.27
-97.19
-97.14
-97.09
-97.17
-97.04
-97.15
-97.10
-97.12
-97.10
-97.16
-97.27
-97.31
-97.47
-97.39
-97.27
-97.33
-97.24
-97.32
-97.34
-97.09
-97.06
-97.15
-97.32
-97.57
-97.63
-97.60
-97.38
-97.43
-97.37
-97.43
-97.44
-97.37
-97.34
-97.51
-97.53
-97.34
-97.48
-97.39
-97.51
-97.57
-97.61
-97.67
-97.56
-97.41
-97.33
-97.39
-97.37
-97.45
-97.58
-97.52
-97.35
-97.37
-97.35
-97.44
-97.46
-97.44
-97.37
-97.27
-97.32
-97.49
-97.33
-97.49
-97.52
-97.40
-97.75
-97.62
-97.55
-97.45
-97.34
-97.49
-97.47
-97.51
-97.46
-97.50
-97.35
-97.34
-97.27
-97.13
-97.20
-97.15
-97.19
-97.34
-97.39
-97.44
-97.51
-97.38
-97.45
-97.51
-97.66
-97.62
-97.55
-97.56
-97.34
-97.43
-97.25
-97.11
-97.12
-97.22
-97.33
-97.35
-97.45
-97.54
-96.34
-95.77
-95.21
-94.99
-95.39
-95.84
-96.60
-96.92
-97.30
-97.60
-97.77
-97.85
-97.91
-97.72
-97.46
-97.30
-97.26
-97.34
-97.29
-97.21
-96.90
-96.86
-96.84
-96.87
-97.30
-97.25
-97.43
-97.42
-97.23
-97.25
-97.31
-97.18
-97.14
-97.35
-97.24
-97.16
-97.29
-97.26
-97.28
-97.28
-97.41
-97.36
-97.20
-97.18
-97.18
-97.14
-97.27
-97.48
-97.53
-97.53
-97.48
-97.32
-97.35
-97.21
-97.12
-97.30
-97.30
-97.37
-97.45
-97.40
-97.38
-97.47
-97.47
-97.47
-97.61
-97.62
-97.66
-97.57
-97.36
-97.30
-97.31
-97.34
-97.34
-97.29
-97.26
-97.20
-97.34
-97.41
-97.43
-97.54
-97.36
-97.28
-97.29
-97.12
-97.11
-97.16
-97.16
-97.35
-97.39
-97.31
-97.48
-97.47
-97.33
-97.42
-97.32
-97.31
-97.40
-97.19
-97.32
-97.00
-97.06
-97.16
-97.27
-97.31
-97.30
-97.27
-97.33
-97.43
-97.43
-97.32
-97.39
-97.28
-97.42
-97.56
-97.63
-97.54
-97.85
-97.71
-97.61
-97.40
-97.13
-97.09
-97.18
-97.20
-97.35
-97.12
-97.21
-97.14
-97.15
-97.35
-97.09
-97.03
-97.09
-97.05
-97.10
-97.14
-97.18
-97.29
-97.49
-97.60
-97.64
-96.53
-95.42
-95.38
-95.41
-96.15
-97.54
-97.60
-97.56
-97.45
-97.54
-97.72
-97.65
-97.96
-97.87
-97.79
-97.75
-97.65
-97.73
-97.78
-97.55
-97.69
-97.51
-97.54
-97.71
-97.65
-97.63
-97.32
-97.29
-97.07
-97.00
-97.20
-97.12
-97.13
-97.29
-97.24
-97.26
