Frequency: 1.000000
Sample Rate: 1000000.000000
Vector Length: 1
Notes: 
-379.30
-103.71
-100.76
-98.76
-97.55
-97.33
-97.17
-97.20
-97.07
-97.09
-97.02
-97.13
-97.31
-97.22
-97.25
-96.67
-96.49
-96.62
-96.50
-97.06
-97.17
-97.14
-97.19
-97.11
-97.01
-97.04
-96.97
-96.96
-97.01
-96.84
-96.96
-96.90
-96.94
-96.98
-97.07
-96.95
-96.93
-96.98
-97.10
-97.23
-97.44
-97.38
-97.36
-97.25
-97.16
-97.02
-96.94
-96.85
-96.89
-96.78
-96.97
-96.82
-96.69
-96.74
-96.64
-96.81
-96.83
-96.93
-96.67
-96.73
-96.90
-96.95
-97.13
-97.18
-97.00
-97.17
-97.13
-97.02
-97.02
-96.94
-97.04
-97.05
-97.21
-97.07
-97.02
-96.90
-97.03
-97.28
-97.16
-97.05
-96.96
-96.79
-96.84
-96.97
-96.91
-96.97
-97.07
-97.18
-97.05
-97.16
-97.36
-97.44
-97.41
-97.59
-97.28
-97.21
-97.26
-97.09
-97.15
-97.28
-97.07
-97.21
-97.13
-97.03
-96.96
-96.81
-96.72
-96.77
-96.78
-96.77
-96.85
-96.80
-96.89
-96.96
-96.98
-96.82
-96.84
-96.98
-96.99
-96.95
-96.97
-96.91
-96.90
-96.74
-96.70
-96.68
-96.68
-96.57
-96.85
-97.03
-97.02
-97.05
-96.98
-96.79
-96.88
-96.78
-96.83
-96.93
-96.78
-96.82
-96.93
-96.83
-96.66
-88.10
-78.64
-78.63
-78.63
-78.63
-95.92
-96.55
-96.89
-97.09
-96.71
-96.66
-96.58
-96.41
-96.80
-96.94
-97.05
-97.13
-97.25
-97.11
-96.89
-96.87
-96.92
-96.97
-96.89
-96.91
-96.86
-96.79
-96.99
-96.94
-96.90
-96.89
-96.91
-96.88
-96.85
-96.83
-96.85
-96.92
-97.12
-97.22
-97.09
-97.04
-96.88
-96.85
-96.88
-96.93
-96.97
-96.98
-97.14
-97.23
-97.17
-97.25
-97.20
-97.06
-97.20
-97.15
-97.20
-97.31
-97.27
-97.21
-97.27
-97.37
-97.25
-97.46
-97.35
-97.23
-97.16
-97.13
-97.01
-97.06
-97.25
-97.39
-97.17
-97.22
-97.16
-96.89
-97.00
-97.09
-97.10
-97.28
-97.34
-97.12
-97.06
-97.17
-97.11
-97.38
-97.34
-97.32
-97.26
-97.26
-97.26
-97.36
-97.31
-97.29
-97.06
-97.19
-97.37
-97.40
-97.55
-97.33
-97.18
-97.08
-96.99
-97.06
-96.85
-96.93
-97.05
-97.03
-96.87
-96.88
-96.70
-96.85
-97.21
-97.09
-97.22
-97.08
-97.01
-97.14
-97.16
-97.15
-97.16
-97.17
-96.97
-96.94
-97.09
-97.18
-97.25
-97.41
-97.19
-97.05
-97.12
-97.32
-97.33
-97.29
-97.28
-96.95
-96.85
-97.03
-96.93
-96.95
-96.99
-96.98
-97.01
-97.01
-96.88
-96.94
-96.70
-96.70
-96.90
-96.90
-96.92
-97.14
-97.12
-97.03
-97.24
-97.20
-96.95
-96.77
-96.70
-96.61
-96.82
-97.05
-97.03
-96.88
-96.76
-96.68
-96.76
-97.00
-97.10
-97.06
-97.16
-96.99
-96.96
-96.99
-96.87
-96.89
-97.03
-97.11
-97.27
-97.35
-97.39
-97.48
-97.55
-97.28
-97.24
-97.27
-97.12
-97.03
-97.06
-97.01
-96.87
-96.79
-97.07
-97.07
-97.22
-97.37
-97.11
-97.18
-97.05
-97.11
-97.18
-97.15
-97.16
-97.04
-97.03
-97.17
-97.29
-97.40
-97.23
-97.38
-97.24
-97.25
-97.39
-97.25
-97.23
-97.32
-97.06
-97.00
-97.12
-96.95
-96.99
-97.16
-97.14
-97.21
-97.14
-97.22
-97.08
-97.09
-97.05
-96.97
-97.17
-97.24
-97.15
-97.26
-97.29
-97.30
-97.27
-97.24
-97.22
-97.10
-97.25
-97.33
-97.15
-97.14
-97.04
-96.93
-97.09
-97.23
-97.14
-97.19
-97.25
-97.25
-97.33
-97.35
-97.45
-97.24
-96.96
-96.86
-96.91
-97.13
-97.49
-97.78
-97.43
-97.25
-97.22
-97.12
-97.34
-97.28
-97.20
-97.32
-97.24
-97.09
-97.22
-97.23
-97.40
-97.54
-97.38
-97.19
