Frequency: 1.000000
Sample Rate: 1000000.000000
Vector Length: 1
Notes: 
-379.30
-102.60
-99.79
-98.41
-97.36
-97.41
-97.40
-97.26
-97.04
-97.01
-96.81
-96.93
-96.91
-96.76
-96.81
-96.92
-96.98
-96.99
-97.10
-97.10
-97.08
-97.01
-97.14
-97.02
-97.16
-97.33
-97.19
-97.05
-96.94
-96.93
-96.90
-97.00
-96.98
-96.95
-97.04
-96.99
-97.27
-97.29
-97.21
-97.19
-96.95
-97.02
-96.98
-97.03
-97.22
-97.11
-97.14
-97.08
-97.11
-97.07
-97.21
-97.22
-97.23
-97.25
-97.16
-97.20
-97.01
-96.97
-96.79
-96.65
-96.91
-96.93
-97.17
-97.32
-97.32
-97.31
-97.26
-97.20
-97.00
-97.04
-96.93
-96.90
-96.90
-96.80
-97.10
-97.11
-97.37
-97.49
-97.43
-97.27
-97.19
-97.14
-96.88
-96.77
-96.36
-96.35
-96.56
-96.76
-97.22
-97.09
-96.93
-97.00
-96.99
-97.20
-97.29
-97.32
-97.29
-97.21
-97.19
-97.33
-97.32
-97.36
-97.40
-97.20
-97.29
-97.36
-97.34
-97.38
-97.12
-97.04
-96.81
-96.85
-96.95
-97.04
-97.09
-97.17
-97.07
-97.08
-96.99
-96.91
-96.84
-96.80
-96.93
-96.96
-97.02
-96.91
-96.76
-96.79
-96.76
-96.96
-97.10
-97.14
-97.15
-96.98
-96.90
-96.88
-96.88
-97.05
-96.97
-97.01
-97.15
-97.20
-97.19
-97.33
-97.25
-97.24
-97.17
-97.07
-97.09
-97.25
-97.12
-97.13
-97.09
-97.02
-96.98
-97.05
-97.09
-97.07
-97.03
-96.93
-96.85
-96.78
-96.78
-96.97
-96.91
-97.00
-97.12
-96.99
-97.10
-97.02
-96.93
-96.92
-96.83
-96.72
-96.77
-96.90
-96.94
-97.01
-97.20
-97.28
-97.38
-97.41
-97.41
-97.26
-97.28
-97.15
-97.30
-97.16
-97.09
-97.17
-96.94
-97.23
-97.04
-96.99
-97.06
-96.75
-96.91
-97.01
-96.95
-97.10
-97.17
-97.07
-97.20
-97.36
-97.17
-97.22
-97.09
-97.03
-97.08
-97.21
-97.26
-97.11
-97.01
-97.12
-97.12
-97.07
-97.24
-97.27
-97.37
-97.66
-97.54
-97.43
-97.28
-97.08
-97.22
-97.12
-97.28
-97.18
-97.14
-96.99
-96.95
-96.93
-96.96
-97.00
-97.10
-97.11
-96.97
-96.97
-96.93
-95.41
-94.31
-94.33
-94.21
-95.07
-96.02
-96.92
-97.01
-97.23
-97.32
-97.20
-97.16
-97.06
-97.23
-97.39
-97.45
-97.51
-97.24
-97.08
-97.12
-96.95
-97.04
-97.15
-97.05
-97.13
-97.11
-97.02
-97.12
-97.04
-97.14
-97.28
-97.18
-97.36
-97.41
-97.49
-97.31
-97.39
-97.26
-97.16
-97.26
-97.23
-97.25
-97.33
-97.32
-97.31
-97.09
-97.01
-97.02
-96.96
-97.18
-97.24
-97.21
-97.18
-97.27
-97.07
-97.19
-97.44
-97.28
-97.37
-97.36
-97.29
-97.20
-97.10
-97.11
-97.08
-97.11
-97.07
-97.19
-97.24
-97.19
-97.28
-97.27
-97.25
-97.25
-97.19
-97.26
-97.32
-97.24
-97.27
-97.23
-97.00
-96.95
-97.06
-96.98
-97.11
-97.35
-97.10
-97.14
-97.01
-96.95
-96.95
-97.07
-97.35
-97.23
-97.10
-97.13
-96.97
-97.13
-97.01
-97.13
-97.02
-97.07
-97.09
-96.95
-97.04
-97.04
-97.04
-97.19
-97.10
-97.12
-97.09
-96.90
-96.84
-96.67
-96.50
-96.56
-96.68
-96.71
-96.91
-96.79
-96.86
-96.82
-96.81
-96.87
-97.05
-97.02
-97.06
-97.10
-97.06
-97.16
-97.23
-96.96
-97.01
-97.07
-97.21
-97.27
-97.50
-97.30
-97.13
-96.85
-96.78
-96.79
-96.94
-97.09
-96.98
-96.96
-96.90
-96.96
-96.98
-97.10
-97.22
-97.05
-97.30
-97.33
-97.18
-97.27
-97.20
-97.20
-97.27
-97.38
-97.33
-97.24
-97.33
-97.22
-97.35
-97.35
-97.32
-97.36
-97.23
-97.20
-97.18
-97.13
-97.17
-97.07
-96.98
-97.01
-97.03
-97.08
