Frequency: 1.000000
Sample Rate: 1000000.000000
Vector Length: 1
Notes: 
-379.30
-102.61
-99.62
-98.10
-97.13
-96.92
-97.04
-97.11
-97.11
-97.15
-96.91
-96.98
-96.72
-96.87
-97.13
-97.06
-97.18
-97.09
-96.84
-96.84
-97.10
-97.06
-97.15
-97.22
-96.90
-96.93
-96.96
-96.95
-96.96
-96.81
-96.95
-96.95
-97.23
-97.31
-97.24
-97.16
-97.04
-97.15
-97.19
-97.45
-97.55
-97.31
-97.27
-97.21
-97.22
-97.41
-97.37
-97.07
-96.92
-96.86
-96.89
-97.07
-97.24
-97.04
-97.14
-97.07
-96.87
-97.11
-97.10
-97.13
-97.27
-97.23
-97.29
-97.32
-97.36
-97.15
-97.12
-96.96
-96.87
-97.15
-97.09
-97.26
-97.30
-97.16
-97.22
-97.29
-97.30
-97.55
-97.44
-97.29
-97.31
-96.76
-96.84
-96.89
-96.99
-97.13
-97.27
-97.23
-97.18
-97.36
-97.33
-97.33
-97.30
-97.16
-97.21
-97.21
-97.32
-97.36
-97.51
-97.41
-97.40
-97.16
-97.14
-96.94
-96.97
-97.21
-96.98
-97.07
-97.23
-97.05
-97.10
-96.99
-96.92
-97.03
-96.96
-97.10
-97.13
-97.12
-97.10
-97.00
-96.86
-97.00
-96.90
-96.89
-97.06
-97.03
-97.16
-97.32
-97.03
-96.92
-96.95
-97.10
-97.35
-97.47
-97.33
-97.30
-97.19
-97.26
-97.33
-97.44
-97.31
-97.17
-97.03
-96.88
-96.80
-96.78
-96.89
-97.11
-97.14
-97.28
-97.13
-97.04
-96.93
-96.83
-96.63
-96.51
-96.68
-95.60
-95.02
-94.32
-94.33
-95.01
-95.68
-97.21
-97.07
-97.06
-97.02
-96.91
-95.07
-95.10
-95.13
-95.12
-97.00
-97.02
-96.94
-97.11
-97.09
-97.11
-97.20
-97.23
-97.23
-97.13
-97.10
-97.07
-97.10
-97.28
-97.16
-97.29
-97.06
-97.18
-97.19
-97.21
-97.37
-97.33
-97.41
-97.37
-97.25
-97.35
-97.24
-97.27
-97.27
-97.20
-97.14
-97.01
-96.90
-97.10
-97.31
-97.36
-97.55
-97.33
-97.23
-97.20
-97.24
-97.56
-97.30
-97.10
-97.16
-96.99
-97.11
-97.26
-97.02
-97.00
-97.03
-97.11
-97.19
-97.23
-97.22
-97.34
-97.14
-97.28
-97.24
-97.11
-97.27
-97.19
-97.19
-97.27
-97.34
-97.30
-97.29
-97.23
-96.94
-96.88
-97.01
-97.11
-97.31
-97.36
-97.21
-97.09
-97.08
-97.06
-97.03
-96.88
-96.90
-97.06
-97.02
-97.07
-97.15
-97.21
-97.34
-97.16
-97.15
-97.06
-97.07
-97.26
-97.33
-97.14
-97.21
-97.03
-96.97
-97.07
-97.09
-97.27
-97.36
-97.38
-97.19
-97.04
-96.93
-96.96
-96.94
-97.10
-97.18
-97.17
-97.18
-97.04
-97.02
-96.91
-96.96
-96.94
-96.85
-96.81
-96.99
-97.03
-97.19
-97.16
-97.25
-97.24
-96.92
-96.82
-96.74
-96.71
-97.01
-97.18
-97.28
-97.35
-97.32
-97.38
-97.40
-97.33
-97.32
-97.22
-97.14
-97.13
-97.12
-97.19
-97.24
-97.11
-97.13
-97.01
-96.92
-96.84
-96.83
-96.85
-96.92
-97.19
-97.07
-97.13
-82.91
-79.02
-79.02
-79.03
-80.41
-89.97
-97.17
-97.19
-97.11
-97.25
-97.33
-97.24
-97.12
-96.90
-96.90
-96.82
-97.08
-97.18
-97.33
-97.22
-97.10
-97.18
-97.17
-97.16
-97.13
-97.01
-96.83
-97.06
-97.15
-96.96
-97.19
-97.03
-97.16
-97.31
-97.30
-97.22
-97.13
-97.08
-97.04
-96.98
-96.99
-96.98
-97.20
-97.31
-97.47
-97.46
-97.38
-97.34
-97.44
-97.31
-97.32
-97.26
-97.15
-97.14
-96.94
-96.96
-97.00
-96.97
-97.07
-97.04
-97.07
-96.92
-97.08
-97.00
-96.92
-96.98
-96.88
-96.81
-96.96
-96.87
-96.97
-96.92
-97.01
-96.93
-96.89
-97.16
-97.19
-97.32
-97.59
-97.61
-97.62
-97.46
-97.42
-97.10
-97.10
-97.32
-97.27
-97.36
-97.21
-96.95
-97.02
-97.12
-97.21
-97.25
