Frequency: 1.000000
Sample Rate: 1000000.000000
Vector Length: 1
Notes: 
-379.30
-101.46
-99.14
-97.68
-96.81
-96.86
-97.03
-96.94
-96.86
-96.78
-96.70
-96.74
-96.78
-96.87
-96.95
-97.01
-96.85
-96.97
-97.23
-97.10
-97.24
-97.17
-97.04
-97.05
-97.11
-97.20
-97.29
-97.03
-97.21
-97.14
-97.09
-97.16
-97.07
-96.88
-96.82
-96.88
-96.66
-96.77
-96.92
-96.93
-96.97
-97.02
-97.05
-96.89
-96.49
-95.74
-95.63
-95.75
-95.67
-96.75
-96.81
-96.62
-96.71
-96.93
-96.87
-97.12
-96.96
-96.98
-97.10
-97.07
-97.25
-97.39
-97.29
-97.19
-97.23
-96.95
-97.00
-96.99
-96.82
-96.82
-96.95
-97.17
-97.29
-97.44
-97.25
-97.26
-97.13
-96.90
-97.04
-96.78
-96.83
-96.97
-97.04
-97.32
-97.23
-97.12
-96.88
-96.84
-96.66
-96.66
-96.35
-96.30
-95.96
-96.03
-96.04
-96.52
-97.03
-97.39
-97.50
-97.39
-97.42
-97.26
-97.37
-97.25
-97.10
-97.11
-97.01
-97.08
-96.85
-96.75
-96.65
-96.77
-96.83
-96.86
-96.86
-96.78
-96.85
-97.00
-97.01
-96.89
-97.02
-96.90
-96.76
-96.72
-96.68
-96.90
-96.74
-96.59
-96.71
-96.59
-96.62
-96.92
-96.99
-97.16
-97.05
-97.00
-96.94
-96.82
-96.71
-96.81
-96.84
-96.90
-97.16
-97.18
-97.00
-97.02
-96.98
-96.97
-97.11
-97.16
-97.12
-96.98
-96.99
-96.91
-97.07
-97.32
-97.18
-97.23
-97.23
-97.07
-97.13
-96.97
-96.95
-96.90
-96.83
-96.92
-96.87
-96.97
-97.14
-97.16
-97.21
-97.20
-97.16
-97.18
-97.05
-96.97
-96.94
-96.80
-96.77
-96.64
-96.71
-96.66
-96.87
-97.02
-96.94
-96.95
-96.98
-97.05
-97.09
-96.95
-96.60
-96.65
-96.53
-96.58
-96.98
-96.89
-96.83
-96.93
-96.71
-96.63
-96.84
-96.83
-97.12
-97.38
-97.46
-97.39
-97.19
-96.92
-96.75
-97.01
-96.96
-96.96
-97.23
-97.19
-97.43
-97.52
-97.58
-97.41
-97.26
-97.09
-97.03
-96.99
-97.06
-97.10
-97.01
-96.74
-96.31
-96.27
-96.28
-96.42
-96.91
-97.07
-97.21
-97.27
-97.13
-97.11
-97.01
-96.94
-97.00
-96.93
-96.93
-97.28
-97.14
-97.26
-97.19
-96.98
-96.98
-96.91
-96.94
-96.97
-96.78
-96.84
-96.72
-96.62
-96.67
-96.66
-96.65
-96.58
-96.57
-96.65
-96.65
-96.96
-96.93
-96.84
-96.88
-96.90
-96.96
-97.05
-97.18
-97.23
-97.30
-97.19
-97.24
-97.22
-97.31
-97.23
-97.17
-97.08
-96.93
-96.96
-96.92
-96.93
-97.07
-97.15
-97.06
-96.99
-96.94
-96.78
-96.95
-96.93
-96.49
-96.28
-96.31
-96.26
-96.54
-96.96
-97.00
-97.02
-96.86
-96.90
-96.75
-96.79
-96.78
-96.79
-96.79
-96.77
-96.90
-97.07
-97.07
-97.05
-97.12
-97.04
-97.05
-97.06
-97.07
-97.28
-97.26
-97.25
-97.25
-97.09
-97.17
-97.06
-96.92
-96.93
-96.83
-96.96
-97.07
-97.08
-97.19
-97.08
-97.21
-97.16
-97.20
-97.26
-97.16
-97.24
-96.91
-96.98
-96.97
-96.99
-97.05
-97.25
-97.17
-97.00
-97.01
-96.90
-96.83
-97.07
-97.16
-97.20
-97.17
-97.06
-96.93
-96.85
-96.83
-96.96
-96.89
-96.79
-96.78
-96.65
-96.66
-96.75
-96.76
-96.91
-96.89
-96.79
-96.76
-96.76
-96.69
-96.84
-97.06
-97.23
-97.12
-97.23
-97.05
-96.88
-97.10
-97.06
-97.15
-97.25
-97.17
-97.05
-96.95
-96.91
-96.92
-96.85
-96.88
-97.01
-97.06
-97.36
-97.28
-97.15
-97.14
-96.98
-96.98
-96.95
-97.01
-97.06
-97.03
-97.16
-97.25
-97.19
-97.19
-97.16
-97.16
-96.89
-97.08
-97.13
-96.93
-97.18
-97.00
-96.94
-97.05
-96.85
-96.94
-97.02
-97.11
-97.09
-97.22
-97.33
-97.26
