Frequency: 1.000000
Sample Rate: 1000000.000000
Vector Length: 1
Notes: 
-379.30
-101.52
-99.19
-97.62
-96.55
-96.96
-96.96
-97.10
-97.35
-97.20
-97.04
-96.91
-96.72
-96.74
-96.85
-96.71
-96.69
-96.70
-96.58
-96.75
-96.92
-96.78
-96.99
-96.92
-96.56
-96.57
-96.42
-96.34
-96.47
-96.48
-96.58
-96.61
-96.51
-96.61
-96.55
-96.70
-97.02
-97.10
-97.10
-97.02
-96.98
-96.93
-96.99
-97.00
-96.89
-96.79
-96.65
-96.75
-96.49
-96.69
-96.51
-96.54
-96.47
-96.51
-96.44
-96.67
-96.73
-96.62
-96.59
-96.69
-96.78
-96.82
-97.01
-96.94
-96.40
-96.42
-96.55
-96.66
-97.03
-97.10
-97.03
-96.67
-96.48
-96.29
-85.82
-85.82
-85.84
-85.86
-92.51
-96.84
-96.88
-96.72
-96.83
-97.01
-96.96
-96.96
-97.02
-96.80
-96.80
-96.80
-96.66
-96.70
-96.70
-96.58
-96.61
-96.65
-96.83
-96.81
-97.04
-97.07
-97.09
-97.20
-97.16
-97.02
-96.91
-96.80
-96.70
-96.62
-96.77
-96.38
-96.34
-96.33
-96.14
-96.33
-96.58
-96.76
-96.76
-96.86
-96.94
-96.86
-96.83
-96.71
-96.66
-96.66
-96.64
-96.58
-96.47
-96.47
-96.64
-96.69
-96.70
-96.79
-96.71
-96.90
-96.76
-96.49
-93.18
-70.55
-70.54
-70.55
-70.55
-93.44
-96.24
-96.61
-96.65
-96.69
-96.63
-96.70
-96.90
-96.77
-96.99
-96.96
-96.91
-96.91
-96.96
-96.81
-96.71
-96.80
-96.65
-96.53
-96.45
-96.52
-96.51
-96.64
-96.76
-96.89
-96.96
-96.93
-96.92
-96.92
-96.92
-97.02
-96.97
-96.96
-97.01
-97.05
-97.07
-97.07
-97.15
-97.10
-97.11
-97.07
-97.05
-96.90
-96.74
-96.78
-96.73
-96.61
-96.83
-96.72
-96.78
-96.88
-97.07
-96.98
-97.01
-88.67
-82.24
-64.10
-64.10
-64.11
-64.16
-67.22
-96.78
-97.10
-96.80
-96.65
-96.80
-96.72
-96.68
-97.08
-97.05
-97.11
-97.09
-97.17
-97.17
-97.17
-97.16
-97.07
-96.99
-96.80
-96.57
-96.46
-96.52
-96.53
-96.68
-96.74
-96.75
-96.94
-97.03
-96.88
-96.80
-96.68
-96.67
-96.87
-96.85
-96.81
-96.79
-96.75
-96.88
-96.88
-96.82
-96.86
-96.95
-96.96
-97.12
-97.02
-97.12
-97.10
-97.04
-97.08
-96.97
-96.86
-96.87
-96.67
-96.60
-96.71
-96.72
-96.88
-97.01
-96.84
-96.82
-96.83
-96.84
-96.96
-96.99
-96.98
-96.65
-96.61
-96.51
-96.46
-96.60
-96.61
-96.74
-96.73
-96.94
-97.06
-96.97
-97.04
-96.95
-96.87
-96.87
-96.86
-97.01
-97.04
-97.19
-97.15
-96.97
-96.95
-96.88
-96.85
-96.85
-96.73
-96.67
-96.60
-96.60
-96.76
-96.84
-96.81
-97.00
-96.90
-97.00
-96.99
-96.79
-96.79
-96.71
-96.68
-96.67
-96.67
-96.58
-96.71
-96.85
-96.87
-96.93
-96.86
-96.84
-96.87
-96.91
-96.93
-97.02
-97.21
-97.13
-97.24
-97.29
-97.05
-97.02
-96.79
-96.63
-96.53
-96.60
-96.71
-96.94
-97.09
-96.94
-97.04
-96.97
-96.86
-96.71
-96.50
-96.53
-96.74
-96.79
-96.90
-96.92
-96.87
-97.01
-97.10
-97.15
-97.16
-97.10
-96.88
-97.05
-97.06
-96.79
-96.92
-96.81
-96.83
-97.04
-96.95
-96.86
-96.83
-96.83
-96.84
-96.95
-96.95
-96.68
-96.64
-96.50
-96.73
-96.97
-97.26
-97.33
-97.41
-97.27
-97.16
-97.11
-97.08
-97.23
-97.04
-97.04
-96.84
-96.76
-96.79
-96.66
-96.73
-96.76
-96.70
-96.79
-96.88
-96.90
-96.92
-97.02
-96.91
-96.91
-97.03
-96.99
-96.99
-97.02
-97.12
-97.17
-96.98
-97.01
-96.86
-96.94
-97.03
-97.22
-97.11
-96.89
-96.75
-96.77
-96.90
-96.95
-96.80
-96.65
-96.62
-96.75
-96.95
