Frequency: 1.000000
Sample Rate: 1000000.000000
Vector Length: 1
Notes: 
-379.30
-98.02
-95.57
-94.31
-93.10
-93.09
-93.26
-93.10
-93.16
-93.19
-92.93
-92.88
-92.87
-92.61
-92.93
-92.93
-92.97
-93.11
-93.18
-93.17
-93.23
-93.07
-93.01
-93.06
-92.89
-92.86
-92.88
-92.60
-92.68
-92.66
-92.45
-92.44
-92.71
-92.70
-93.12
-93.23
-93.15
-93.11
-93.02
-92.89
-92.80
-92.71
-92.76
-92.41
-91.91
-92.05
-91.94
-92.29
-92.88
-92.76
-92.85
-92.95
-92.71
-92.50
-92.37
-92.28
-92.19
-92.47
-92.50
-92.50
-92.83
-92.89
-92.92
-93.25
-93.01
-92.98
-92.73
-92.63
-92.72
-92.50
-92.68
-92.60
-92.53
-92.82
-92.68
-92.70
-93.00
-92.78
-92.77
-92.85
-92.62
-92.97
-93.03
-92.81
-92.95
-92.79
-92.69
-92.87
-92.65
-92.64
-92.82
-92.59
-92.54
-92.76
-92.55
-92.68
-92.64
-92.40
-92.30
-92.33
-92.30
-92.65
-92.37
-92.39
-92.39
-92.20
-92.43
-92.40
-92.35
-92.58
-92.30
-92.36
-92.62
-92.43
-92.60
-92.80
-92.66
-92.78
-92.93
-92.63
-92.73
-92.88
-92.69
-93.07
-92.99
-92.76
-92.93
-92.65
-92.44
-92.59
-92.55
-92.72
-92.88
-92.67
-92.80
-92.75
-92.56
-92.73
-92.76
-92.79
-93.00
-92.93
-92.73
-92.77
-92.54
-92.73
-92.90
-92.94
-93.14
-92.99
-92.85
-93.03
-92.86
-92.98
-93.29
-93.18
-93.38
-93.44
-93.07
-93.03
-92.99
-92.90
-93.13
-93.12
-93.20
-93.40
-93.17
-93.21
-93.35
-93.14
-93.16
-92.92
-92.44
-92.54
-92.55
-92.56
-93.02
-92.97
-92.75
-93.02
-92.87
-92.77
-92.94
-92.94
-93.09
-93.33
-93.08
-93.26
-93.18
-92.99
-93.25
-93.06
-93.01
-93.20
-92.86
-92.87
-92.99
-92.71
-92.89
-93.07
-92.89
-93.32
-93.12
-93.04
-93.21
-92.96
-92.98
-92.96
-92.67
-92.85
-92.82
-92.55
-92.84
-92.70
-92.74
-93.21
-93.11
-93.19
-93.30
-92.99
-93.08
-93.05
-92.83
-93.09
-92.90
-92.78
-93.02
-92.90
-92.95
-93.19
-92.94
-92.99
-93.15
-92.93
-93.07
-93.09
-92.72
-92.79
-92.69
-92.51
-92.81
-92.68
-92.65
-93.03
-92.80
-92.89
-93.02
-92.74
-92.89
-92.97
-92.84
-93.09
-93.05
-92.87
-93.00
-92.71
-92.62
-93.00
-92.80
-92.89
-92.91
-92.75
-92.91
-92.90
-92.86
-93.09
-92.76
-92.88
-93.06
-92.93
-93.07
-93.17
-92.87
-93.02
-92.90
-92.65
-92.74
-92.56
-92.50
-92.87
-92.73
-92.83
-93.08
-92.84
-92.99
-93.10
-92.77
-92.94
-92.98
-92.83
-93.07
-92.82
-92.76
-92.96
-92.77
-92.97
-93.04
-92.91
-93.03
-92.99
-92.75
-92.72
-92.71
-92.76
-93.10
-92.96
-93.03
-93.21
-93.04
-93.02
-92.88
-92.55
-92.72
-92.85
-92.62
-92.89
-92.94
-92.88
-93.32
-93.17
-93.23
-93.40
-93.10
-93.16
-93.26
-93.01
-93.38
-93.27
-92.94
-93.16
-93.10
-93.00
-93.23
-93.12
-93.15
-93.25
-93.14
-92.97
-92.98
-92.65
-92.87
-92.74
-92.67
-92.96
-92.89
-92.99
-93.11
-92.95
-93.02
-93.10
-92.95
-93.02
-93.03
-92.93
-93.09
-92.99
-92.88
-92.99
-92.86
-92.82
-93.15
-93.01
-92.96
-93.05
-92.91
-93.03
-93.24
-92.95
-93.05
-92.99
-92.98
-93.24
-93.10
-93.00
-93.04
-93.01
-93.24
-93.22
-93.26
-93.25
-93.18
-93.11
-93.22
-93.02
-93.13
-93.29
-93.17
-93.39
-93.43
-93.12
-93.28
-93.14
-92.84
-92.92
-92.78
-92.78
-93.07
-92.90
-93.03
-93.11
-92.98
-93.08
-93.07
-93.00
-93.18
-93.00
-93.05
-93.24
-93.12
-93.16
-93.13
-92.94
-93.02
-93.00
-92.93
-93.19
-93.01
-92.86
-93.10
-92.82
