Frequency: 1.000000
Sample Rate: 1000000.000000
Vector Length: 1
Notes: 
-379.30
-101.36
-99.00
-97.26
-96.18
-96.30
-96.30
-96.44
-96.51
-96.32
-96.47
-96.48
-96.47
-96.64
-96.59
-96.40
-96.51
-96.52
-96.41
-96.65
-96.61
-96.73
-96.70
-96.53
-96.63
-96.30
-96.28
-95.19
-95.15
-95.19
-95.23
-96.35
-96.47
-96.60
-96.51
-96.26
-96.14
-96.04
-96.05
-96.24
-96.35
-96.37
-96.30
-96.24
-96.17
-96.38
-96.31
-96.47
-96.42
-96.21
-96.37
-96.12
-96.29
-96.36
-96.15
-96.33
-96.23
-96.13
-96.22
-96.14
-96.24
-96.43
-96.29
-96.52
-96.56
-96.34
-96.33
-96.21
-96.24
-96.21
-96.18
-95.97
-95.91
-96.06
-96.10
-96.37
-96.44
-96.19
-96.41
-96.41
-96.47
-96.42
-96.33
-96.22
-96.29
-96.27
-96.20
-94.32
-94.26
-94.34
-94.37
-96.31
-96.41
-96.29
-96.35
-96.38
-96.28
-96.27
-96.05
-96.18
-96.32
-96.25
-96.24
-96.24
-96.15
-96.30
-96.52
-96.55
-96.53
-96.24
-96.05
-95.93
-95.90
-95.89
-96.11
-96.09
-96.22
-96.30
-96.30
-96.46
-96.46
-96.65
-96.54
-96.60
-96.55
-96.30
-96.35
-96.31
-96.38
-96.56
-96.70
-96.53
-96.43
-96.40
-96.28
-96.14
-96.11
-96.13
-96.07
-96.18
-95.92
-95.71
-95.62
-95.68
-95.77
-96.00
-96.19
-96.26
-96.35
-96.35
-96.56
-96.46
-96.55
-96.52
-96.56
-96.52
-96.52
-96.30
-96.13
-96.15
-96.06
-96.16
-96.20
-96.20
-96.09
-96.09
-96.06
-96.04
-96.17
-96.28
-96.33
-96.47
-96.49
-96.29
-96.22
-96.16
-96.07
-95.53
-94.95
-94.29
-94.30
-94.16
-95.07
-96.05
-96.06
-96.14
-96.20
-96.21
-96.27
-96.48
-96.67
-96.61
-96.59
-96.44
-96.29
-96.24
-96.30
-96.26
-96.30
-96.23
-96.04
-96.06
-96.09
-96.09
-96.13
-96.09
-96.14
-96.07
-96.29
-96.31
-96.35
-96.39
-96.26
-96.39
-96.26
-96.21
-96.47
-96.37
-96.47
-96.26
-96.19
-96.07
-96.03
-96.13
-96.14
-96.06
-96.06
-96.14
-96.13
-96.29
-96.41
-96.39
-96.47
-96.36
-96.24
-96.06
-96.05
-96.08
-96.04
-96.04
-96.18
-96.35
-96.43
-96.29
-96.25
-96.21
-96.03
-96.17
-96.21
-96.15
-96.24
-96.16
-96.04
-96.07
-96.01
-96.11
-96.08
-96.18
-96.10
-96.06
-96.12
-96.14
-96.24
-96.42
-96.35
-96.26
-96.23
-96.24
-96.41
-96.35
-96.34
-96.56
-96.43
-96.55
-96.58
-96.30
-96.31
-96.27
-96.40
-96.54
-96.53
-96.46
-96.20
-96.17
-96.10
-96.18
-96.22
-96.23
-96.32
-96.25
-96.13
-96.26
-96.24
-96.32
-96.19
-96.07
-95.97
-96.00
-96.16
-96.38
-96.39
-96.42
-96.34
-96.25
-96.26
-96.36
-96.43
-96.56
-96.57
-96.59
-96.57
-96.54
-96.33
-96.12
-96.22
-96.03
-95.99
-96.11
-95.89
-96.12
-96.30
-96.44
-96.51
-96.45
-96.46
-96.34
-96.29
-96.16
-96.02
-96.08
-95.75
-95.67
-95.72
-95.68
-95.93
-96.32
-96.26
-96.29
-96.37
-96.39
-96.41
-96.45
-96.40
-96.48
-96.26
-96.08
-96.10
-96.19
-96.28
-96.48
-96.56
-96.48
-96.41
-96.36
-96.55
-96.57
-96.59
-96.58
-96.49
-96.58
-96.40
-96.52
-96.42
-96.36
-96.44
-96.26
-96.07
-96.14
-96.10
-96.18
-96.38
-96.49
-96.37
-96.27
-96.25
-96.33
-96.47
-96.58
-96.54
-96.50
-96.28
-96.30
-96.31
-96.19
-96.15
-96.05
-96.08
-96.11
-96.14
-96.20
-96.27
-96.18
-96.02
-95.99
-96.06
-96.06
-96.30
-96.27
-96.22
-96.21
-96.26
-96.26
-96.13
-96.21
-95.98
-96.11
-96.08
-95.99
-96.14
-96.28
-96.32
-96.24
-96.16
-96.10
-96.14
-96.25
-96.23
-96.32
-96.34
-96.17
