Frequency: 1.000000
Sample Rate: 1000000.000000
Vector Length: 1
Notes: 
-379.30
-101.90
-99.56
-97.86
-96.79
-96.88
-96.72
-96.87
-96.89
-96.95
-97.17
-97.22
-97.14
-96.91
-96.90
-96.87
-96.82
-96.73
-96.59
-96.73
-96.76
-96.93
-96.89
-96.89
-96.93
-96.98
-97.09
-96.91
-96.97
-96.80
-96.75
-96.69
-96.81
-96.81
-96.89
-97.11
-97.04
-97.09
-97.16
-96.89
-96.93
-97.08
-97.15
-97.41
-97.31
-97.26
-97.03
-96.94
-97.04
-97.05
-97.27
-97.31
-97.19
-97.02
-96.88
-96.90
-96.94
-96.97
-97.17
-97.04
-97.02
-97.08
-97.04
-97.25
-97.07
-97.06
-96.99
-96.83
-96.72
-96.67
-96.79
-96.94
-97.09
-97.10
-97.04
-96.88
-96.75
-96.85
-96.68
-96.71
-96.92
-96.98
-97.05
-97.26
-97.25
-97.13
-97.12
-96.90
-96.94
-97.05
-97.03
-97.12
-97.10
-96.89
-97.04
-97.07
-94.99
-93.52
-93.34
-93.31
-94.50
-95.70
-96.86
-97.04
-96.88
-96.92
-96.94
-96.87
-96.87
-96.82
-96.78
-96.59
-96.75
-96.77
-96.67
-96.83
-96.86
-96.77
-96.91
-96.90
-96.98
-97.05
-97.14
-97.20
-97.06
-97.05
-96.86
-96.80
-96.76
-96.93
-96.86
-96.96
-96.96
-96.89
-96.89
-96.94
-96.95
-97.01
-96.99
-97.01
-97.05
-96.97
-96.97
-96.98
-96.86
-96.88
-96.99
-96.89
-97.00
-96.96
-96.96
-97.07
-97.18
-97.15
-97.09
-97.08
-96.99
-96.95
-96.89
-97.05
-96.69
-96.84
-96.80
-96.57
-96.92
-96.94
-96.83
-96.93
-96.94
-97.14
-97.12
-97.14
-97.14
-96.99
-97.04
-96.88
-96.71
-96.57
-96.51
-96.61
-96.86
-96.78
-96.94
-96.89
-97.01
-97.03
-97.08
-97.17
-97.13
-97.14
-97.22
-97.11
-97.21
-97.22
-97.08
-97.06
-97.05
-97.10
-97.16
-97.02
-96.86
-96.72
-96.75
-96.86
-96.97
-97.00
-97.02
-97.00
-97.04
-96.96
-96.95
-97.01
-96.91
-96.96
-97.11
-97.02
-97.10
-97.11
-97.04
-97.00
-97.09
-96.95
-97.03
-96.81
-96.86
-96.86
-96.67
-96.75
-96.81
-96.79
-96.87
-96.88
-97.01
-96.97
-96.89
-96.86
-96.73
-96.57
-96.69
-96.31
-96.03
-96.05
-96.02
-96.22
-96.50
-96.88
-96.89
-96.91
-97.05
-97.15
-97.12
-97.07
-97.07
-96.96
-97.13
-97.27
-97.32
-97.31
-97.32
-97.03
-97.02
-97.07
-97.02
-97.08
-97.23
-97.15
-97.13
-97.07
-96.96
-96.86
-96.87
-96.74
-96.72
-96.82
-96.92
-97.02
-97.20
-97.08
-96.86
-96.81
-96.79
-97.00
-97.04
-97.09
-97.11
-97.02
-96.98
-97.04
-97.00
-97.07
-97.25
-97.28
-97.23
-97.11
-96.92
-96.91
-97.14
-97.23
-97.23
-96.99
-96.95
-96.92
-96.88
-96.81
-96.84
-96.83
-96.87
-96.94
-96.91
-96.91
-96.97
-96.99
-97.03
-96.96
-96.93
-96.91
-97.00
-96.92
-96.78
-96.84
-96.92
-96.76
-96.78
-96.78
-96.67
-96.80
-96.89
-96.77
-96.88
-97.04
-96.84
-96.83
-96.80
-96.64
-96.75
-96.86
-96.99
-97.08
-97.22
-97.24
-97.43
-97.10
-96.96
-96.88
-96.98
-97.05
-97.29
-97.22
-97.04
-96.90
-96.95
-96.90
-96.78
-96.80
-96.81
-97.10
-97.19
-97.24
-97.40
-97.15
-97.16
-97.19
-97.21
-97.35
-97.22
-97.09
-97.12
-97.02
-97.17
-97.02
-96.86
-96.80
-96.73
-96.85
-96.87
-97.01
-96.89
-96.99
-97.08
-96.90
-96.96
-96.91
-96.94
-96.87
-97.09
-97.03
-96.97
-96.96
-97.02
-97.01
-96.83
-96.88
-96.93
-97.06
-96.86
-96.75
-96.78
-96.76
-96.99
-97.15
-97.24
-97.08
-97.11
-97.12
-97.05
-97.13
-97.05
-96.95
-96.93
-96.88
-96.98
-96.96
-97.03
-97.02
-97.17
-97.28
-97.31
-97.32
-97.29
