Frequency: 1.000000
Sample Rate: 1000000.000000
Vector Length: 1
Notes: 
-379.30
-103.27
-100.21
-98.34
-97.19
-96.98
-96.96
-97.03
-96.97
-96.78
-96.71
-96.83
-96.80
-96.97
-96.95
-96.95
-96.88
-96.85
-96.91
-96.79
-96.70
-96.73
-96.59
-96.62
-96.73
-96.82
-96.62
-96.76
-96.68
-96.70
-96.96
-97.14
-97.02
-97.14
-97.00
-96.97
-96.80
-96.62
-96.66
-96.77
-96.81
-96.80
-96.88
-97.03
-96.99
-97.13
-97.24
-97.09
-97.15
-97.19
-97.06
-96.91
-96.92
-97.07
-97.02
-97.18
-97.09
-97.08
-97.20
-97.17
-97.12
-97.07
-97.14
-96.88
-96.82
-96.98
-97.02
-97.15
-97.16
-97.14
-97.14
-97.20
-97.23
-97.02
-96.98
-97.12
-97.25
-97.31
-97.17
-97.05
-96.96
-96.99
-97.02
-96.95
-96.99
-97.01
-97.02
-97.02
-96.91
-96.83
-96.72
-96.84
-96.96
-97.08
-97.18
-97.37
-97.38
-97.45
-97.37
-97.32
-97.24
-97.13
-96.98
-97.09
-96.94
-96.96
-97.11
-97.07
-97.17
-97.13
-97.08
-96.96
-96.88
-96.80
-96.73
-96.73
-96.72
-96.67
-96.82
-96.87
-97.03
-97.09
-97.04
-96.88
-96.83
-96.74
-96.88
-96.94
-97.10
-97.17
-97.15
-97.04
-96.91
-96.77
-96.58
-96.59
-96.87
-96.96
-96.93
-96.80
-96.81
-96.98
-97.10
-96.92
-96.90
-96.87
-96.92
-97.01
-96.91
-96.68
-96.68
-96.72
-96.88
-96.92
-96.83
-96.67
-96.93
-96.64
-96.55
-96.75
-96.55
-96.75
-96.25
-95.98
-96.04
-96.19
-96.66
-97.16
-97.08
-96.96
-97.03
-97.03
-97.01
-97.01
-96.92
-96.82
-96.89
-96.93
-97.13
-97.18
-97.07
-97.10
-97.17
-97.07
-97.22
-97.20
-97.03
-96.95
-96.76
-96.81
-96.80
-96.91
-96.98
-97.02
-96.94
-97.01
-96.98
-96.92
-97.01
-97.13
-97.06
-97.15
-97.04
-97.10
-97.08
-97.11
-97.06
-96.96
-96.79
-96.82
-96.86
-96.96
-97.08
-97.29
-97.30
-97.40
-97.33
-97.22
-97.11
-97.06
-97.16
-97.34
-97.20
-97.18
-97.11
-96.98
-97.18
-97.24
-96.98
-97.00
-97.04
-97.10
-97.22
-97.26
-97.02
-96.93
-96.89
-97.02
-96.90
-96.95
-96.87
-96.83
-96.75
-96.87
-96.93
-96.90
-96.89
-96.80
-96.73
-96.90
-96.83
-97.01
-96.96
-96.73
-96.72
-96.52
-96.33
-96.40
-96.47
-96.61
-96.89
-96.86
-96.83
-97.01
-96.90
-97.17
-97.29
-97.13
-97.02
-96.92
-96.93
-96.92
-97.00
-97.05
-97.16
-97.26
-97.34
-97.12
-96.94
-96.81
-96.76
-96.90
-96.93
-96.91
-96.81
-96.75
-96.70
-96.77
-96.75
-96.86
-96.77
-96.86
-96.99
-97.02
-97.03
-96.85
-96.93
-96.82
-97.03
-97.17
-97.13
-97.10
-96.92
-96.82
-96.61
-96.66
-96.81
-96.97
-97.17
-97.13
-96.85
-96.82
-96.68
-96.75
-96.80
-96.83
-96.95
-96.90
-97.01
-96.64
-96.66
-96.78
-96.88
-97.16
-97.37
-97.40
-97.11
-97.09
-97.00
-96.86
-97.05
-96.94
-96.81
-96.84
-96.89
-96.91
-96.96
-96.97
-96.83
-96.96
-97.03
-97.11
-97.25
-97.25
-97.18
-97.27
-97.14
-97.04
-97.11
-97.09
-97.08
-97.29
-97.21
-97.25
-97.10
-97.17
-97.10
-97.12
-96.99
-97.01
-96.94
-97.05
-97.04
-97.32
-97.26
-97.19
-97.09
-97.03
-96.94
-97.04
-97.07
-97.08
-97.19
-97.13
-97.04
-96.75
-96.92
-96.89
-96.94
-97.09
-97.15
-97.08
-97.00
-96.89
-96.92
-86.81
-76.49
-63.54
-63.54
-63.56
-63.58
-96.96
-97.10
-97.17
-97.05
-97.08
-97.09
-97.02
-97.21
-97.09
-97.08
-97.18
-97.11
-96.96
-97.03
-97.26
-97.05
-97.33
-97.11
-96.89
-96.84
-96.87
-97.00
-97.02
-97.31
-97.33
-97.38
-97.38
-97.26
-97.10
