Frequency: 1.000000
Sample Rate: 1000000.000000
Vector Length: 1
Notes: 
-379.30
-102.63
-99.99
-98.31
-97.30
-97.22
-97.05
-96.93
-96.51
-96.57
-96.72
-96.87
-97.34
-97.19
-97.23
-97.36
-97.21
-97.16
-97.16
-97.14
-97.13
-97.26
-97.08
-96.94
-96.97
-96.99
-97.04
-97.15
-97.14
-97.15
-96.91
-96.76
-96.59
-96.63
-96.78
-96.97
-97.14
-97.18
-97.18
-97.19
-96.77
-96.47
-96.24
-96.10
-96.31
-96.46
-96.65
-96.82
-96.68
-96.75
-96.82
-96.93
-96.85
-96.88
-96.98
-96.95
-97.13
-97.18
-97.08
-97.04
-97.07
-96.96
-97.09
-96.98
-96.95
-97.02
-96.95
-96.86
-96.82
-96.70
-96.93
-97.13
-97.22
-97.17
-96.90
-96.79
-96.69
-96.70
-96.84
-96.90
-96.78
-96.88
-96.99
-97.07
-97.01
-96.83
-96.77
-96.72
-96.88
-97.08
-97.27
-97.27
-97.19
-96.99
-96.67
-96.48
-96.48
-96.62
-96.72
-96.70
-96.75
-96.77
-96.77
-97.10
-97.24
-97.25
-97.25
-97.27
-97.03
-97.04
-96.93
-96.96
-96.97
-96.83
-96.79
-96.92
-96.96
-97.15
-97.36
-97.27
-97.07
-97.03
-96.93
-97.04
-97.18
-97.16
-97.11
-96.98
-96.85
-96.82
-97.02
-96.95
-97.01
-96.98
-96.79
-96.86
-97.02
-97.20
-97.52
-97.46
-97.45
-97.39
-97.36
-97.23
-97.28
-97.01
-96.84
-96.89
-96.89
-96.95
-97.07
-97.09
-97.02
-97.01
-97.08
-96.97
-96.87
-96.78
-96.81
-96.87
-96.87
-96.83
-96.98
-96.92
-96.83
-96.82
-96.74
-96.79
-96.96
-96.95
-97.09
-97.03
-96.93
-96.91
-96.79
-96.82
-96.78
-96.96
-97.16
-97.37
-97.35
-97.33
-97.17
-97.18
-97.09
-96.89
-96.73
-96.80
-96.86
-97.02
-97.19
-97.00
-96.84
-96.90
-96.75
-95.63
-94.77
-94.71
-94.73
-95.48
-95.96
-96.79
-96.61
-96.88
-97.09
-97.12
-97.00
-97.00
-96.89
-96.86
-96.92
-97.22
-97.14
-97.23
-97.41
-97.21
-97.00
-96.92
-96.88
-96.81
-96.93
-96.90
-96.77
-97.14
-96.96
-97.29
-97.32
-97.33
-97.48
-97.26
-97.38
-97.38
-97.26
-97.24
-97.11
-97.12
-96.98
-97.06
-97.02
-96.92
-96.97
-97.00
-97.07
-97.14
-97.18
-97.18
-97.13
-96.98
-97.02
-96.94
-96.97
-96.86
-96.89
-97.12
-97.08
-97.00
-97.16
-97.01
-96.80
-96.88
-96.97
-96.90
-96.99
-96.82
-96.76
-96.80
-96.81
-96.88
-96.88
-97.03
-96.91
-96.98
-97.04
-96.98
-96.96
-97.11
-97.11
-97.07
-96.92
-96.92
-96.78
-96.96
-97.00
-96.96
-96.96
-96.87
-96.83
-97.01
-97.23
-97.12
-97.12
-97.01
-96.89
-96.78
-97.02
-97.08
-96.98
-96.78
-96.69
-96.77
-96.80
-97.08
-97.00
-97.11
-97.27
-97.31
-97.29
-97.16
-97.06
-97.07
-96.98
-97.09
-97.20
-97.21
-97.16
-97.21
-97.19
-97.03
-97.01
-96.95
-96.96
-96.94
-97.09
-97.02
-97.05
-96.98
-96.86
-96.86
-96.86
-96.92
-97.11
-97.32
-97.42
-97.34
-97.27
-97.28
-97.16
-96.97
-96.99
-96.80
-96.72
-96.63
-96.55
-96.57
-96.65
-96.69
-96.82
-97.04
-97.09
-97.06
-97.17
-97.06
-97.04
-97.11
-97.05
-97.07
-97.08
-97.23
-97.20
-97.21
-97.33
-97.25
-96.84
-96.79
-96.81
-96.61
-96.62
-96.67
-96.58
-96.85
-96.91
-96.94
-96.99
-96.98
-97.00
-97.07
-97.11
-96.99
-96.99
-96.82
-96.34
-95.93
-95.83
-96.05
-96.40
-96.95
-97.15
-97.12
-97.28
-97.25
-97.15
-97.08
-97.01
-97.02
-97.15
-97.13
-97.22
-97.10
-97.20
-97.24
-97.27
-97.24
-97.23
-97.06
-97.03
-96.87
-97.06
-97.16
-97.02
-97.06
-96.99
-96.94
-97.03
-96.95
-96.76
-96.83
-96.84
-96.96
-97.10
