Frequency: 1.000000
Sample Rate: 1000000.000000
Vector Length: 1
Notes: 
-379.30
-102.83
-100.26
-98.16
-96.93
-96.78
-96.71
-96.84
-96.80
-96.99
-96.87
-96.93
-96.98
-96.98
-97.03
-97.15
-96.88
-97.00
-97.03
-96.91
-96.86
-96.98
-97.04
-97.18
-97.36
-97.29
-97.16
-97.08
-97.08
-97.10
-97.16
-97.08
-97.01
-96.85
-96.89
-97.04
-97.04
-97.10
-96.92
-96.66
-96.69
-96.71
-96.92
-97.21
-97.30
-97.11
-96.99
-96.76
-96.86
-96.98
-97.03
-97.12
-97.15
-97.06
-96.97
-96.93
-96.89
-96.69
-96.83
-96.90
-96.77
-96.83
-96.73
-96.77
-96.78
-96.67
-96.72
-96.59
-96.70
-96.85
-96.93
-96.96
-97.02
-97.15
-97.20
-97.12
-97.08
-97.13
-96.99
-97.15
-97.20
-97.08
-97.10
-96.99
-96.94
-97.03
-97.28
-97.31
-97.35
-97.21
-97.03
-96.91
-96.93
-97.03
-97.08
-97.20
-97.11
-96.71
-96.69
-96.74
-96.77
-97.05
-96.95
-96.98
-96.86
-96.84
-96.98
-97.05
-97.24
-97.15
-96.81
-96.81
-96.67
-96.85
-96.95
-96.98
-96.95
-96.93
-97.19
-97.02
-97.06
-96.84
-96.74
-96.82
-96.98
-97.09
-97.07
-96.16
-95.65
-95.04
-94.93
-95.47
-95.80
-96.63
-96.79
-96.95
-96.95
-96.93
-96.87
-96.78
-97.00
-96.91
-96.90
-97.04
-96.91
-97.09
-96.92
-97.06
-96.99
-96.86
-96.90
-96.92
-96.79
-96.95
-96.84
-96.84
-96.82
-96.89
-97.11
-97.20
-97.29
-97.14
-96.85
-96.64
-96.60
-96.81
-97.04
-97.14
-97.02
-97.12
-96.92
-96.81
-96.82
-96.82
-96.84
-96.95
-96.90
-96.63
-96.75
-97.02
-96.99
-97.02
-96.89
-96.92
-97.00
-97.21
-97.28
-97.28
-97.19
-97.10
-96.99
-96.97
-96.90
-96.87
-97.00
-97.08
-96.95
-96.89
-96.75
-96.70
-96.88
-97.10
-97.05
-97.07
-96.97
-96.77
-96.93
-97.18
-97.06
-96.95
-96.74
-96.72
-96.57
-96.54
-96.74
-96.49
-96.63
-96.75
-96.77
-96.80
-96.79
-96.93
-96.83
-96.92
-96.98
-97.03
-97.18
-96.90
-96.79
-96.59
-96.56
-96.75
-96.75
-96.94
-96.86
-96.85
-96.77
-96.74
-96.81
-96.80
-96.79
-96.86
-97.05
-96.80
-96.81
-96.60
-96.12
-96.14
-96.32
-96.42
-96.64
-96.66
-96.74
-96.70
-96.70
-96.78
-96.91
-96.99
-97.06
-97.07
-97.09
-97.07
-97.23
-97.17
-97.30
-97.29
-97.14
-97.19
-97.03
-97.08
-97.04
-97.14
-97.18
-97.14
-97.16
-97.08
-97.10
-97.17
-97.30
-97.23
-97.38
-97.43
-97.27
-97.32
-97.25
-97.25
-97.30
-97.54
-97.54
-97.62
-97.52
-97.44
-97.27
-97.12
-97.15
-97.09
-96.93
-96.93
-96.80
-96.73
-94.64
-94.71
-94.71
-94.75
-95.89
-96.93
-97.07
-97.18
-97.36
-97.48
-97.29
-97.05
-96.81
-96.69
-96.77
-96.89
-97.08
-97.08
-97.21
-97.20
-97.13
-97.00
-97.09
-97.01
-97.16
-97.19
-97.14
-97.07
-96.94
-96.83
-96.75
-96.64
-96.87
-96.85
-96.91
-97.08
-97.04
-96.97
-96.97
-96.98
-97.16
-97.20
-97.25
-97.06
-96.79
-96.74
-96.84
-96.87
-96.89
-97.00
-96.99
-97.12
-97.29
-97.19
-97.00
-96.89
-96.77
-96.74
-96.74
-96.67
-96.63
-96.55
-96.71
-96.70
-96.86
-96.95
-96.72
-96.63
-96.55
-96.60
-96.83
-96.91
-96.90
-96.75
-96.61
-96.57
-96.60
-96.82
-97.07
-97.18
-97.05
-96.92
-96.80
-95.96
-95.54
-95.69
-95.77
-95.73
-96.92
-96.84
-96.73
-96.76
-96.89
-96.94
-96.98
-97.12
-97.01
-96.96
-96.91
-96.96
-96.84
-96.80
-96.83
-96.69
-96.62
-96.69
-96.43
-96.46
-96.48
-96.40
-96.38
-96.33
-96.29
-96.57
-96.70
-97.05
-96.82
-96.50
-96.04
-79.08
-75.90
