Frequency: 1.000000
Sample Rate: 1000000.000000
Vector Length: 1
Notes: 
-379.30
-101.94
-99.31
-97.66
-96.63
-96.80
-96.65
-96.77
-96.87
-95.70
-95.27
-95.23
-95.28
-96.02
-96.84
-96.84
-96.70
-96.88
-97.01
-96.81
-97.07
-96.92
-96.72
-96.83
-96.88
-97.06
-97.13
-97.23
-97.20
-96.92
-96.79
-96.79
-96.84
-97.01
-97.13
-97.16
-97.13
-97.04
-96.91
-96.86
-97.05
-97.02
-96.93
-96.95
-96.92
-96.97
-97.04
-97.18
-96.83
-96.71
-96.81
-96.78
-96.77
-96.82
-96.84
-96.93
-97.05
-97.12
-97.05
-96.86
-96.89
-97.06
-97.12
-97.15
-97.22
-97.09
-97.19
-97.27
-96.95
-97.00
-96.91
-96.83
-96.90
-96.95
-96.99
-96.95
-97.10
-97.18
-97.09
-97.07
-97.19
-96.78
-96.79
-96.81
-96.73
-96.80
-96.94
-96.87
-96.88
-96.95
-96.88
-96.99
-97.07
-96.95
-97.13
-97.10
-97.09
-96.93
-96.87
-96.77
-96.58
-96.76
-96.94
-97.01
-97.12
-97.00
-96.86
-96.84
-96.92
-96.87
-96.84
-96.57
-96.47
-96.40
-96.62
-96.68
-97.01
-97.16
-97.12
-97.16
-96.99
-97.05
-96.98
-96.98
-96.92
-96.99
-97.01
-97.13
-97.03
-97.08
-97.02
-97.07
-96.94
-96.93
-96.80
-96.63
-96.72
-96.77
-96.89
-97.07
-97.11
-97.06
-97.20
-97.19
-97.02
-96.86
-96.72
-96.48
-96.55
-96.50
-96.52
-96.62
-96.66
-96.63
-96.71
-96.82
-96.76
-96.62
-96.63
-96.65
-96.86
-97.09
-97.10
-96.95
-96.87
-96.79
-96.69
-96.48
-96.52
-96.57
-96.57
-96.82
-96.93
-96.97
-96.90
-96.96
-97.01
-96.94
-96.98
-96.98
-97.15
-97.16
-97.05
-96.87
-96.81
-96.75
-96.57
-96.73
-96.63
-96.57
-96.84
-96.91
-96.98
-97.33
-97.35
-97.27
-97.18
-96.90
-96.86
-96.87
-97.03
-97.06
-97.01
-97.09
-97.06
-97.04
-97.20
-97.14
-97.17
-97.07
-97.01
-97.09
-97.19
-97.39
-97.45
-97.26
-97.25
-97.24
-97.20
-97.24
-97.18
-97.01
-97.04
-96.92
-96.71
-96.72
-96.73
-96.92
-97.04
-97.15
-97.08
-96.93
-96.74
-96.56
-96.66
-96.66
-96.73
-96.84
-96.80
-96.89
-97.08
-97.26
-97.14
-97.00
-97.07
-96.89
-96.95
-96.99
-96.94
-97.01
-97.04
-96.91
-96.91
-96.69
-96.70
-96.89
-97.08
-97.18
-97.24
-97.14
-96.87
-96.65
-96.64
-96.74
-97.01
-97.31
-97.25
-97.09
-96.81
-96.77
-96.90
-96.99
-97.02
-96.99
-97.01
-97.00
-97.10
-97.25
-97.18
-97.16
-97.30
-97.32
-97.23
-97.24
-97.23
-97.24
-97.21
-97.24
-97.21
-97.13
-97.12
-97.15
-96.89
-96.91
-96.81
-96.54
-96.36
-96.52
-96.48
-96.59
-96.90
-96.94
-97.23
-97.13
-97.02
-97.11
-97.11
-97.10
-97.11
-96.96
-96.96
-96.94
-97.15
-97.16
-97.03
-96.86
-97.02
-96.82
-96.89
-97.02
-96.82
-97.09
-97.04
-97.05
-61.18
-57.38
-57.38
-57.38
-58.84
-68.36
-96.88
-96.92
-96.95
-97.08
-97.18
-97.03
-96.96
-96.78
-96.80
-97.07
-96.97
-97.04
-97.11
-96.85
-96.83
-96.59
-96.60
-96.70
-96.91
-96.94
-96.90
-96.70
-96.55
-96.68
-96.66
-96.90
-96.82
-96.87
-96.86
-96.78
-96.97
-97.06
-96.96
-96.96
-96.89
-96.91
-97.01
-97.18
-97.11
-97.03
-97.04
-97.00
-96.88
-97.05
-96.88
-96.87
-96.86
-96.87
-96.77
-96.78
-96.71
-96.60
-96.51
-96.34
-96.54
-96.71
-96.81
-96.80
-96.65
-96.45
-96.43
-96.49
-96.50
-96.68
-96.95
-96.84
-96.92
-96.91
-96.68
-96.56
-96.48
-96.62
-96.63
-96.83
-96.92
-96.72
-96.89
-96.88
-96.71
-96.84
-96.91
-96.80
-96.97
-96.93
-96.94
-96.82
-96.60
-96.78
-96.66
-96.79
