Frequency: 1.000000
Sample Rate: 1000000.000000
Vector Length: 1
Notes: 
-379.30
-101.99
-99.41
-97.83
-96.89
-96.98
-96.91
-96.89
-96.76
-96.58
-96.55
-96.57
-96.55
-96.71
-96.68
-96.95
-96.94
-96.83
-96.58
-96.47
-96.45
-96.44
-96.65
-96.68
-96.57
-96.57
-96.66
-96.56
-96.61
-96.52
-96.48
-96.44
-96.39
-96.46
-96.42
-96.58
-96.86
-96.91
-96.82
-96.68
-96.66
-96.35
-96.49
-96.56
-96.55
-96.86
-96.76
-96.57
-96.50
-96.63
-96.61
-97.02
-96.91
-96.84
-96.78
-96.71
-96.67
-96.79
-96.64
-96.48
-96.56
-96.53
-96.71
-96.90
-96.85
-96.81
-96.67
-96.46
-96.47
-96.42
-96.54
-96.71
-96.77
-96.56
-96.65
-96.72
-96.69
-96.91
-96.95
-96.99
-97.06
-97.06
-96.78
-96.82
-96.70
-96.88
-97.07
-96.99
-97.03
-96.98
-96.68
-96.63
-96.57
-96.53
-96.49
-96.49
-96.56
-96.55
-96.53
-96.68
-96.65
-96.83
-96.90
-97.03
-97.05
-96.72
-96.81
-96.63
-96.62
-96.80
-96.62
-96.43
-96.42
-96.48
-96.50
-96.55
-96.57
-96.68
-96.54
-96.63
-96.87
-96.71
-96.81
-96.74
-96.66
-96.79
-96.62
-96.80
-96.85
-96.91
-96.89
-96.87
-96.90
-96.67
-96.80
-96.93
-96.88
-96.83
-96.80
-96.60
-96.50
-96.69
-96.70
-96.70
-96.71
-96.58
-96.75
-96.79
-96.97
-97.03
-96.92
-96.81
-96.74
-96.70
-96.60
-96.67
-96.72
-96.82
-96.80
-96.75
-96.66
-96.66
-96.80
-96.90
-96.90
-96.94
-96.84
-96.81
-96.91
-96.83
-96.75
-96.76
-96.65
-96.62
-96.80
-96.80
-96.91
-96.84
-96.83
-96.55
-96.44
-96.62
-96.71
-96.93
-97.13
-97.14
-96.96
-96.98
-96.94
-96.96
-96.98
-97.15
-97.08
-97.13
-97.00
-96.67
-96.62
-96.57
-96.56
-96.68
-96.74
-96.68
-96.95
-97.01
-96.99
-97.05
-96.74
-96.70
-96.64
-96.60
-96.59
-96.51
-96.45
-96.25
-96.31
-96.43
-96.44
-96.65
-96.90
-96.84
-96.74
-96.85
-96.65
-96.49
-96.44
-96.42
-96.48
-96.48
-96.53
-96.55
-96.63
-96.67
-96.81
-96.87
-96.87
-96.93
-96.77
-96.86
-96.86
-96.80
-96.85
-96.92
-96.99
-96.85
-96.74
-96.61
-96.56
-96.62
-96.65
-96.72
-96.79
-96.79
-96.78
-96.84
-96.85
-96.62
-96.60
-96.42
-96.70
-96.76
-94.57
-90.45
-64.72
-63.82
-63.82
-63.83
-96.58
-96.56
-96.50
-96.50
-95.32
-93.89
-93.92
-93.87
-94.31
-96.45
-96.55
-96.55
-96.50
-96.34
-96.69
-96.58
-96.70
-96.79
-96.82
-96.79
-96.71
-96.89
-96.69
-96.60
-96.74
-96.69
-96.74
-96.80
-96.79
-96.70
-96.68
-96.79
-96.69
-96.58
-96.77
-96.72
-96.77
-96.88
-96.83
-97.00
-96.77
-96.52
-96.54
-96.36
-96.51
-96.56
-96.20
-96.00
-96.02
-95.79
-96.34
-96.74
-96.78
-97.16
-96.88
-96.83
-96.73
-96.61
-96.47
-96.49
-96.64
-96.63
-96.66
-96.71
-96.82
-96.86
-97.02
-96.98
-96.88
-96.99
-97.10
-97.17
-97.14
-96.99
-96.78
-96.70
-96.61
-96.68
-96.77
-96.72
-96.87
-97.01
-97.07
-96.96
-97.05
-96.92
-96.71
-96.68
-96.72
-96.57
-96.66
-96.68
-96.56
-96.59
-96.48
-96.60
-96.57
-96.61
-96.84
-96.85
-96.81
-96.93
-97.02
-96.88
-96.90
-96.81
-96.78
-96.77
-96.60
-96.50
-96.51
-96.50
-96.58
-96.88
-96.86
-96.74
-96.86
-96.71
-96.85
-96.82
-96.92
-97.08
-97.11
-96.95
-96.86
-96.69
-96.60
-96.75
-96.60
-96.77
-96.79
-96.77
-97.01
-96.95
-97.00
-96.74
-96.67
-96.69
-96.50
-96.79
-96.85
-96.74
-96.88
-96.92
-96.90
-96.88
-96.82
-96.81
-96.81
-96.86
-96.82
-96.84
-96.68
-96.72
