Frequency: 1.000000
Sample Rate: 1000000.000000
Vector Length: 1
Notes: 
-379.30
-101.87
-99.39
-97.73
-96.68
-96.49
-96.57
-96.69
-96.90
-97.07
-96.88
-96.68
-96.64
-96.58
-96.74
-96.86
-96.78
-96.72
-96.61
-96.53
-96.45
-95.83
-67.68
-63.98
-63.98
-63.98
-63.99
-95.74
-96.31
-96.42
-96.71
-96.60
-96.53
-96.74
-96.61
-96.69
-96.66
-96.58
-96.60
-96.72
-96.58
-96.76
-96.92
-96.87
-97.04
-97.09
-96.97
-97.08
-97.09
-96.85
-96.70
-96.68
-96.63
-96.81
-96.82
-96.88
-96.77
-96.57
-96.42
-96.33
-96.40
-96.70
-96.94
-97.04
-97.08
-96.98
-97.00
-96.89
-96.93
-60.22
-57.43
-57.43
-57.43
-59.99
-83.56
-96.68
-96.61
-95.19
-95.23
-95.27
-95.33
-89.65
-59.23
-56.75
-56.75
-56.75
-59.34
-96.73
-96.87
-97.09
-97.24
-97.14
-97.10
-97.03
-96.82
-96.93
-97.09
-97.00
-97.02
-96.94
-96.73
-96.80
-96.89
-96.94
-96.86
-96.81
-96.83
-96.78
-96.91
-96.87
-96.91
-96.91
-96.91
-96.85
-96.96
-97.02
-97.09
-97.03
-96.97
-96.75
-96.72
-96.60
-96.64
-96.59
-96.52
-96.74
-96.80
-96.87
-96.83
-96.68
-96.65
-96.83
-96.97
-97.02
-96.85
-96.76
-96.36
-96.44
-96.45
-96.41
-96.58
-96.55
-96.59
-96.71
-96.64
-96.74
-96.88
-96.88
-96.88
-96.84
-96.65
-96.76
-96.63
-96.63
-96.74
-96.56
-96.65
-96.83
-96.89
-97.06
-96.96
-97.11
-96.98
-96.74
-96.78
-96.62
-96.81
-97.02
-96.81
-96.77
-96.75
-96.65
-96.68
-96.77
-96.92
-96.93
-96.87
-96.99
-96.85
-96.76
-96.81
-96.64
-96.77
-96.80
-96.98
-97.25
-97.36
-97.16
-96.99
-96.70
-96.56
-96.63
-96.54
-96.72
-96.70
-96.86
-97.12
-96.90
-97.02
-96.89
-96.95
-97.01
-97.18
-97.19
-97.43
-97.43
-97.35
-97.51
-97.27
-97.00
-96.99
-96.86
-96.77
-96.90
-96.90
-96.79
-96.69
-96.84
-96.96
-96.83
-96.81
-96.92
-96.64
-96.64
-96.83
-96.59
-96.61
-96.70
-96.75
-96.78
-96.58
-96.57
-96.44
-96.50
-96.85
-96.92
-97.08
-97.07
-97.08
-97.19
-97.36
-97.15
-97.14
-97.15
-97.05
-96.93
-96.80
-96.65
-96.70
-96.89
-96.83
-96.79
-96.71
-96.60
-96.51
-96.71
-96.66
-96.70
-96.71
-96.81
-96.86
-97.00
-97.30
-97.35
-97.38
-97.24
-97.03
-96.93
-96.91
-96.86
-97.06
-97.35
-97.53
-97.51
-97.31
-96.94
-96.71
-96.57
-96.56
-96.46
-96.48
-96.58
-96.69
-97.11
-97.17
-97.23
-97.18
-96.96
-96.85
-96.89
-96.79
-96.75
-96.60
-96.69
-96.59
-96.53
-95.96
-78.46
-78.45
-78.45
-78.45
-95.67
-96.23
-96.72
-97.00
-97.11
-97.07
-97.09
-96.97
-96.92
-97.01
-96.77
-96.84
-96.71
-96.94
-97.13
-96.88
-96.91
-96.63
-96.47
-96.63
-96.61
-96.60
-96.77
-96.82
-96.71
-96.84
-96.87
-96.94
-96.93
-97.11
-97.03
-96.94
-96.99
-96.59
-96.48
-96.32
-96.17
-96.38
-96.62
-96.81
-96.83
-97.01
-96.90
-96.87
-96.90
-96.93
-96.86
-96.64
-96.53
-96.51
-96.40
-96.54
-96.73
-96.85
-97.05
-97.23
-97.27
-97.08
-96.93
-96.89
-96.74
-96.72
-96.71
-96.56
-96.71
-96.56
-96.75
-96.81
-96.72
-96.74
-96.66
-96.74
-96.79
-96.79
-96.70
-96.62
-96.58
-96.88
-96.76
-96.60
-96.85
-96.64
-96.65
-96.73
-96.79
-96.98
-96.87
-96.82
-96.88
-96.62
-96.49
-96.62
-96.49
-96.54
-96.56
-96.60
-96.53
-96.64
-96.70
-96.71
-96.86
-96.91
-96.81
-96.82
-96.88
-96.82
-96.79
-96.82
-96.85
-96.80
-96.90
-96.94
-96.88
-97.01
-97.10
-97.09
-96.88
-96.98
-97.03
-97.00
