Frequency: 1.000000
Sample Rate: 1000000.000000
Vector Length: 1
Notes: 
-379.30
-103.04
-99.90
-98.28
-97.55
-96.86
-96.90
-97.07
-96.71
-96.73
-96.54
-96.51
-96.62
-96.70
-96.89
-96.90
-96.81
-96.91
-96.71
-96.74
-96.63
-96.09
-96.04
-96.10
-96.30
-96.84
-97.12
-96.94
-96.85
-96.88
-96.63
-96.78
-96.55
-96.65
-96.64
-96.78
-96.74
-96.72
-96.72
-96.56
-96.59
-96.73
-96.70
-96.75
-96.82
-96.71
-96.70
-96.55
-96.41
-96.35
-96.42
-96.51
-96.58
-96.76
-96.76
-96.75
-96.84
-96.91
-96.95
-96.89
-96.88
-96.74
-96.72
-96.67
-96.79
-96.79
-96.96
-96.58
-96.55
-96.53
-96.52
-96.59
-96.76
-96.72
-96.58
-96.59
-96.47
-96.54
-96.56
-96.78
-96.70
-96.52
-96.73
-96.90
-96.80
-96.98
-96.96
-96.82
-96.80
-96.81
-96.76
-96.68
-96.65
-96.56
-96.50
-96.49
-96.49
-96.37
-96.55
-96.63
-96.59
-96.80
-96.86
-96.80
-96.83
-96.63
-96.54
-96.69
-96.57
-96.59
-96.71
-96.75
-96.82
-96.94
-96.95
-96.93
-96.86
-96.97
-97.06
-96.87
-96.74
-96.66
-96.54
-96.61
-96.88
-96.84
-96.82
-96.67
-96.68
-96.48
-96.57
-96.69
-96.84
-96.72
-96.72
-96.62
-96.48
-96.63
-96.71
-96.86
-96.62
-96.66
-96.86
-96.73
-96.93
-96.90
-96.73
-96.77
-96.86
-96.82
-96.82
-96.72
-96.63
-96.61
-96.57
-96.62
-96.66
-96.57
-96.65
-96.51
-96.52
-96.66
-96.57
-96.63
-96.58
-96.51
-96.60
-96.75
-96.49
-96.52
-96.55
-96.53
-96.67
-96.76
-96.46
-96.43
-96.43
-96.56
-96.81
-96.80
-96.64
-96.49
-96.41
-96.48
-96.44
-96.26
-96.19
-96.12
-96.25
-96.49
-96.60
-96.68
-96.76
-96.63
-96.61
-96.63
-96.65
-96.78
-96.70
-96.60
-96.62
-96.63
-96.79
-96.91
-96.92
-96.92
-96.94
-96.99
-96.94
-97.11
-97.11
-97.11
-97.00
-96.76
-96.72
-96.64
-96.71
-96.89
-96.67
-96.67
-96.66
-96.70
-96.74
-96.58
-96.64
-96.47
-96.52
-96.49
-96.69
-96.76
-96.76
-96.82
-96.70
-96.58
-96.48
-96.49
-96.57
-96.63
-96.65
-96.45
-96.47
-96.55
-96.52
-96.55
-96.59
-96.61
-96.65
-96.74
-96.87
-96.79
-96.84
-96.90
-96.96
-97.00
-96.96
-96.80
-96.74
-96.47
-96.46
-96.54
-96.52
-96.63
-96.65
-96.64
-96.73
-96.83
-96.76
-96.72
-96.60
-96.65
-96.78
-96.83
-96.89
-96.84
-96.89
-96.63
-96.72
-96.66
-96.76
-96.95
-97.00
-97.05
-96.79
-96.70
-96.63
-96.62
-96.76
-96.97
-96.97
-97.35
-97.37
-97.28
-97.33
-97.05
-96.79
-96.53
-95.91
-95.97
-96.03
-96.41
-97.10
-97.16
-97.12
-97.05
-96.95
-96.92
-96.97
-96.86
-96.96
-96.84
-96.14
-95.85
-95.76
-95.75
-96.18
-96.46
-96.71
-96.71
-96.80
-96.63
-94.50
-70.93
-70.92
-70.92
-70.93
-94.31
-96.88
-96.92
-96.89
-96.71
-96.49
-96.37
-96.37
-96.53
-96.53
-96.58
-96.55
-96.81
-96.90
-97.03
-96.94
-96.81
-96.84
-96.81
-96.92
-97.00
-97.01
-97.02
-96.87
-96.87
-96.67
-96.50
-96.43
-96.21
-96.25
-96.27
-96.54
-96.65
-96.88
-96.93
-97.03
-96.94
-96.82
-96.89
-96.97
-96.86
-96.79
-96.72
-96.65
-96.68
-96.77
-96.66
-96.67
-96.80
-96.74
-96.62
-96.73
-96.73
-96.64
-96.86
-96.84
-96.72
-96.64
-96.76
-96.96
-96.82
-96.97
-96.83
-96.60
-96.70
-96.67
-96.71
-96.69
-96.67
-96.75
-96.66
-96.76
-96.83
-96.84
-96.86
-96.89
-97.06
-97.01
-97.03
-97.10
-96.95
-96.94
-96.84
-96.80
-96.72
-96.83
-96.77
-96.83
-97.01
-97.05
-97.04
-97.04
-96.90
-96.81
