Frequency: 1.000000
Sample Rate: 1000000.000000
Vector Length: 1
Notes: 
-379.30
-102.11
-99.51
-97.94
-96.83
-96.56
-96.64
-96.68
-96.62
-96.70
-96.76
-96.75
-96.87
-96.86
-96.69
-96.71
-96.64
-96.69
-96.95
-96.89
-96.89
-96.82
-96.90
-96.72
-96.54
-96.45
-96.36
-96.41
-96.64
-96.72
-96.87
-97.03
-96.89
-97.13
-97.09
-96.85
-96.99
-97.04
-96.88
-97.14
-97.16
-97.13
-97.18
-97.12
-97.11
-96.94
-96.77
-96.78
-96.79
-96.82
-97.06
-96.93
-97.05
-97.01
-97.06
-97.12
-96.94
-96.98
-96.95
-96.89
-96.80
-95.71
-95.01
-95.06
-95.06
-95.94
-96.87
-96.86
-96.83
-96.71
-96.71
-96.71
-96.06
-94.68
-94.84
-94.80
-94.79
-97.00
-96.90
-96.86
-96.78
-96.64
-96.69
-96.46
-96.30
-96.35
-96.40
-96.77
-97.08
-97.08
-96.89
-96.81
-96.75
-96.75
-97.00
-97.08
-97.10
-97.13
-97.06
-96.87
-96.90
-96.79
-96.80
-97.16
-97.19
-97.21
-97.23
-97.12
-96.91
-97.08
-96.73
-96.54
-96.39
-96.45
-96.68
-96.84
-97.15
-97.14
-96.94
-96.98
-97.08
-97.17
-97.14
-97.04
-96.84
-96.86
-96.96
-96.97
-97.08
-97.15
-97.11
-96.93
-96.89
-96.59
-96.58
-96.74
-96.79
-96.93
-96.98
-96.87
-96.77
-96.92
-96.93
-96.78
-96.93
-96.77
-96.81
-96.88
-96.91
-96.95
-97.06
-97.12
-96.96
-96.84
-96.89
-96.90
-96.79
-96.72
-96.55
-96.50
-96.38
-95.08
-95.13
-95.21
-95.42
-97.13
-97.08
-97.18
-97.04
-96.90
-96.92
-97.01
-96.95
-97.08
-97.10
-96.92
-97.06
-96.90
-96.87
-96.87
-96.80
-96.99
-96.90
-96.82
-96.82
-96.74
-96.86
-97.11
-96.99
-97.10
-97.06
-96.82
-96.71
-96.69
-96.62
-96.76
-96.87
-96.88
-96.98
-97.05
-96.87
-96.89
-96.69
-96.63
-96.67
-96.71
-96.98
-97.03
-97.18
-97.27
-97.16
-96.98
-96.95
-96.92
-97.00
-97.08
-97.12
-96.81
-96.79
-96.75
-96.83
-97.08
-97.18
-97.21
-97.15
-97.03
-96.99
-96.74
-96.74
-96.79
-96.96
-97.02
-96.91
-96.94
-96.74
-96.86
-97.10
-96.95
-96.95
-96.90
-96.77
-96.57
-96.57
-96.64
-96.54
-96.69
-96.75
-96.80
-96.95
-96.95
-96.82
-96.79
-96.78
-96.93
-97.03
-97.02
-97.13
-97.11
-97.00
-97.07
-97.11
-96.91
-96.95
-96.96
-96.82
-96.68
-96.64
-96.53
-96.61
-96.78
-96.83
-96.91
-96.84
-96.88
-88.20
-59.50
-57.38
-57.38
-57.38
-60.61
-96.65
-97.01
-97.10
-97.04
-97.23
-96.86
-96.78
-96.77
-96.77
-96.94
-96.92
-96.80
-96.56
-96.56
-96.53
-96.46
-96.69
-96.60
-96.64
-96.71
-96.61
-96.63
-96.78
-96.75
-96.64
-96.76
-96.85
-97.06
-97.22
-97.03
-96.73
-96.65
-96.65
-96.69
-96.97
-96.89
-96.92
-96.90
-96.88
-96.85
-96.77
-96.72
-96.59
-96.83
-96.80
-96.78
-96.89
-96.65
-96.77
-96.89
-96.87
-96.96
-96.98
-96.71
-96.61
-96.75
-96.60
-96.80
-96.85
-96.85
-96.80
-97.01
-97.00
-96.89
-96.86
-96.88
-96.91
-96.92
-97.01
-96.91
-97.01
-96.97
-96.98
-97.13
-97.14
-97.27
-97.23
-97.25
-97.14
-97.05
-97.09
-97.06
-96.96
-96.89
-96.88
-96.95
-96.98
-96.97
-96.93
-96.86
-96.85
-97.02
-96.94
-96.94
-97.08
-96.90
-96.94
-96.84
-96.75
-96.71
-96.69
-96.89
-97.06
-97.10
-97.09
-97.04
-97.00
-96.61
-96.51
-96.54
-96.45
-96.74
-97.06
-97.11
-97.20
-97.16
-97.00
-97.05
-97.27
-97.26
-97.37
-97.23
-97.08
-96.94
-96.83
-96.90
-96.85
-96.92
-96.95
-96.96
-96.79
-96.73
-96.81
-96.81
-96.88
-97.18
-97.13
-97.20
-97.21
-97.23
