Frequency: 1.000000
Sample Rate: 1000000.000000
Vector Length: 1
Notes: 
-379.30
-102.07
-99.41
-97.81
-96.79
-96.63
-96.66
-96.68
-96.63
-96.62
-96.51
-96.59
-96.60
-96.64
-96.48
-96.55
-96.31
-96.32
-96.50
-96.43
-96.59
-96.76
-96.80
-96.72
-96.71
-96.73
-96.64
-96.72
-96.66
-96.78
-96.67
-96.40
-96.32
-96.12
-96.10
-96.28
-96.45
-96.69
-96.70
-96.63
-96.64
-96.58
-96.66
-96.61
-96.62
-96.65
-96.31
-96.43
-96.26
-96.23
-96.24
-96.33
-96.40
-96.44
-96.58
-96.61
-96.70
-96.83
-96.80
-96.71
-96.60
-96.50
-96.36
-96.51
-96.41
-96.48
-96.65
-96.78
-97.15
-97.23
-97.33
-97.36
-97.20
-97.11
-97.10
-96.95
-96.86
-96.96
-96.93
-97.01
-97.01
-96.99
-96.82
-96.65
-96.42
-96.52
-96.57
-96.56
-96.66
-96.71
-96.77
-96.74
-96.88
-96.75
-96.51
-96.49
-96.53
-96.65
-96.01
-95.52
-94.93
-94.90
-94.91
-96.19
-96.86
-96.69
-96.47
-96.46
-96.26
-95.95
-96.09
-96.00
-96.07
-96.60
-96.25
-96.14
-96.09
-96.07
-96.12
-96.61
-96.72
-96.74
-96.61
-96.60
-96.52
-96.54
-96.67
-96.64
-96.67
-96.66
-96.51
-96.55
-96.54
-96.53
-96.50
-96.72
-96.70
-96.57
-96.72
-96.57
-96.60
-96.86
-96.90
-97.06
-97.18
-97.07
-97.02
-97.07
-97.07
-97.12
-97.16
-97.00
-96.96
-96.92
-96.76
-96.67
-96.70
-96.67
-96.56
-96.39
-96.41
-96.40
-96.53
-96.77
-96.75
-96.75
-96.74
-96.88
-96.74
-96.58
-96.66
-96.61
-96.69
-96.87
-96.93
-96.94
-96.85
-96.77
-96.85
-96.91
-96.96
-96.93
-96.80
-96.84
-96.63
-96.77
-96.82
-96.63
-96.71
-96.71
-96.58
-96.59
-96.50
-96.54
-96.63
-96.74
-96.76
-96.90
-96.69
-96.69
-96.66
-96.49
-96.77
-96.72
-96.71
-96.81
-96.71
-96.66
-96.84
-96.88
-97.05
-97.13
-97.08
-97.20
-97.05
-96.81
-96.70
-96.57
-96.62
-96.76
-96.70
-96.48
-96.46
-96.50
-96.49
-96.69
-96.74
-96.61
-96.56
-96.57
-96.58
-96.62
-96.47
-96.38
-96.33
-96.35
-96.46
-96.77
-96.96
-97.23
-97.23
-97.28
-97.10
-96.99
-96.84
-96.75
-96.77
-96.66
-96.82
-96.75
-96.46
-96.40
-96.22
-96.20
-96.43
-96.56
-96.78
-96.81
-96.72
-96.51
-96.47
-96.52
-96.65
-96.79
-96.93
-96.80
-96.75
-96.55
-96.59
-96.68
-96.77
-97.00
-97.04
-96.91
-96.90
-96.66
-96.73
-96.79
-96.64
-96.51
-96.52
-96.56
-96.71
-96.73
-96.70
-96.69
-96.66
-96.84
-96.94
-96.96
-97.06
-96.96
-96.85
-96.96
-96.91
-97.08
-96.99
-96.96
-96.89
-96.73
-96.81
-96.80
-96.82
-96.92
-96.93
-96.81
-96.68
-96.71
-96.62
-96.83
-96.94
-96.88
-96.82
-96.79
-96.71
-96.59
-96.61
-96.47
-96.58
-96.63
-96.72
-96.79
-96.62
-96.80
-96.75
-96.70
-96.60
-96.70
-96.76
-96.81
-96.94
-96.69
-96.58
-96.51
-96.36
-96.22
-96.22
-96.26
-96.47
-96.68
-96.70
-96.85
-96.85
-96.71
-96.78
-96.72
-96.79
-96.79
-96.89
-96.94
-97.02
-97.11
-96.97
-96.93
-96.80
-96.53
-96.46
-96.46
-96.48
-96.71
-96.74
-96.80
-96.81
-96.71
-96.81
-96.80
-96.88
-96.87
-96.92
-97.02
-96.81
-96.71
-96.62
-96.50
-96.57
-96.46
-96.46
-96.37
-96.50
-96.72
-96.97
-97.28
-96.97
-96.91
-96.97
-96.78
-96.87
-96.87
-96.73
-96.82
-96.79
-96.93
-97.06
-97.00
-96.90
-97.06
-96.82
-96.87
-96.79
-96.61
-96.74
-96.91
-97.05
-97.16
-96.91
-96.81
-96.67
-96.70
-96.83
-96.87
-96.82
-96.58
-96.59
-96.58
-96.53
-96.61
-96.54
-96.59
