Frequency: 1.000000
Sample Rate: 1000000.000000
Vector Length: 1
Notes: 
-379.30
-101.63
-99.13
-97.67
-96.54
-96.65
-96.58
-96.49
-96.67
-96.64
-96.50
-96.69
-96.54
-96.28
-96.37
-96.46
-96.42
-96.73
-96.91
-96.81
-96.86
-96.61
-96.56
-96.31
-96.16
-96.28
-96.34
-96.56
-96.39
-93.03
-75.21
-75.20
-75.20
-75.21
-95.74
-96.25
-96.30
-96.45
-96.51
-96.32
-96.56
-96.44
-96.55
-96.58
-96.76
-96.81
-96.69
-96.79
-96.78
-96.77
-96.81
-96.86
-96.58
-96.56
-96.51
-96.37
-96.70
-96.71
-96.90
-96.81
-96.62
-96.53
-96.32
-96.38
-96.44
-96.46
-96.50
-96.54
-96.61
-96.74
-96.50
-96.48
-96.51
-96.45
-96.70
-96.68
-96.56
-96.69
-96.63
-96.62
-96.76
-96.74
-96.74
-96.79
-96.64
-96.74
-96.69
-96.63
-96.72
-96.47
-96.45
-96.51
-96.54
-96.67
-96.78
-96.62
-96.60
-96.53
-96.57
-96.67
-96.63
-96.52
-96.40
-96.44
-96.56
-96.40
-96.45
-96.26
-96.36
-96.52
-96.63
-96.69
-96.78
-96.73
-96.69
-96.45
-96.36
-96.26
-96.34
-96.57
-96.68
-96.65
-96.57
-96.58
-96.34
-96.20
-96.37
-96.47
-96.44
-96.58
-96.57
-96.59
-96.65
-96.63
-96.58
-96.62
-96.55
-96.48
-96.46
-96.50
-96.60
-96.73
-96.76
-96.70
-96.39
-96.32
-96.37
-96.24
-96.55
-96.60
-96.59
-96.66
-96.60
-96.64
-96.66
-96.53
-96.74
-96.63
-96.69
-96.77
-96.55
-96.70
-96.53
-96.61
-96.62
-96.52
-96.55
-96.55
-96.51
-96.62
-96.52
-96.51
-96.55
-96.54
-96.45
-96.56
-96.43
-96.30
-96.33
-96.30
-96.35
-96.63
-96.56
-96.56
-96.57
-96.53
-96.65
-96.36
-96.13
-95.98
-95.97
-95.92
-95.17
-95.36
-95.34
-95.39
-96.69
-96.72
-96.69
-96.58
-96.52
-95.78
-95.20
-95.38
-95.56
-96.03
-96.86
-96.69
-96.51
-96.50
-96.60
-96.67
-96.74
-96.92
-96.70
-96.85
-96.85
-96.74
-96.53
-96.61
-96.50
-96.58
-96.51
-96.67
-96.71
-96.71
-96.68
-96.55
-96.52
-96.56
-96.44
-96.47
-96.50
-96.44
-96.63
-96.66
-96.69
-96.63
-96.64
-96.53
-96.45
-96.53
-96.42
-96.56
-96.58
-96.51
-96.53
-96.53
-96.56
-96.64
-96.64
-96.59
-96.62
-96.78
-97.02
-97.04
-97.10
-96.95
-96.85
-96.75
-96.79
-96.65
-96.78
-96.72
-96.83
-96.77
-96.73
-96.67
-96.63
-96.82
-96.77
-96.75
-96.80
-96.61
-96.62
-96.68
-96.74
-96.67
-96.56
-96.43
-96.29
-96.27
-96.51
-96.45
-96.71
-96.79
-96.75
-96.84
-96.78
-96.66
-96.63
-96.56
-96.45
-96.28
-96.24
-96.21
-96.48
-96.53
-96.67
-96.79
-96.55
-96.45
-96.50
-96.29
-96.34
-96.41
-96.32
-96.17
-96.25
-96.40
-96.45
-96.72
-96.84
-96.73
-96.83
-96.87
-97.02
-97.12
-96.84
-96.57
-96.27
-96.42
-96.51
-96.62
-96.79
-96.82
-96.79
-96.77
-96.76
-96.70
-96.53
-96.49
-96.65
-96.62
-96.73
-96.85
-96.60
-96.45
-96.37
-96.16
-96.28
-96.35
-96.21
-96.42
-96.49
-96.44
-96.74
-96.79
-96.69
-96.85
-96.82
-96.72
-96.58
-96.46
-96.30
-96.28
-96.37
-96.59
-96.54
-96.55
-96.55
-96.40
-96.51
-96.51
-96.41
-96.46
-96.34
-96.56
-96.58
-96.54
-96.39
-96.22
-96.32
-96.35
-96.49
-96.71
-96.76
-96.83
-96.73
-96.45
-96.27
-96.17
-96.18
-96.28
-96.39
-96.39
-96.58
-96.70
-96.77
-96.71
-96.68
-96.67
-96.59
-96.48
-96.59
-96.65
-96.56
-96.69
-96.59
-96.50
-96.49
-96.29
-96.24
-96.29
-96.19
-96.29
-96.43
-96.51
-96.58
-96.44
-96.37
-96.31
-96.25
-96.30
-96.45
-96.36
-96.60
-96.70
-96.76
-96.70
