Frequency: 1.000000
Sample Rate: 1000000.000000
Vector Length: 1
Notes: 
-379.30
-102.02
-99.34
-97.70
-96.64
-96.51
-96.42
-96.35
-96.33
-96.55
-96.09
-96.26
-96.48
-96.36
-96.86
-96.91
-96.63
-96.59
-96.59
-96.52
-96.41
-96.45
-96.55
-96.65
-96.74
-96.61
-96.39
-96.24
-96.31
-96.41
-96.65
-96.87
-96.88
-96.77
-96.81
-96.91
-96.83
-96.58
-96.72
-96.62
-96.69
-97.06
-96.84
-96.84
-96.69
-96.60
-96.73
-96.53
-96.68
-96.65
-96.59
-96.75
-96.60
-96.81
-96.71
-96.63
-96.82
-96.78
-96.70
-96.82
-96.90
-96.91
-97.06
-96.74
-96.70
-96.59
-96.55
-96.78
-96.81
-96.91
-96.76
-96.72
-96.55
-96.45
-96.59
-96.61
-96.63
-96.56
-96.31
-96.32
-96.27
-96.25
-96.33
-96.50
-96.41
-96.52
-96.55
-96.44
-96.53
-96.70
-96.68
-96.77
-96.90
-96.77
-96.71
-96.74
-96.80
-96.84
-96.77
-96.79
-96.60
-96.64
-96.65
-96.51
-96.79
-96.95
-96.94
-96.95
-96.75
-96.50
-96.34
-96.40
-96.46
-96.49
-96.41
-96.52
-96.52
-96.70
-96.85
-96.57
-96.60
-96.75
-96.78
-96.78
-96.81
-96.65
-96.55
-96.50
-96.67
-96.72
-96.62
-96.86
-96.74
-96.73
-96.71
-96.51
-96.65
-96.58
-96.66
-96.43
-96.15
-96.15
-96.15
-96.34
-96.70
-96.77
-96.84
-96.95
-96.67
-96.48
-96.54
-96.45
-96.54
-96.65
-96.54
-96.57
-96.74
-96.53
-96.44
-96.40
-96.29
-96.48
-96.39
-96.30
-96.32
-96.40
-96.82
-96.85
-96.94
-97.00
-96.92
-96.87
-96.68
-96.86
-96.69
-96.57
-96.56
-96.40
-96.35
-96.40
-96.52
-96.71
-96.73
-96.72
-96.72
-96.80
-96.77
-97.02
-97.01
-96.90
-96.75
-96.65
-96.62
-96.82
-96.77
-96.78
-96.75
-96.39
-96.71
-96.88
-97.03
-97.20
-97.10
-96.76
-96.65
-96.66
-96.40
-96.50
-96.40
-96.29
-96.38
-96.28
-96.29
-96.24
-96.06
-96.07
-96.02
-96.14
-96.56
-96.79
-97.00
-96.97
-96.96
-97.00
-96.87
-97.00
-97.01
-96.87
-96.56
-96.49
-96.36
-96.35
-96.54
-96.43
-96.38
-96.52
-96.51
-96.48
-96.27
-95.48
-83.22
-72.13
-72.13
-72.13
-72.13
-94.59
-95.73
-96.46
-96.55
-96.53
-96.55
-96.62
-96.61
-96.80
-96.75
-96.87
-96.66
-96.64
-96.76
-96.56
-96.61
-96.63
-96.60
-96.51
-96.65
-96.52
-96.54
-96.77
-96.89
-96.84
-96.68
-96.59
-96.47
-96.49
-96.79
-96.81
-96.83
-96.94
-96.80
-96.69
-96.60
-96.70
-96.66
-96.51
-96.75
-96.69
-96.80
-96.98
-97.02
-97.03
-96.88
-96.67
-96.45
-96.40
-96.67
-96.83
-96.97
-96.98
-97.00
-96.96
-96.87
-96.88
-96.86
-96.76
-96.85
-96.63
-96.55
-96.47
-96.54
-96.57
-96.64
-96.63
-96.55
-96.60
-96.60
-96.62
-96.75
-96.80
-96.71
-96.80
-96.85
-96.82
-96.84
-96.97
-96.89
-96.77
-96.74
-96.60
-96.59
-96.44
-96.47
-96.51
-96.49
-96.62
-96.57
-96.68
-96.86
-96.90
-96.75
-96.67
-96.50
-96.35
-96.42
-96.59
-96.51
-96.51
-96.48
-96.30
-96.30
-96.52
-96.57
-96.77
-96.83
-96.71
-96.77
-96.59
-96.46
-96.29
-96.29
-96.48
-96.67
-96.72
-96.70
-96.63
-96.65
-96.74
-96.70
-96.63
-96.57
-96.55
-96.68
-96.53
-96.55
-96.40
-96.35
-96.33
-96.14
-96.09
-96.18
-96.15
-96.12
-96.22
-96.32
-96.33
-96.49
-96.71
-96.83
-96.89
-96.93
-96.87
-96.79
-96.71
-96.50
-96.46
-96.50
-96.48
-96.44
-96.50
-96.47
-96.43
-96.57
-96.70
-96.70
-96.82
-96.65
-96.56
-96.29
-96.21
-96.28
-96.25
-96.33
-96.45
-96.46
-96.37
-96.54
-96.62
-96.66
-96.80
-96.75
-96.78
