Frequency: 1.000000
Sample Rate: 1000000.000000
Vector Length: 1
Notes: 
-379.30
-101.02
-98.73
-97.31
-96.14
-96.35
-96.42
-96.38
-96.34
-96.34
-96.19
-96.49
-96.55
-96.60
-96.92
-97.00
-97.09
-97.10
-96.83
-96.69
-96.46
-96.46
-96.59
-96.62
-96.73
-96.66
-96.62
-96.62
-96.53
-96.45
-96.62
-96.68
-96.49
-96.69
-96.59
-96.41
-96.42
-96.48
-96.45
-96.50
-96.78
-96.67
-96.72
-96.53
-96.66
-96.69
-96.40
-96.66
-96.54
-96.60
-96.79
-96.78
-96.79
-96.75
-96.51
-96.68
-96.62
-96.67
-96.74
-96.52
-96.52
-96.46
-96.52
-96.64
-96.49
-96.47
-96.44
-96.30
-96.36
-96.27
-96.11
-96.20
-96.15
-96.34
-96.47
-96.65
-96.59
-96.39
-96.50
-96.39
-96.43
-96.48
-96.41
-96.51
-96.74
-96.78
-96.84
-96.85
-96.73
-96.71
-96.67
-96.45
-96.45
-96.52
-96.58
-96.78
-96.70
-96.74
-96.67
-96.61
-96.71
-96.47
-96.51
-96.68
-96.53
-96.66
-96.77
-96.55
-96.67
-96.73
-96.61
-96.60
-96.56
-96.62
-96.65
-96.73
-96.79
-96.65
-96.66
-96.61
-96.48
-96.33
-96.30
-96.15
-96.08
-96.18
-96.23
-96.39
-96.68
-96.79
-96.65
-96.58
-96.53
-96.45
-96.32
-96.39
-96.35
-96.30
-96.48
-96.32
-96.25
-96.24
-96.28
-96.30
-96.50
-96.67
-96.54
-96.50
-96.47
-96.36
-96.46
-96.65
-96.62
-96.70
-96.64
-96.74
-96.66
-96.63
-96.67
-96.58
-96.45
-96.62
-96.61
-96.72
-96.99
-97.16
-97.12
-96.97
-96.92
-96.67
-96.51
-96.57
-96.56
-96.55
-96.53
-96.60
-96.67
-96.74
-96.86
-96.79
-96.62
-96.64
-96.67
-96.66
-96.71
-96.22
-96.20
-96.08
-95.92
-96.10
-96.24
-96.29
-96.38
-96.44
-96.40
-96.37
-96.55
-96.57
-96.53
-96.67
-96.58
-96.56
-96.79
-96.82
-96.69
-96.80
-96.67
-96.63
-96.60
-96.44
-96.70
-96.57
-96.54
-96.64
-96.44
-96.48
-96.67
-96.58
-96.59
-96.47
-96.45
-96.43
-96.59
-96.50
-96.54
-96.52
-96.59
-96.86
-96.88
-96.70
-96.57
-96.46
-96.38
-96.60
-96.56
-96.45
-96.37
-96.15
-96.24
-96.23
-96.44
-96.64
-96.54
-96.67
-96.71
-96.71
-96.71
-96.85
-96.73
-96.62
-96.72
-96.65
-96.62
-96.57
-96.41
-96.60
-96.57
-96.64
-96.66
-96.20
-95.24
-95.34
-94.09
-94.13
-95.21
-95.20
-96.85
-96.73
-96.60
-96.53
-96.50
-96.63
-96.62
-96.61
-96.61
-96.36
-96.30
-96.33
-96.25
-96.63
-96.90
-96.95
-97.11
-96.85
-96.72
-96.70
-96.70
-96.71
-96.71
-96.90
-96.77
-96.69
-96.73
-96.58
-96.64
-96.87
-96.90
-96.84
-96.73
-96.67
-96.74
-96.85
-96.95
-97.08
-96.87
-97.03
-96.69
-96.52
-96.57
-96.66
-96.74
-96.96
-97.11
-97.10
-97.17
-96.86
-96.69
-96.71
-96.62
-96.63
-96.66
-96.68
-96.45
-96.37
-96.40
-96.38
-96.31
-96.58
-96.60
-96.70
-96.68
-96.51
-96.44
-96.37
-96.35
-96.40
-96.47
-96.56
-96.70
-96.69
-96.58
-96.71
-96.59
-96.54
-96.54
-96.50
-96.53
-96.67
-96.73
-96.79
-96.42
-96.30
-96.02
-95.71
-95.90
-95.76
-95.93
-96.25
-96.28
-96.48
-96.40
-96.46
-96.41
-96.10
-96.03
-96.09
-96.06
-96.32
-96.48
-96.49
-96.49
-96.69
-96.65
-96.81
-96.85
-96.89
-96.97
-96.81
-96.76
-96.70
-96.57
-96.65
-96.73
-96.68
-96.77
-96.66
-96.52
-96.48
-96.33
-96.42
-96.42
-96.43
-96.58
-96.61
-96.70
-96.55
-96.32
-96.37
-96.58
-96.78
-96.79
-96.70
-96.62
-96.41
-96.65
-96.71
-96.60
-96.61
-96.52
-65.49
-58.38
-57.40
-57.40
-57.41
-62.92
-95.90
-96.55
-96.56
-96.56
-96.56
