Frequency: 1.000000
Sample Rate: 1000000.000000
Vector Length: 1
Notes: 
-379.30
-101.97
-99.06
-97.47
-96.48
-96.48
-96.56
-96.86
-96.77
-96.90
-96.79
-96.69
-96.64
-96.64
-96.56
-96.46
-96.60
-96.75
-96.66
-96.58
-96.60
-96.45
-96.49
-96.62
-96.51
-96.35
-96.27
-96.24
-96.29
-96.39
-96.53
-96.71
-96.80
-96.71
-96.69
-96.56
-96.40
-96.49
-96.40
-96.47
-96.66
-96.75
-96.72
-96.92
-96.50
-96.53
-96.50
-96.26
-96.38
-96.35
-96.48
-96.51
-96.42
-96.47
-96.48
-96.61
-96.74
-96.67
-96.58
-96.51
-96.49
-96.48
-96.62
-96.75
-96.83
-96.84
-97.03
-96.85
-96.84
-96.81
-96.69
-96.54
-96.45
-96.58
-96.44
-96.60
-96.61
-96.65
-96.52
-96.52
-96.59
-96.69
-96.53
-96.50
-96.40
-96.50
-96.68
-96.91
-96.92
-96.51
-96.47
-96.22
-96.25
-96.36
-96.35
-96.44
-96.40
-96.38
-96.44
-96.58
-96.60
-96.71
-96.73
-96.72
-96.73
-96.79
-96.92
-96.55
-96.78
-96.85
-96.74
-96.77
-96.90
-96.60
-96.62
-96.68
-96.78
-96.79
-96.47
-96.48
-96.44
-96.39
-96.63
-96.71
-96.67
-96.69
-96.75
-96.87
-97.00
-96.67
-96.58
-96.61
-96.61
-96.87
-96.91
-96.85
-96.90
-96.67
-96.65
-96.71
-96.58
-96.68
-96.74
-96.77
-96.81
-96.88
-96.78
-96.63
-96.45
-96.30
-96.42
-96.65
-96.76
-96.88
-96.82
-96.61
-96.46
-96.68
-96.59
-96.65
-96.61
-96.31
-96.27
-96.18
-96.10
-95.93
-92.99
-70.24
-70.24
-70.24
-70.25
-94.46
-96.02
-96.49
-96.73
-96.70
-96.76
-96.72
-96.47
-96.59
-96.66
-96.59
-96.51
-96.59
-96.50
-96.66
-96.86
-96.90
-96.93
-96.79
-96.65
-96.56
-96.52
-96.54
-96.59
-96.63
-96.62
-96.66
-96.76
-96.46
-96.41
-96.39
-96.31
-96.40
-96.35
-96.45
-96.35
-96.42
-96.71
-96.63
-96.71
-96.78
-96.63
-96.60
-96.44
-96.48
-96.70
-96.72
-96.53
-96.49
-96.65
-96.44
-96.62
-96.77
-96.63
-96.69
-96.53
-96.58
-96.61
-96.72
-96.71
-96.70
-96.69
-96.58
-96.51
-96.43
-96.66
-96.65
-96.72
-96.92
-96.68
-96.71
-96.66
-96.59
-96.55
-96.35
-96.26
-96.05
-96.31
-96.64
-96.65
-96.89
-96.70
-96.71
-96.52
-96.41
-96.51
-96.56
-96.63
-96.67
-96.80
-96.70
-96.61
-96.69
-96.58
-96.55
-96.68
-96.57
-96.60
-96.72
-96.68
-96.78
-96.75
-96.72
-96.77
-96.66
-96.61
-96.54
-96.41
-96.44
-96.62
-96.56
-96.64
-96.51
-96.41
-96.37
-96.38
-96.33
-96.43
-96.59
-96.59
-96.68
-96.80
-96.55
-96.63
-96.40
-96.29
-96.29
-96.21
-96.32
-96.57
-96.72
-96.76
-96.79
-96.54
-96.51
-96.45
-96.43
-96.60
-96.65
-96.69
-96.78
-96.69
-96.75
-96.62
-96.61
-96.54
-96.22
-95.92
-95.60
-95.66
-95.76
-96.28
-96.76
-96.66
-96.46
-96.63
-96.63
-96.58
-96.57
-96.53
-96.38
-96.32
-96.44
-96.51
-96.50
-96.63
-96.58
-96.68
-96.65
-96.54
-96.60
-96.39
-96.44
-96.44
-96.38
-96.66
-96.49
-96.61
-96.52
-96.42
-96.51
-96.44
-96.52
-96.36
-96.37
-96.34
-96.31
-96.48
-96.49
-96.52
-96.72
-96.53
-96.55
-96.42
-96.37
-96.40
-96.54
-96.50
-96.54
-96.54
-96.51
-96.47
-96.59
-96.50
-96.41
-96.29
-96.30
-96.25
-96.44
-96.56
-96.69
-96.44
-96.32
-96.36
-96.44
-96.35
-96.51
-96.51
-96.56
-96.74
-96.83
-96.81
-96.81
-96.59
-96.50
-96.36
-96.20
-96.33
-96.11
-96.00
-95.91
-95.72
-95.97
-96.14
-96.22
-96.57
-96.55
-96.49
-96.58
-96.70
-96.53
-96.44
-96.41
-96.37
-96.54
-96.67
