Frequency: 1.000000
Sample Rate: 1000000.000000
Vector Length: 1
Notes: 
-379.30
-102.04
-99.22
-97.70
-96.44
-96.46
-96.65
-96.54
-96.79
-96.65
-96.42
-96.40
-96.51
-96.50
-96.68
-96.76
-96.65
-96.54
-96.68
-96.71
-96.84
-96.87
-96.86
-96.75
-96.72
-96.77
-96.78
-96.69
-96.55
-96.49
-96.62
-96.66
-96.54
-96.63
-96.47
-96.68
-96.81
-96.81
-96.90
-96.90
-97.09
-96.89
-96.85
-96.86
-96.69
-96.04
-95.42
-94.99
-94.93
-95.31
-95.82
-96.45
-96.49
-96.59
-96.77
-96.59
-96.59
-96.45
-96.37
-96.57
-96.61
-96.72
-96.81
-96.68
-96.75
-96.68
-96.59
-96.85
-96.79
-96.63
-96.64
-96.61
-96.58
-96.81
-96.95
-96.78
-96.84
-96.83
-96.86
-96.83
-96.74
-96.54
-96.36
-96.39
-96.41
-96.75
-96.99
-97.15
-96.99
-96.89
-96.81
-96.69
-96.57
-96.69
-96.62
-96.71
-96.69
-96.64
-96.61
-96.40
-96.49
-96.61
-96.57
-96.61
-96.60
-96.45
-96.50
-96.60
-96.59
-96.89
-96.88
-96.86
-97.02
-96.86
-96.73
-96.60
-96.32
-96.37
-96.29
-96.39
-96.51
-96.55
-96.63
-96.74
-96.69
-96.58
-96.55
-96.47
-96.61
-96.69
-96.63
-96.77
-96.64
-96.65
-96.66
-96.66
-96.55
-96.51
-96.50
-96.50
-96.77
-96.86
-96.85
-96.85
-96.75
-96.67
-96.62
-96.58
-96.53
-96.58
-96.70
-96.67
-96.77
-96.91
-96.75
-96.84
-96.88
-96.97
-96.92
-96.87
-96.90
-96.75
-96.81
-96.77
-96.62
-96.70
-96.66
-96.74
-96.79
-96.78
-96.52
-96.51
-96.68
-96.58
-96.70
-96.67
-96.52
-96.48
-96.53
-96.52
-96.51
-96.72
-96.79
-96.87
-96.81
-96.82
-96.80
-96.76
-96.76
-96.68
-96.49
-96.49
-96.61
-96.64
-96.75
-96.96
-96.91
-96.71
-96.63
-96.51
-96.59
-96.98
-96.89
-97.01
-96.82
-96.75
-96.74
-96.88
-96.96
-97.07
-97.10
-97.04
-96.85
-96.68
-96.71
-96.73
-96.67
-96.50
-96.23
-96.15
-96.18
-96.46
-96.46
-96.59
-96.55
-96.69
-96.59
-96.67
-96.62
-96.67
-96.84
-96.80
-96.44
-96.19
-96.13
-96.21
-96.35
-96.61
-96.55
-96.57
-96.58
-96.73
-96.68
-96.92
-97.07
-97.09
-96.84
-96.84
-96.69
-96.56
-96.76
-96.69
-96.80
-96.82
-96.92
-96.88
-96.70
-96.67
-96.65
-96.74
-96.82
-96.77
-96.77
-96.73
-96.66
-96.86
-96.97
-96.92
-96.88
-97.02
-96.97
-96.99
-96.93
-96.83
-96.75
-96.59
-96.62
-96.52
-96.49
-96.65
-96.42
-96.59
-96.84
-97.04
-97.39
-97.27
-97.02
-97.02
-96.67
-96.53
-96.52
-96.59
-96.83
-97.03
-97.17
-96.96
-96.96
-96.83
-96.69
-96.56
-96.37
-96.44
-96.44
-96.74
-96.96
-96.92
-96.95
-96.99
-96.85
-96.71
-96.65
-96.72
-96.63
-96.53
-96.34
-96.13
-96.28
-96.38
-96.46
-96.71
-96.55
-96.63
-96.76
-96.82
-96.91
-96.97
-96.79
-96.67
-96.66
-96.61
-96.71
-96.67
-96.56
-96.47
-96.40
-96.60
-96.68
-96.74
-96.88
-96.74
-96.70
-96.90
-96.72
-96.73
-96.88
-96.77
-96.71
-96.61
-96.58
-96.65
-96.76
-96.84
-96.76
-96.77
-96.82
-96.88
-96.88
-96.82
-96.79
-96.77
-96.69
-96.61
-96.73
-96.77
-96.73
-96.76
-96.63
-96.79
-96.89
-96.98
-97.16
-97.05
-97.02
-96.95
-96.92
-96.98
-96.95
-97.09
-96.99
-96.86
-96.72
-96.68
-96.55
-96.45
-96.38
-96.30
-96.44
-96.53
-96.67
-96.77
-96.47
-96.51
-96.68
-96.67
-96.93
-96.97
-96.84
-96.88
-96.74
-96.65
-96.60
-96.68
-96.79
-96.72
-96.72
-96.72
-96.67
-96.76
-96.84
-96.83
-96.59
-96.58
-96.40
-96.30
-96.44
-96.50
-96.59
-96.59
-96.62
-96.50
-96.69
