Frequency: 1.000000
Sample Rate: 1000000.000000
Vector Length: 1
Notes: 
-379.30
-101.89
-99.41
-98.01
-97.02
-97.03
-97.17
-97.08
-96.98
-96.88
-96.66
-96.68
-96.83
-96.76
-96.92
-96.83
-97.00
-96.94
-97.06
-97.05
-97.01
-97.11
-97.03
-97.04
-96.99
-97.07
-97.14
-96.88
-96.75
-96.69
-96.82
-96.92
-97.02
-96.92
-96.78
-96.77
-96.74
-96.89
-97.12
-97.06
-97.07
-96.92
-96.86
-96.81
-96.83
-96.82
-96.92
-96.79
-96.94
-97.05
-97.02
-96.98
-96.94
-96.88
-96.92
-96.90
-96.92
-96.81
-96.72
-96.91
-96.87
-96.85
-96.89
-97.02
-96.86
-96.73
-96.65
-96.51
-96.65
-96.88
-96.79
-96.75
-96.91
-97.04
-97.08
-97.36
-97.27
-97.11
-96.96
-97.02
-96.95
-97.08
-96.91
-96.92
-96.98
-96.93
-96.83
-96.85
-96.72
-96.71
-96.85
-97.01
-97.03
-96.99
-96.93
-97.05
-97.15
-97.21
-97.29
-96.99
-96.92
-96.90
-96.74
-96.87
-96.72
-96.74
-96.75
-96.66
-96.85
-96.73
-96.73
-96.95
-96.87
-97.04
-97.00
-96.79
-96.76
-96.74
-96.60
-96.47
-96.45
-96.28
-96.47
-96.63
-96.62
-96.63
-96.64
-96.44
-96.47
-96.66
-96.75
-96.74
-97.03
-96.91
-96.89
-96.97
-96.93
-97.03
-97.12
-97.11
-97.08
-97.02
-96.99
-96.82
-96.81
-96.91
-96.97
-96.84
-96.73
-96.70
-96.64
-96.55
-96.82
-96.71
-96.56
-96.67
-96.59
-96.60
-96.90
-97.03
-97.05
-96.99
-96.89
-96.90
-96.85
-96.75
-96.84
-96.77
-96.68
-96.81
-96.78
-96.63
-96.65
-96.69
-96.81
-96.88
-96.99
-97.02
-96.94
-97.05
-97.08
-96.81
-96.85
-96.86
-96.60
-96.70
-96.63
-96.74
-96.95
-96.99
-96.91
-96.90
-96.86
-95.58
-94.70
-94.62
-94.67
-95.49
-96.12
-96.94
-96.67
-96.75
-96.62
-96.53
-96.65
-96.40
-96.43
-96.67
-96.77
-96.91
-96.90
-96.76
-96.63
-96.66
-96.65
-96.62
-96.65
-96.59
-96.62
-96.58
-96.51
-96.73
-96.69
-96.76
-96.97
-96.81
-96.86
-96.94
-96.92
-96.93
-96.77
-96.75
-96.85
-96.88
-97.11
-97.16
-97.15
-96.91
-96.83
-96.96
-96.92
-97.07
-97.18
-97.21
-97.17
-97.09
-97.01
-96.61
-96.63
-96.64
-96.54
-97.00
-96.95
-96.90
-96.94
-97.08
-97.07
-97.15
-97.08
-96.93
-96.83
-96.80
-96.69
-96.85
-96.78
-96.66
-96.72
-96.69
-64.95
-58.07
-56.98
-56.98
-57.22
-61.86
-59.72
-57.30
-57.30
-57.30
-59.56
-96.85
-96.92
-96.97
-97.04
-97.18
-97.16
-97.22
-97.00
-96.59
-96.49
-96.43
-96.44
-96.54
-96.58
-96.51
-96.36
-96.51
-96.56
-96.48
-96.48
-96.57
-96.49
-96.70
-96.90
-96.99
-96.86
-97.05
-96.95
-96.95
-97.12
-96.97
-96.90
-96.83
-96.78
-96.93
-96.89
-97.12
-96.94
-96.95
-96.87
-96.83
-96.88
-96.91
-96.85
-96.86
-96.80
-96.90
-96.83
-96.88
-96.87
-96.87
-96.97
-96.91
-96.91
-97.01
-96.89
-96.89
-96.89
-96.80
-96.62
-96.53
-96.39
-96.26
-96.60
-96.71
-96.80
-96.94
-96.74
-96.77
-96.69
-96.59
-96.53
-96.53
-96.45
-96.41
-96.53
-96.63
-96.71
-96.87
-96.99
-96.87
-97.06
-96.93
-96.86
-97.04
-97.01
-97.06
-97.07
-96.85
-96.72
-96.54
-96.48
-96.34
-96.27
-96.16
-96.15
-96.42
-96.59
-96.53
-96.67
-96.62
-96.57
-96.52
-96.23
-95.24
-92.10
-70.39
-67.47
-67.46
-67.47
-68.90
-92.33
-94.94
-96.03
-96.28
-96.34
-96.40
-96.49
-96.75
-96.64
-96.73
-96.74
-96.65
-96.71
-96.78
-96.71
-96.75
-96.79
-96.73
-96.83
-96.68
-96.80
-96.61
-96.59
-96.56
-96.64
-96.79
-96.81
-96.80
-96.71
-96.64
