Frequency: 1.000000
Sample Rate: 1000000.000000
Vector Length: 1
Notes: 
-379.30
-102.17
-99.78
-98.33
-97.03
-96.78
-96.83
-96.74
-96.58
-96.72
-96.58
-96.59
-96.65
-96.53
-96.55
-96.48
-96.47
-96.63
-96.51
-96.47
-96.46
-96.46
-96.51
-96.60
-96.50
-96.60
-96.52
-86.83
-86.84
-86.83
-86.83
-88.36
-96.22
-96.19
-96.41
-96.41
-96.44
-96.45
-96.38
-96.26
-96.45
-96.66
-96.47
-96.44
-96.35
-96.33
-96.33
-96.44
-81.52
-78.77
-63.58
-63.58
-63.65
-63.72
-96.57
-96.40
-96.43
-96.55
-96.73
-96.91
-96.74
-96.59
-96.52
-96.37
-96.33
-76.97
-76.26
-76.25
-76.25
-76.26
-96.45
-96.48
-96.44
-96.54
-96.43
-96.64
-96.53
-96.49
-96.45
-96.48
-96.50
-96.48
-96.47
-96.39
-96.50
-96.48
-96.26
-96.25
-96.21
-96.25
-96.42
-96.53
-96.39
-96.22
-96.27
-96.25
-96.34
-96.39
-96.49
-96.44
-96.46
-96.39
-96.23
-96.39
-96.41
-96.47
-96.44
-96.47
-96.38
-96.40
-96.65
-96.52
-96.65
-96.59
-96.42
-96.50
-96.43
-96.40
-96.72
-96.66
-96.59
-96.67
-96.57
-96.58
-96.67
-96.62
-96.61
-96.67
-96.68
-96.95
-96.74
-96.58
-96.39
-96.18
-96.35
-96.53
-96.56
-96.46
-96.37
-96.37
-96.35
-96.31
-96.34
-96.33
-69.39
-58.45
-56.80
-56.80
-56.80
-60.51
-96.08
-96.25
-96.24
-96.37
-96.53
-96.49
-96.74
-96.71
-96.52
-96.47
-96.43
-96.34
-96.42
-96.52
-96.53
-96.70
-96.61
-96.63
-96.62
-96.70
-96.47
-96.55
-96.38
-96.43
-96.49
-96.55
-96.49
-96.26
-96.40
-96.47
-96.64
-96.80
-96.82
-96.48
-96.41
-96.33
-96.41
-96.60
-96.45
-96.43
-96.43
-96.35
-96.36
-96.59
-96.37
-96.62
-96.84
-96.80
-96.82
-96.83
-96.64
-96.58
-96.40
-96.42
-96.45
-96.46
-96.81
-96.97
-86.26
-86.25
-66.25
-86.26
-96.59
-96.52
-96.43
-96.31
-96.34
-96.28
-96.31
-96.41
-96.53
-96.62
-96.76
-96.71
-96.40
-96.47
-96.24
-96.29
-96.27
-96.41
-96.36
-96.34
-96.49
-96.49
-96.55
-96.71
-96.61
-96.42
-96.29
-96.28
-96.37
-96.52
-96.62
-96.62
-96.70
-96.63
-96.55
-96.53
-96.45
-96.39
-96.34
-96.44
-96.35
-96.47
-96.45
-96.43
-96.52
-96.42
-96.42
-96.36
-96.46
-96.56
-96.68
-96.82
-96.90
-96.87
-96.99
-96.70
-96.55
-96.41
-96.43
-96.55
-96.42
-96.50
-96.47
-96.35
-96.34
-96.19
-96.21
-96.42
-96.53
-96.49
-96.48
-96.47
-96.49
-96.49
-96.49
-96.36
-96.46
-96.51
-96.82
-96.89
-96.67
-96.61
-96.69
-96.61
-96.55
-96.58
-96.49
-96.36
-96.55
-96.67
-96.55
-96.53
-96.61
-96.56
-96.71
-96.71
-96.71
-96.67
-96.63
-96.62
-96.38
-96.27
-96.35
-96.27
-96.59
-96.68
-96.89
-96.82
-96.68
-96.87
-96.64
-96.65
-96.61
-96.70
-96.65
-96.87
-96.92
-96.65
-96.61
-96.54
-96.56
-96.70
-96.65
-96.61
-96.68
-96.59
-96.69
-96.85
-96.70
-96.62
-96.77
-96.72
-96.80
-96.68
-96.59
-96.47
-96.35
-96.49
-96.52
-96.44
-96.39
-96.55
-96.53
-96.60
-96.93
-96.68
-96.68
-96.67
-96.55
-96.67
-96.85
-96.57
-96.67
-96.56
-96.47
-96.56
-96.54
-96.63
-96.81
-96.74
-96.67
-96.52
-96.41
-96.55
-96.58
-96.68
-96.72
-96.65
-96.70
-96.75
-96.89
-96.69
-96.80
-96.67
-96.26
-96.38
-96.40
-96.55
-96.62
-96.69
-96.58
-96.46
-96.60
-96.76
-96.86
-96.77
-96.65
-96.49
-96.60
-96.68
-96.90
-96.84
-96.72
-96.72
-96.56
-96.64
-96.65
-96.62
-96.62
-96.56
-96.75
-96.73
-96.65
-96.52
-96.34
