Frequency: 1.000000
Sample Rate: 1000000.000000
Vector Length: 1
Notes: 
-379.30
-101.79
-99.26
-97.81
-96.80
-96.68
-96.77
-96.73
-96.70
-96.73
-96.62
-96.65
-96.63
-96.83
-96.95
-96.83
-96.94
-96.99
-96.86
-96.86
-96.75
-96.35
-96.24
-96.24
-96.13
-96.58
-96.75
-96.83
-96.78
-96.53
-96.55
-96.60
-96.83
-97.19
-97.06
-96.52
-96.36
-96.32
-96.24
-96.58
-96.69
-96.61
-96.67
-96.67
-96.70
-96.61
-96.73
-96.85
-96.59
-96.63
-96.58
-96.46
-96.53
-96.66
-96.78
-96.95
-96.97
-96.98
-97.00
-96.79
-96.80
-96.76
-96.72
-96.69
-96.85
-96.88
-96.80
-96.91
-96.86
-96.81
-96.92
-96.95
-96.78
-96.79
-96.74
-96.73
-96.92
-97.00
-96.78
-96.67
-96.45
-96.46
-96.67
-96.87
-83.51
-81.10
-81.10
-81.09
-82.32
-96.37
-96.45
-96.63
-96.60
-96.51
-96.37
-96.47
-96.78
-96.87
-97.05
-96.77
-96.62
-96.44
-96.27
-96.41
-96.41
-96.66
-96.68
-96.55
-96.36
-96.37
-96.70
-96.86
-96.79
-96.93
-96.76
-96.59
-96.83
-96.71
-96.59
-96.59
-96.52
-96.43
-96.60
-96.64
-96.68
-96.80
-96.81
-97.13
-96.82
-96.57
-96.61
-96.40
-96.53
-96.89
-96.85
-96.90
-96.73
-96.75
-96.78
-96.71
-96.92
-96.82
-96.85
-96.90
-96.98
-96.93
-96.90
-96.90
-96.74
-96.61
-96.64
-96.73
-96.75
-96.83
-96.75
-96.77
-96.72
-96.68
-96.80
-96.81
-96.77
-96.69
-96.68
-96.62
-96.60
-96.59
-96.63
-96.90
-97.12
-97.26
-97.19
-96.97
-96.84
-96.83
-96.77
-96.86
-96.79
-96.91
-96.81
-96.78
-96.90
-96.82
-96.96
-96.98
-97.06
-96.93
-96.90
-96.98
-96.92
-96.82
-96.76
-96.71
-96.63
-96.52
-96.65
-96.73
-96.92
-97.12
-97.06
-96.98
-96.71
-96.70
-96.70
-96.76
-96.86
-96.93
-96.86
-96.76
-96.73
-96.54
-96.54
-96.66
-96.71
-96.80
-96.82
-96.81
-96.70
-96.78
-96.76
-96.83
-96.67
-96.76
-96.87
-96.65
-96.52
-96.45
-96.22
-96.39
-96.67
-96.70
-96.98
-97.07
-96.85
-96.93
-96.87
-96.64
-96.73
-96.71
-96.59
-96.71
-96.82
-96.88
-96.94
-96.91
-96.87
-96.65
-96.75
-96.67
-96.54
-96.76
-96.91
-97.06
-97.00
-96.94
-96.73
-96.50
-96.46
-96.51
-96.50
-96.76
-96.81
-96.94
-96.87
-96.59
-96.70
-96.56
-96.52
-96.57
-96.39
-96.42
-96.68
-96.75
-96.70
-96.94
-96.76
-96.75
-96.84
-96.78
-96.73
-96.89
-96.93
-96.78
-96.80
-96.64
-96.63
-96.61
-96.61
-96.76
-96.62
-96.68
-96.60
-96.49
-96.69
-96.65
-96.79
-96.75
-96.66
-96.80
-96.64
-96.70
-96.75
-96.88
-96.78
-96.88
-96.71
-96.68
-96.66
-96.58
-96.63
-96.69
-96.84
-96.84
-96.98
-96.92
-97.06
-97.10
-97.00
-96.92
-96.95
-96.80
-96.88
-96.84
-96.74
-96.82
-96.61
-96.45
-96.45
-96.24
-96.42
-96.51
-96.55
-96.89
-96.72
-96.72
-96.62
-96.47
-96.72
-96.74
-96.66
-96.75
-96.86
-96.82
-96.78
-96.74
-96.82
-96.61
-96.67
-96.70
-96.63
-96.72
-96.50
-96.41
-96.37
-96.54
-96.45
-96.37
-96.35
-96.24
-96.52
-96.57
-96.67
-96.72
-96.59
-96.48
-96.52
-96.44
-96.64
-96.69
-96.80
-96.49
-96.54
-96.54
-96.58
-96.77
-96.84
-96.78
-96.76
-96.84
-96.58
-96.60
-96.38
-96.41
-96.55
-96.48
-96.56
-96.80
-96.79
-96.77
-96.69
-96.59
-96.64
-96.75
-96.89
-97.04
-97.04
-96.90
-96.62
-96.43
-96.50
-96.66
-96.65
-96.63
-96.60
-96.57
-96.54
-96.73
-96.60
-96.53
-96.59
-96.64
-96.62
-96.61
-96.62
-96.55
-96.67
-96.69
-96.75
-96.82
-96.85
