Frequency: 1.000000
Sample Rate: 1000000.000000
Vector Length: 1
Notes: 
-379.30
-101.52
-99.04
-97.48
-96.52
-96.48
-96.58
-96.40
-96.43
-96.56
-96.38
-96.51
-96.62
-96.42
-96.27
-96.17
-96.14
-96.20
-96.31
-96.42
-96.58
-96.46
-96.30
-96.20
-96.16
-96.13
-96.20
-96.33
-96.34
-96.63
-96.84
-96.90
-97.00
-96.83
-96.63
-96.47
-96.34
-95.32
-94.81
-94.76
-94.87
-95.48
-96.52
-96.34
-96.05
-96.15
-96.07
-96.22
-96.40
-96.46
-96.54
-96.60
-96.57
-96.47
-96.39
-96.19
-96.36
-96.41
-96.33
-96.35
-96.23
-96.31
-96.34
-96.29
-96.43
-96.36
-96.49
-96.68
-96.67
-96.77
-96.78
-96.56
-96.65
-96.57
-96.55
-96.54
-96.60
-96.37
-96.48
-96.52
-96.50
-96.89
-96.86
-96.68
-96.65
-96.33
-96.21
-96.34
-96.46
-96.73
-96.85
-96.61
-96.81
-96.69
-96.69
-96.96
-96.72
-96.60
-96.56
-96.50
-96.50
-96.61
-96.40
-96.31
-96.41
-96.49
-96.65
-96.84
-96.54
-96.38
-96.41
-96.39
-96.60
-96.69
-96.74
-96.77
-96.69
-96.65
-96.67
-96.52
-96.55
-96.65
-96.51
-96.36
-96.32
-96.36
-96.45
-96.58
-96.58
-96.26
-96.00
-96.05
-95.99
-96.02
-96.09
-96.10
-96.02
-96.14
-96.11
-96.12
-96.30
-96.21
-96.30
-96.22
-96.13
-96.44
-96.29
-96.52
-96.50
-96.34
-96.48
-96.36
-96.43
-96.59
-96.43
-96.41
-96.24
-96.02
-96.05
-96.16
-96.34
-96.43
-96.27
-96.30
-96.25
-96.40
-96.38
-96.42
-96.17
-96.18
-96.27
-96.23
-96.47
-96.58
-96.51
-96.48
-96.42
-96.39
-96.24
-96.23
-96.36
-96.34
-96.40
-96.45
-96.15
-96.08
-96.05
-96.05
-96.13
-96.17
-96.27
-96.26
-96.35
-96.42
-96.60
-96.46
-96.37
-96.30
-96.16
-96.31
-96.41
-96.37
-96.55
-96.49
-96.25
-96.27
-96.12
-96.16
-96.35
-96.43
-96.45
-96.27
-96.25
-96.11
-96.02
-96.12
-96.24
-96.18
-96.39
-96.25
-96.22
-96.30
-96.13
-96.28
-96.30
-96.42
-96.54
-96.60
-96.58
-96.58
-96.54
-96.47
-96.49
-96.32
-96.34
-96.15
-96.28
-96.36
-96.39
-96.40
-96.34
-96.37
-96.41
-96.34
-96.44
-96.30
-96.31
-96.33
-96.40
-96.42
-96.51
-96.57
-96.63
-96.66
-96.61
-96.58
-96.52
-96.57
-96.47
-96.52
-96.86
-96.85
-96.74
-96.67
-96.48
-96.52
-96.83
-96.78
-96.93
-96.66
-96.62
-96.59
-96.49
-96.48
-96.36
-96.27
-96.30
-96.41
-96.40
-96.39
-96.41
-96.48
-96.51
-96.69
-96.78
-96.59
-96.41
-96.37
-96.50
-96.54
-96.80
-96.85
-96.67
-96.64
-96.54
-96.45
-96.43
-96.51
-96.55
-96.44
-96.27
-96.25
-96.31
-96.38
-96.39
-96.42
-96.39
-96.30
-96.22
-96.26
-96.29
-96.28
-96.55
-96.61
-96.57
-96.60
-96.52
-96.46
-96.42
-96.54
-96.60
-96.47
-96.31
-96.32
-96.21
-96.23
-96.26
-96.16
-96.21
-96.38
-96.57
-96.68
-96.64
-96.48
-96.33
-96.19
-96.40
-96.38
-96.44
-96.68
-96.61
-96.70
-96.60
-96.44
-96.32
-96.35
-96.34
-96.34
-96.39
-96.39
-96.53
-96.76
-96.80
-96.80
-96.54
-96.44
-96.47
-96.41
-96.57
-96.67
-96.66
-96.54
-96.37
-96.37
-96.34
-96.32
-96.20
-95.95
-95.85
-95.93
-95.90
-96.03
-96.23
-96.03
-96.27
-96.29
-96.20
-96.51
-96.44
-96.47
-96.48
-96.53
-96.51
-96.70
-96.48
-96.67
-96.58
-96.34
-96.46
-96.44
-96.43
-96.78
-96.69
-96.71
-96.44
-96.30
-96.37
-96.49
-96.77
-96.75
-96.92
-96.61
-96.57
-96.57
-96.51
-96.56
-96.89
-96.84
-96.72
-96.60
-96.49
-96.51
-96.41
-96.52
-96.45
-96.48
-96.64
-96.75
-96.82
-96.71
