Frequency: 1.000000
Sample Rate: 1000000.000000
Vector Length: 1
Notes: 
-379.30
-102.26
-99.32
-97.70
-96.54
-96.59
-96.80
-96.82
-96.84
-96.63
-96.60
-96.68
-96.65
-96.59
-96.50
-96.39
-96.44
-96.46
-96.54
-96.46
-96.45
-96.45
-96.39
-96.26
-96.38
-96.35
-96.53
-96.63
-96.60
-96.51
-96.39
-96.56
-96.42
-96.45
-96.60
-96.53
-96.68
-96.61
-96.69
-96.46
-96.33
-96.40
-96.38
-96.47
-96.58
-96.53
-96.61
-96.54
-96.37
-96.39
-96.40
-96.48
-96.43
-96.37
-96.16
-96.17
-96.38
-96.36
-96.34
-96.26
-96.12
-96.30
-96.38
-96.43
-96.57
-96.72
-96.60
-96.39
-96.39
-96.18
-96.26
-96.37
-96.32
-96.35
-96.44
-96.61
-96.70
-96.80
-96.76
-96.56
-96.42
-96.34
-96.21
-96.30
-96.32
-96.31
-96.24
-96.33
-96.42
-96.59
-96.83
-96.88
-96.75
-96.90
-96.60
-96.65
-96.64
-96.60
-96.69
-96.56
-96.59
-96.56
-96.67
-96.79
-96.67
-96.57
-96.46
-96.30
-96.48
-96.57
-96.61
-96.50
-96.42
-96.43
-96.32
-96.38
-96.44
-96.35
-96.39
-96.46
-96.31
-96.38
-96.26
-96.43
-96.28
-96.36
-96.62
-96.54
-96.65
-96.35
-96.25
-96.28
-96.33
-96.40
-96.35
-96.31
-96.29
-96.25
-96.13
-96.13
-96.15
-96.21
-96.48
-96.52
-96.53
-96.57
-96.53
-96.58
-96.62
-96.65
-96.87
-96.79
-96.90
-96.53
-96.26
-96.25
-96.09
-96.28
-96.44
-96.40
-96.34
-96.35
-96.35
-96.38
-96.40
-96.56
-96.45
-96.25
-96.36
-96.34
-96.48
-96.39
-96.56
-96.53
-96.39
-96.49
-96.41
-96.48
-96.64
-96.85
-96.71
-96.66
-96.60
-96.44
-96.53
-96.57
-96.66
-96.65
-96.68
-96.68
-96.65
-96.52
-96.43
-96.27
-96.34
-96.52
-96.56
-96.46
-96.57
-96.45
-96.31
-96.53
-93.82
-93.93
-93.96
-93.93
-96.79
-96.78
-96.65
-96.55
-96.45
-96.34
-96.32
-96.49
-96.40
-96.35
-96.36
-96.29
-96.32
-96.50
-96.52
-96.50
-96.40
-96.49
-96.47
-96.62
-96.86
-96.80
-96.85
-96.89
-96.74
-96.60
-96.53
-96.38
-96.35
-96.51
-96.34
-96.54
-96.46
-96.35
-96.38
-96.31
-96.43
-96.47
-96.44
-96.50
-96.32
-96.34
-96.45
-96.48
-96.59
-96.66
-96.77
-96.64
-96.68
-96.64
-96.43
-96.58
-96.55
-96.47
-96.47
-96.43
-96.28
-96.40
-96.52
-96.45
-96.60
-96.58
-96.60
-96.72
-96.72
-96.75
-96.68
-96.46
-96.51
-96.47
-96.47
-96.54
-96.32
-96.42
-96.58
-96.63
-96.69
-96.60
-96.53
-96.56
-96.56
-96.56
-96.54
-96.38
-96.53
-96.52
-96.41
-96.51
-96.28
-96.33
-96.42
-96.57
-96.77
-96.68
-96.64
-96.41
-96.17
-96.21
-96.24
-96.52
-96.51
-96.52
-96.46
-96.25
-96.17
-96.04
-96.18
-96.21
-96.04
-96.22
-96.20
-96.36
-96.75
-96.90
-96.73
-96.76
-96.70
-96.55
-96.58
-96.59
-96.54
-96.70
-96.58
-96.66
-96.54
-96.59
-96.35
-96.42
-96.40
-96.28
-96.42
-96.25
-96.40
-96.51
-96.49
-96.59
-96.46
-96.34
-96.40
-96.49
-96.55
-96.55
-96.58
-96.71
-96.67
-96.68
-96.63
-96.51
-96.60
-96.44
-96.33
-96.32
-96.04
-96.28
-96.20
-96.20
-96.50
-96.60
-96.72
-96.98
-96.87
-96.73
-96.57
-96.45
-96.37
-96.29
-96.35
-96.41
-96.36
-96.49
-96.46
-96.51
-96.49
-96.29
-96.33
-96.34
-96.50
-96.53
-96.76
-96.57
-96.56
-96.72
-96.60
-96.68
-96.75
-96.74
-96.68
-96.68
-96.60
-96.44
-96.46
-96.64
-96.77
-96.86
-96.96
-97.05
-96.77
-96.55
-96.24
-95.89
-95.75
-95.98
-96.19
-96.31
-96.38
-96.43
-96.48
-96.46
-96.27
-96.37
-96.42
-96.58
-96.89
