Frequency: 1.000000
Sample Rate: 1000000.000000
Vector Length: 1
Notes: 
-379.30
-101.66
-98.98
-97.39
-96.23
-96.24
-96.15
-95.99
-96.19
-96.13
-96.22
-96.28
-96.20
-96.15
-96.27
-96.23
-96.39
-96.29
-96.31
-96.16
-96.14
-96.16
-95.96
-96.06
-96.14
-96.24
-96.22
-96.30
-96.41
-96.47
-96.46
-96.37
-96.38
-96.34
-96.36
-96.53
-96.55
-96.56
-96.42
-96.35
-96.43
-96.26
-96.27
-96.24
-96.23
-96.25
-96.28
-96.18
-96.20
-96.29
-96.44
-96.51
-96.41
-96.31
-96.25
-96.16
-96.25
-96.20
-96.15
-96.33
-96.15
-96.23
-96.38
-96.24
-96.21
-96.10
-96.05
-96.14
-96.11
-95.98
-95.86
-95.83
-95.86
-95.84
-96.08
-96.06
-96.09
-96.05
-95.92
-95.94
-95.98
-95.96
-96.24
-96.22
-96.30
-96.45
-96.36
-96.22
-96.18
-96.04
-96.08
-96.20
-96.23
-96.18
-96.10
-96.25
-96.23
-96.40
-96.42
-96.18
-96.17
-96.24
-96.20
-96.30
-96.22
-96.00
-96.00
-95.90
-95.77
-95.78
-95.76
-95.84
-95.85
-96.00
-96.09
-96.01
-96.06
-96.07
-96.06
-96.37
-96.47
-96.32
-96.29
-96.13
-96.08
-96.02
-96.04
-96.07
-95.88
-96.10
-96.07
-96.14
-96.23
-96.10
-96.10
-96.21
-96.24
-96.30
-96.32
-96.03
-95.91
-95.85
-95.48
-95.55
-95.37
-95.15
-94.13
-60.15
-60.15
-60.15
-60.15
-71.42
-95.46
-95.61
-95.79
-95.84
-95.81
-95.95
-96.02
-96.20
-96.20
-96.44
-96.49
-96.21
-96.27
-96.09
-96.04
-96.28
-96.49
-96.48
-96.56
-96.40
-96.36
-96.28
-96.33
-96.49
-96.43
-96.76
-96.44
-96.40
-96.33
-96.20
-96.24
-96.27
-96.49
-96.67
-96.52
-96.55
-96.30
-95.92
-95.94
-96.00
-96.09
-96.25
-96.38
-96.38
-96.39
-96.51
-96.33
-96.46
-96.46
-96.45
-96.47
-96.31
-96.14
-96.26
-96.28
-96.27
-96.54
-96.41
-96.30
-96.53
-96.58
-96.75
-96.59
-96.50
-96.31
-96.24
-96.28
-96.22
-96.34
-96.21
-96.24
-96.23
-96.03
-95.93
-95.88
-95.95
-96.16
-96.07
-96.25
-96.14
-95.96
-96.12
-96.02
-96.10
-96.27
-96.44
-96.26
-96.28
-96.26
-96.19
-96.37
-96.37
-96.39
-96.35
-96.31
-96.26
-96.18
-96.31
-96.35
-96.24
-96.11
-96.06
-96.03
-95.95
-96.01
-96.13
-96.19
-96.47
-96.52
-96.40
-96.37
-96.40
-96.48
-96.48
-96.40
-96.45
-96.30
-96.20
-96.33
-96.40
-96.53
-96.58
-96.44
-96.32
-96.37
-96.47
-96.46
-96.38
-96.19
-96.30
-96.34
-96.41
-95.84
-93.60
-63.89
-63.76
-63.70
-63.71
-69.29
-81.00
-90.40
-90.41
-90.41
-90.37
-96.29
-96.45
-96.35
-96.40
-96.36
-96.09
-96.06
-95.93
-95.93
-95.95
-95.97
-96.17
-96.33
-96.44
-96.49
-96.38
-96.34
-96.22
-95.99
-95.98
-96.01
-96.05
-96.02
-96.10
-95.99
-96.07
-96.26
-96.42
-96.62
-96.82
-96.71
-96.54
-96.47
-96.42
-96.42
-96.49
-96.60
-96.65
-96.50
-96.43
-96.24
-96.16
-96.06
-96.16
-96.30
-96.32
-96.27
-96.27
-96.04
-96.07
-96.04
-95.94
-94.05
-94.04
-93.96
-94.11
-95.94
-96.12
-96.39
-96.36
-96.45
-96.55
-96.71
-96.50
-96.66
-96.58
-96.27
-96.36
-96.09
-96.10
-96.22
-96.11
-96.17
-96.13
-96.25
-96.38
-96.55
-96.61
-96.47
-96.46
-96.28
-96.31
-96.44
-96.40
-96.52
-96.47
-96.30
-96.27
-96.22
-96.27
-96.41
-96.39
-96.43
-96.16
-96.17
-96.04
-96.03
-96.27
-96.32
-96.35
-96.25
-96.29
-96.29
-96.54
-96.44
-96.38
-96.43
-96.37
-96.38
-96.36
-96.59
-96.54
-96.50
-96.47
-96.53
-96.36
-96.23
-96.14
-95.94
-96.00
-96.14
-96.19
-96.21
-96.07
