Frequency: 1.000000
Sample Rate: 1000000.000000
Vector Length: 1
Notes: 
-379.30
-101.16
-98.91
-97.22
-96.26
-96.34
-96.24
-96.29
-96.18
-96.22
-96.16
-96.29
-96.23
-96.12
-96.16
-96.06
-96.17
-96.11
-96.11
-96.25
-96.15
-96.42
-96.50
-96.48
-96.51
-96.49
-96.38
-96.36
-96.21
-96.06
-95.94
-96.04
-96.26
-96.44
-96.41
-96.33
-96.50
-96.39
-96.36
-96.28
-96.30
-96.20
-96.40
-96.56
-96.36
-96.35
-96.18
-96.18
-96.27
-96.39
-96.47
-96.44
-96.46
-96.37
-96.46
-96.36
-96.48
-96.42
-96.36
-96.38
-96.19
-95.99
-96.03
-96.02
-96.11
-96.24
-96.35
-96.39
-96.38
-96.19
-96.22
-96.31
-96.23
-96.34
-96.42
-96.27
-96.43
-96.57
-96.50
-96.27
-96.27
-96.20
-96.21
-96.42
-96.37
-96.42
-96.36
-96.30
-96.33
-96.17
-96.25
-96.37
-96.22
-96.30
-96.44
-96.35
-96.41
-96.59
-96.54
-96.61
-96.55
-96.43
-96.27
-96.43
-96.43
-96.59
-96.54
-96.29
-96.18
-96.16
-96.09
-96.18
-96.17
-96.11
-96.00
-96.04
-96.13
-96.25
-96.16
-96.17
-96.16
-96.18
-96.02
-96.11
-96.21
-96.15
-96.25
-96.30
-96.19
-96.20
-96.32
-96.33
-96.31
-95.95
-95.58
-94.65
-64.32
-64.32
-64.32
-64.32
-94.15
-95.78
-96.11
-96.31
-96.37
-96.46
-96.53
-96.35
-96.41
-96.20
-96.10
-96.35
-96.33
-96.54
-96.69
-96.52
-96.48
-96.37
-96.27
-96.10
-96.10
-95.35
-73.16
-73.05
-73.05
-73.05
-74.27
-95.70
-96.01
-96.17
-96.21
-96.14
-96.25
-96.39
-96.41
-96.28
-96.17
-96.13
-96.09
-96.37
-96.48
-96.57
-96.52
-96.33
-96.11
-96.10
-96.15
-96.05
-96.02
-96.19
-96.19
-96.43
-96.74
-96.56
-96.44
-96.48
-96.36
-96.45
-96.46
-96.46
-96.39
-96.31
-96.10
-95.91
-95.71
-95.56
-95.80
-95.85
-96.04
-96.35
-96.10
-96.27
-96.21
-96.19
-96.25
-96.36
-96.34
-96.47
-96.46
-96.22
-96.38
-96.40
-96.32
-96.59
-96.45
-96.31
-96.18
-96.06
-96.27
-96.41
-96.36
-96.44
-96.36
-96.09
-96.32
-96.29
-96.38
-96.31
-96.36
-96.28
-96.37
-96.48
-96.47
-96.50
-96.34
-96.43
-96.52
-96.43
-96.48
-96.35
-96.37
-96.34
-96.40
-96.59
-96.49
-96.66
-96.59
-96.54
-96.68
-96.42
-96.29
-96.25
-96.10
-96.21
-96.28
-96.13
-96.24
-96.21
-96.11
-96.19
-96.37
-96.43
-96.46
-96.51
-96.43
-96.40
-96.23
-96.21
-96.06
-96.06
-96.16
-96.27
-96.34
-96.32
-96.42
-96.30
-96.27
-96.18
-96.00
-96.14
-96.17
-96.08
-95.97
-96.01
-96.01
-96.24
-96.21
-96.25
-96.24
-96.19
-96.45
-96.44
-96.44
-95.52
-94.89
-94.33
-94.25
-94.28
-95.46
-96.37
-96.53
-96.44
-96.49
-96.47
-96.28
-96.48
-96.59
-96.68
-96.94
-96.80
-96.75
-96.40
-96.14
-96.08
-95.97
-96.13
-96.23
-96.30
-96.31
-96.52
-96.58
-96.58
-96.61
-96.51
-96.28
-96.29
-96.11
-96.19
-96.14
-96.05
-96.20
-96.39
-96.47
-96.59
-96.48
-96.25
-96.22
-96.23
-96.34
-96.35
-96.36
-96.39
-96.58
-96.51
-96.64
-96.51
-96.43
-96.49
-96.56
-96.24
-96.21
-96.14
-96.13
-96.18
-96.30
-96.27
-96.27
-96.30
-96.33
-96.29
-96.22
-95.93
-95.94
-95.97
-96.04
-96.03
-96.13
-96.29
-96.33
-96.28
-96.27
-96.15
-96.15
-96.30
-96.50
-96.52
-96.63
-96.51
-96.54
-96.65
-96.51
-96.29
-96.24
-96.05
-96.06
-96.29
-96.33
-96.52
-96.31
-96.50
-96.49
-96.28
-96.40
-96.27
-96.16
-96.22
-96.19
-96.22
-96.19
-96.24
-96.35
-96.32
-96.34
-96.41
-96.36
-96.35
-96.36
-96.51
-96.49
-96.63
-96.51
