Frequency: 1.000000
Sample Rate: 1000000.000000
Vector Length: 1
Notes: 
-379.30
-101.03
-98.85
-97.15
-96.01
-95.93
-95.88
-95.94
-95.99
-96.15
-96.20
-96.17
-96.34
-96.37
-96.44
-96.54
-96.41
-96.33
-96.31
-96.32
-96.26
-96.11
-96.06
-95.97
-95.93
-96.13
-96.30
-96.29
-96.16
-96.35
-96.23
-96.10
-96.22
-96.10
-96.02
-96.15
-96.21
-96.26
-96.40
-96.44
-96.40
-96.16
-96.25
-96.25
-96.09
-96.11
-96.09
-96.02
-96.30
-96.21
-96.28
-96.28
-96.24
-96.24
-96.26
-96.07
-96.12
-96.23
-96.17
-96.16
-76.97
-66.26
-66.25
-66.25
-66.26
-96.36
-96.34
-96.24
-96.15
-96.00
-96.20
-96.12
-95.98
-96.03
-95.97
-96.03
-96.03
-96.08
-96.10
-96.28
-96.43
-96.50
-96.52
-96.37
-96.39
-96.27
-96.41
-96.29
-96.20
-96.09
-95.87
-95.94
-95.85
-95.85
-95.92
-95.95
-96.02
-96.03
-96.01
-96.19
-96.10
-96.23
-96.19
-96.07
-96.14
-96.12
-96.23
-96.19
-96.19
-96.26
-96.11
-96.15
-95.96
-95.98
-96.12
-95.97
-95.99
-96.06
-96.12
-96.28
-96.26
-96.22
-96.03
-95.87
-96.07
-96.10
-96.17
-96.09
-96.31
-96.28
-96.14
-95.97
-95.96
-95.93
-95.94
-96.21
-96.36
-96.25
-96.15
-96.03
-96.02
-96.13
-96.03
-96.07
-96.03
-96.02
-96.08
-96.02
-96.03
-95.94
-96.00
-95.88
-96.01
-95.95
-96.04
-96.19
-96.14
-96.23
-96.02
-96.19
-96.13
-95.91
-95.92
-95.85
-95.81
-95.92
-96.19
-96.22
-96.25
-96.10
-95.99
-95.93
-96.00
-96.02
-96.13
-96.03
-95.94
-95.98
-96.04
-96.19
-96.31
-96.31
-96.15
-96.07
-95.89
-95.86
-96.11
-96.17
-96.37
-96.23
-96.19
-96.25
-96.14
-96.30
-96.28
-96.07
-96.02
-95.92
-96.05
-96.06
-96.21
-96.34
-96.17
-96.36
-96.34
-96.15
-96.34
-96.23
-96.34
-96.38
-96.24
-95.99
-95.99
-96.04
-96.17
-96.47
-96.55
-96.46
-96.25
-95.38
-95.30
-95.16
-95.22
-95.95
-96.02
-96.22
-96.37
-96.36
-96.38
-96.31
-96.32
-96.26
-96.29
-96.33
-96.24
-96.19
-96.24
-96.08
-96.01
-95.97
-95.93
-96.08
-96.04
-96.00
-96.07
-95.86
-95.93
-96.01
-96.19
-96.33
-96.29
-96.21
-95.96
-95.98
-95.96
-96.23
-96.49
-96.42
-96.47
-96.37
-96.25
-96.36
-96.38
-96.19
-96.10
-96.07
-96.17
-96.32
-96.37
-96.26
-96.17
-95.97
-96.06
-96.01
-95.97
-96.12
-96.03
-96.05
-96.13
-96.19
-96.26
-96.33
-96.31
-96.20
-96.26
-96.18
-96.17
-96.32
-96.33
-96.40
-96.21
-96.24
-96.05
-95.88
-95.91
-95.92
-95.93
-95.92
-95.90
-95.99
-96.03
-96.08
-96.06
-95.97
-95.92
-96.18
-96.21
-96.26
-96.18
-95.92
-95.89
-95.95
-96.03
-96.24
-96.13
-95.84
-95.87
-95.60
-95.67
-95.92
-95.94
-96.24
-96.29
-96.11
-96.11
-95.93
-95.89
-95.93
-96.02
-96.12
-96.14
-96.23
-96.24
-96.29
-96.20
-96.26
-96.13
-96.02
-96.00
-96.01
-96.08
-96.10
-96.00
-96.09
-96.03
-95.99
-96.06
-96.15
-96.07
-96.31
-96.33
-96.18
-96.18
-96.00
-95.95
-96.05
-96.11
-96.17
-96.21
-96.35
-96.34
-96.36
-96.36
-96.21
-96.08
-96.14
-96.20
-96.36
-96.55
-96.72
-96.64
-96.42
-96.31
-96.26
-96.28
-96.42
-96.57
-96.64
-96.51
-96.60
-96.59
-96.48
-96.29
-96.17
-96.25
-96.27
-96.20
-96.32
-96.30
-96.08
-96.29
-96.35
-96.18
-96.13
-96.03
-95.94
-96.10
-96.26
-96.37
-96.49
-96.26
-96.26
-96.19
-96.16
-96.28
-96.46
-96.36
-96.21
-96.15
-95.95
-95.79
-95.73
-95.94
-95.90
-96.04
-96.24
-96.24
-96.46
-96.59
-96.63
