Frequency: 1.000000
Sample Rate: 1000000.000000
Vector Length: 1
Notes: 
-379.30
-101.40
-98.77
-97.23
-96.31
-96.33
-96.40
-96.50
-96.44
-96.45
-96.38
-96.57
-96.62
-96.58
-96.76
-96.52
-96.63
-96.77
-96.59
-96.72
-96.56
-96.37
-96.57
-96.47
-96.49
-96.57
-96.54
-96.39
-96.63
-96.59
-96.38
-96.45
-96.40
-96.34
-96.49
-96.43
-96.28
-96.18
-95.81
-95.95
-95.90
-95.84
-96.08
-96.04
-96.30
-96.31
-96.45
-96.49
-96.16
-95.88
-95.73
-95.61
-95.86
-96.06
-96.22
-96.55
-96.38
-96.31
-96.42
-96.40
-96.55
-96.65
-96.61
-96.64
-96.64
-96.59
-96.55
-96.71
-96.55
-96.63
-96.48
-96.43
-96.39
-96.54
-96.64
-96.51
-96.62
-96.40
-96.46
-96.27
-96.16
-96.11
-96.17
-96.28
-96.37
-96.46
-96.36
-96.34
-96.20
-96.38
-96.35
-96.29
-96.39
-96.45
-96.53
-96.41
-96.58
-96.43
-96.46
-96.58
-96.51
-96.52
-96.62
-96.65
-96.59
-96.63
-96.56
-96.41
-96.46
-96.53
-96.39
-96.39
-96.35
-96.20
-96.36
-96.38
-96.31
-96.22
-96.03
-96.27
-96.27
-96.26
-96.21
-96.05
-96.02
-96.04
-96.17
-96.20
-96.20
-96.39
-96.64
-96.62
-96.44
-96.49
-96.21
-96.32
-96.37
-96.31
-96.25
-96.32
-96.40
-96.30
-96.41
-96.36
-96.23
-96.30
-96.24
-96.21
-96.15
-96.32
-96.41
-96.48
-96.63
-96.52
-96.51
-96.33
-96.41
-96.37
-96.29
-96.44
-96.46
-96.46
-96.38
-96.45
-96.12
-96.16
-96.30
-96.27
-96.46
-96.45
-96.30
-96.27
-96.22
-96.30
-96.50
-96.52
-96.68
-96.65
-96.76
-96.67
-96.53
-96.31
-96.21
-96.20
-96.36
-96.40
-96.38
-96.20
-96.27
-96.40
-96.46
-96.51
-96.39
-96.47
-96.44
-96.47
-96.28
-96.18
-96.31
-96.42
-96.35
-96.49
-96.39
-96.27
-96.37
-96.26
-96.12
-96.06
-95.92
-95.95
-96.12
-96.41
-96.56
-96.39
-96.25
-96.00
-96.05
-96.36
-96.50
-96.47
-96.43
-96.45
-96.32
-96.20
-95.82
-95.62
-95.61
-95.15
-95.54
-95.82
-95.89
-96.20
-96.35
-96.37
-96.42
-96.31
-96.29
-96.39
-96.37
-96.42
-96.68
-96.43
-96.29
-96.21
-96.15
-96.21
-96.40
-96.51
-96.46
-96.31
-96.34
-96.27
-96.40
-96.37
-96.45
-96.51
-96.47
-96.34
-96.25
-95.89
-94.00
-73.21
-73.20
-73.20
-73.21
-94.45
-96.07
-96.43
-96.40
-96.64
-96.70
-96.55
-96.51
-96.61
-96.57
-96.45
-96.53
-96.49
-96.36
-96.49
-96.42
-96.49
-96.65
-96.62
-96.52
-96.43
-96.39
-96.29
-96.25
-96.29
-96.38
-96.33
-96.35
-96.29
-96.25
-96.37
-96.47
-96.51
-96.40
-96.14
-96.14
-96.03
-96.10
-96.28
-96.26
-96.20
-96.13
-96.31
-96.41
-96.52
-96.68
-96.63
-96.51
-96.47
-96.62
-96.63
-96.67
-96.64
-96.60
-96.78
-96.67
-96.76
-96.60
-96.44
-96.56
-96.45
-96.60
-96.70
-96.71
-96.71
-96.82
-96.52
-96.60
-96.42
-96.23
-96.19
-96.29
-96.40
-96.50
-96.69
-96.49
-96.47
-96.54
-96.48
-96.53
-96.50
-96.44
-96.47
-96.49
-96.44
-96.50
-96.36
-96.42
-96.48
-96.42
-96.48
-96.62
-96.73
-96.65
-96.66
-96.40
-96.09
-96.29
-96.35
-96.42
-96.48
-96.32
-96.18
-96.30
-96.24
-96.30
-96.22
-96.35
-96.48
-96.31
-96.35
-96.43
-96.55
-96.75
-96.72
-96.63
-96.48
-96.39
-78.45
-71.65
-70.89
-70.89
-71.15
-76.81
-96.71
-96.73
-96.61
-96.55
-96.60
-96.55
-96.62
-96.60
-96.48
-96.58
-96.50
-96.40
-96.47
-96.37
-96.43
-96.55
-96.39
-96.56
-96.46
-96.50
-96.71
-96.70
-96.66
-96.61
-96.59
-96.64
-96.56
-96.58
-96.57
