Frequency: 1.000000
Sample Rate: 1000000.000000
Vector Length: 1
Notes: 
-379.30
-101.37
-98.58
-96.99
-95.99
-95.95
-96.23
-96.31
-96.41
-96.28
-96.19
-96.08
-96.03
-96.19
-96.10
-96.03
-95.99
-95.77
-95.92
-96.18
-96.28
-96.29
-96.27
-96.12
-96.16
-96.11
-96.12
-96.14
-96.10
-96.17
-96.29
-96.30
-96.33
-96.26
-96.28
-96.13
-96.20
-96.33
-96.33
-96.42
-96.29
-96.07
-96.07
-96.11
-96.07
-96.36
-96.48
-96.56
-96.74
-96.70
-96.49
-96.36
-96.33
-96.30
-96.29
-96.24
-96.20
-96.20
-95.97
-95.88
-95.83
-95.77
-96.01
-96.19
-96.25
-96.30
-96.34
-96.25
-96.38
-96.22
-96.26
-96.34
-96.05
-96.18
-96.23
-96.15
-96.44
-96.51
-96.30
-96.22
-96.17
-96.10
-96.21
-96.20
-96.08
-96.02
-95.92
-95.89
-95.99
-95.90
-95.79
-95.74
-95.72
-95.69
-95.84
-95.98
-96.30
-96.32
-96.48
-96.55
-96.42
-96.37
-96.31
-96.35
-95.54
-94.87
-94.30
-94.22
-94.67
-95.15
-96.14
-96.11
-96.25
-96.34
-96.23
-96.38
-96.29
-96.39
-96.46
-96.59
-96.47
-96.32
-96.30
-96.08
-96.19
-96.30
-96.40
-96.46
-96.28
-96.10
-96.06
-95.99
-96.19
-95.99
-96.13
-96.12
-96.24
-96.29
-96.33
-96.33
-96.41
-96.30
-96.33
-96.24
-96.10
-96.10
-96.20
-96.23
-96.14
-96.12
-96.12
-96.11
-96.18
-96.23
-96.26
-96.11
-96.08
-96.07
-96.21
-96.36
-96.40
-96.31
-96.25
-95.96
-96.00
-96.06
-96.17
-96.16
-96.16
-96.16
-96.10
-96.16
-96.20
-96.06
-96.05
-96.07
-95.99
-72.01
-58.63
-56.73
-56.73
-56.73
-59.84
-96.62
-96.45
-96.33
-96.21
-65.02
-58.08
-56.64
-56.40
-54.64
-55.62
-57.19
-57.22
-61.31
-96.14
-96.06
-96.17
-96.24
-96.32
-96.22
-96.23
-96.13
-96.21
-96.15
-95.98
-95.98
-95.86
-96.06
-96.41
-96.47
-96.47
-96.36
-96.34
-96.32
-96.45
-96.41
-96.47
-96.38
-96.26
-96.19
-96.13
-96.13
-96.30
-96.36
-96.44
-96.49
-96.47
-96.63
-96.62
-96.62
-96.54
-96.39
-96.33
-96.36
-96.42
-96.49
-96.30
-96.25
-96.14
-95.97
-96.03
-95.94
-96.01
-96.07
-96.09
-96.13
-96.06
-96.01
-96.10
-96.07
-96.20
-96.40
-96.32
-96.43
-96.44
-96.34
-96.26
-96.51
-96.48
-96.47
-96.62
-96.46
-96.30
-96.22
-95.95
-96.01
-96.09
-96.07
-96.17
-96.13
-95.95
-95.90
-96.06
-96.09
-96.16
-96.30
-96.03
-96.11
-96.16
-96.15
-96.43
-96.18
-96.06
-96.01
-95.84
-96.00
-95.94
-96.17
-96.13
-96.25
-96.41
-96.30
-96.09
-95.90
-95.94
-95.90
-95.83
-96.04
-96.25
-96.20
-96.39
-96.34
-96.07
-96.19
-96.23
-96.23
-96.16
-96.16
-96.13
-96.21
-96.04
-95.88
-95.86
-95.97
-95.89
-95.93
-96.11
-95.99
-96.09
-96.12
-96.05
-96.04
-95.97
-96.07
-96.14
-96.30
-96.25
-96.29
-96.27
-96.11
-96.21
-96.34
-96.16
-96.28
-96.27
-96.04
-96.22
-96.32
-96.14
-96.22
-96.06
-95.88
-96.02
-96.16
-96.07
-96.08
-95.95
-95.86
-96.03
-96.21
-96.13
-96.17
-96.21
-96.09
-96.05
-96.12
-96.19
-96.20
-96.29
-96.27
-96.14
-96.06
-95.97
-96.04
-96.14
-96.23
-96.18
-96.31
-96.18
-96.04
-96.10
-96.05
-96.13
-96.30
-96.37
-96.39
-96.20
-96.07
-95.95
-95.79
-95.83
-95.93
-95.79
-95.98
-96.12
-96.10
-96.23
-96.11
-96.16
-96.10
-96.37
-96.52
-96.64
-96.35
-96.20
-96.19
-96.14
-96.26
-96.47
-96.29
-96.31
-96.27
-96.25
-96.41
-96.45
-96.38
-96.24
-96.11
-96.10
-96.15
-96.36
-96.33
-96.33
-96.24
-96.08
-96.08
-96.15
-96.23
