Frequency: 1.000000
Sample Rate: 1000000.000000
Vector Length: 1
Notes: 
-379.30
-101.36
-99.06
-97.48
-96.46
-96.32
-96.26
-96.16
-96.07
-96.23
-96.12
-96.24
-96.15
-96.05
-96.08
-96.10
-96.28
-96.21
-96.21
-96.19
-96.19
-96.32
-96.31
-96.45
-96.36
-96.23
-96.22
-96.17
-96.17
-96.18
-96.34
-96.30
-96.12
-96.14
-96.01
-95.96
-96.21
-96.29
-96.27
-96.26
-96.02
-95.89
-95.97
-96.02
-96.19
-96.15
-96.02
-96.14
-96.09
-96.15
-96.16
-96.16
-96.22
-96.41
-96.19
-96.35
-96.27
-96.19
-96.37
-96.25
-96.18
-96.09
-96.17
-96.08
-96.00
-96.09
-96.12
-96.20
-96.33
-96.25
-96.34
-96.34
-96.45
-96.46
-96.37
-96.21
-96.18
-96.18
-96.19
-96.27
-96.19
-96.27
-96.28
-96.21
-96.25
-96.31
-96.14
-96.17
-96.10
-95.99
-95.94
-96.07
-95.95
-95.92
-95.82
-95.77
-95.83
-95.84
-96.13
-96.08
-96.03
-96.28
-96.20
-96.27
-96.30
-96.16
-96.11
-95.92
-96.00
-95.91
-95.98
-96.09
-96.12
-96.23
-96.20
-96.27
-96.14
-96.11
-96.08
-95.91
-95.92
-95.83
-95.98
-96.14
-96.30
-96.51
-96.32
-96.37
-96.43
-96.38
-96.38
-96.53
-96.29
-96.24
-96.28
-96.19
-96.33
-96.36
-96.21
-96.26
-96.31
-96.15
-96.20
-96.34
-96.16
-96.25
-96.24
-96.25
-96.45
-96.55
-96.44
-96.11
-96.08
-95.95
-95.91
-96.01
-96.11
-96.12
-96.14
-96.32
-96.12
-96.19
-96.16
-96.23
-96.47
-96.41
-96.39
-96.35
-96.18
-96.33
-96.26
-96.54
-96.38
-96.30
-96.22
-96.13
-96.14
-96.29
-96.37
-96.43
-96.37
-96.37
-96.37
-96.30
-96.28
-96.11
-96.15
-96.16
-96.40
-96.36
-96.32
-96.29
-96.23
-96.38
-96.37
-96.26
-96.16
-96.26
-96.25
-96.24
-96.31
-96.19
-96.45
-96.37
-96.22
-96.20
-95.96
-96.08
-96.21
-96.16
-96.16
-96.18
-96.35
-96.44
-95.56
-95.25
-95.21
-95.24
-95.79
-96.39
-96.38
-96.21
-96.26
-96.32
-96.20
-96.12
-95.95
-95.80
-95.82
-96.01
-96.14
-96.13
-96.26
-96.39
-96.45
-96.45
-96.56
-96.44
-96.45
-96.37
-96.23
-96.23
-96.16
-96.25
-96.11
-96.01
-96.09
-95.92
-96.08
-96.21
-96.39
-96.53
-96.71
-96.63
-96.54
-96.53
-96.62
-96.57
-96.44
-96.50
-96.58
-96.51
-96.62
-96.54
-96.36
-96.33
-96.26
-96.24
-96.39
-96.45
-96.54
-96.54
-96.58
-96.47
-96.42
-96.40
-96.31
-96.37
-96.32
-96.38
-96.39
-96.43
-96.49
-96.60
-96.46
-96.50
-96.34
-96.27
-96.33
-96.37
-96.27
-96.28
-96.40
-96.42
-96.49
-96.45
-96.38
-96.28
-96.14
-95.96
-95.89
-95.90
-96.01
-96.09
-96.12
-96.03
-96.17
-96.11
-96.02
-95.72
-95.74
-95.77
-95.78
-96.05
-96.20
-96.30
-96.34
-96.34
-96.38
-96.23
-96.01
-95.87
-95.96
-96.05
-96.14
-96.17
-96.34
-96.21
-96.34
-96.34
-96.37
-96.39
-96.20
-96.19
-96.26
-96.26
-96.53
-96.63
-96.44
-96.34
-96.19
-96.19
-96.19
-96.39
-96.56
-96.42
-96.24
-96.20
-96.20
-96.13
-96.34
-96.35
-96.39
-96.45
-96.34
-96.18
-96.21
-96.01
-96.17
-96.19
-96.23
-96.39
-96.37
-96.30
-96.33
-96.28
-96.08
-96.04
-95.77
-95.95
-96.00
-96.09
-96.22
-96.21
-96.31
-96.48
-96.43
-96.29
-96.05
-96.10
-96.17
-96.25
-96.27
-96.17
-96.13
-96.05
-96.28
-96.43
-96.35
-96.44
-96.44
-96.27
-96.30
-96.16
-96.10
-96.00
-96.11
-96.27
-96.54
-96.66
-96.58
-96.55
-96.41
-96.38
-96.43
-96.40
-96.31
-96.24
-96.10
-96.21
-96.25
-96.39
-96.54
-96.70
-96.66
-96.55
-96.37
-96.13
-96.38
-96.41
-96.41
