Frequency: 1.000000
Sample Rate: 1000000.000000
Vector Length: 1
Notes: 
-379.30
-100.99
-98.44
-96.89
-95.80
-95.67
-95.81
-95.92
-95.95
-96.23
-96.03
-95.74
-95.79
-95.77
-95.69
-95.65
-95.48
-95.60
-95.71
-95.72
-95.96
-95.70
-95.68
-95.75
-95.62
-95.99
-95.95
-95.91
-95.88
-95.71
-95.60
-95.73
-95.72
-96.02
-96.04
-95.95
-96.03
-95.96
-95.94
-96.10
-95.92
-95.97
-95.90
-95.86
-95.94
-95.93
-96.05
-96.10
-96.15
-95.99
-95.99
-95.97
-95.91
-96.10
-95.95
-95.90
-96.06
-95.92
-96.09
-96.13
-96.16
-96.12
-96.12
-96.20
-96.02
-96.26
-96.14
-95.99
-96.06
-95.89
-95.87
-95.68
-95.91
-95.95
-96.20
-96.26
-96.07
-95.95
-95.86
-95.80
-95.66
-95.79
-95.78
-95.85
-96.07
-95.96
-95.97
-95.92
-95.85
-95.83
-95.93
-95.81
-95.81
-96.01
-95.93
-95.86
-95.78
-95.94
-96.17
-96.25
-96.27
-96.19
-94.77
-94.70
-94.85
-94.77
-95.41
-95.89
-95.49
-95.29
-95.31
-95.29
-94.35
-94.54
-94.64
-94.77
-95.64
-96.06
-96.12
-96.05
-96.17
-96.19
-96.12
-95.84
-95.66
-95.66
-95.71
-95.78
-96.05
-96.12
-96.06
-95.92
-95.72
-95.61
-95.79
-95.87
-96.01
-96.16
-95.87
-95.77
-95.75
-95.64
-95.79
-95.78
-95.85
-95.95
-95.89
-95.93
-95.87
-95.91
-95.91
-95.99
-95.89
-95.87
-95.78
-95.72
-95.80
-95.87
-95.82
-95.95
-95.97
-95.92
-95.92
-95.82
-95.81
-95.76
-95.90
-95.92
-96.03
-96.03
-95.91
-95.86
-95.86
-95.84
-95.92
-95.76
-95.86
-95.86
-95.81
-95.87
-95.83
-95.91
-96.15
-96.12
-96.22
-96.08
-96.00
-95.89
-95.80
-95.97
-95.88
-95.99
-95.99
-95.75
-95.86
-95.97
-95.93
-95.89
-95.76
-95.76
-95.74
-95.92
-95.98
-96.11
-96.25
-96.27
-96.07
-95.97
-95.96
-95.94
-95.97
-96.09
-96.27
-96.22
-96.32
-96.16
-95.75
-95.69
-95.60
-95.62
-95.82
-95.87
-95.90
-95.94
-96.00
-95.87
-95.70
-95.70
-95.76
-95.91
-95.83
-96.03
-95.85
-95.94
-95.87
-95.94
-95.88
-95.81
-95.83
-95.76
-95.57
-95.75
-95.81
-95.81
-96.09
-96.16
-96.09
-96.07
-95.90
-95.79
-95.69
-95.66
-95.74
-95.85
-95.97
-96.02
-95.98
-95.85
-95.83
-95.79
-95.75
-95.92
-95.80
-95.79
-95.83
-95.74
-95.98
-95.82
-95.78
-95.87
-95.85
-95.92
-96.02
-96.13
-96.12
-96.14
-96.09
-96.01
-96.11
-96.03
-96.16
-96.12
-96.02
-96.03
-96.02
-96.08
-96.04
-95.98
-96.02
-95.81
-95.88
-95.80
-95.84
-95.90
-95.88
-96.18
-96.07
-96.16
-96.01
-95.93
-95.97
-95.89
-95.98
-96.12
-96.24
-96.38
-96.31
-96.08
-95.94
-95.85
-95.92
-96.10
-96.14
-96.21
-95.97
-95.91
-95.83
-95.91
-95.98
-96.03
-95.94
-95.88
-96.01
-95.96
-95.96
-96.02
-96.12
-96.11
-96.18
-96.06
-95.86
-95.94
-95.95
-95.95
-96.11
-96.09
-95.97
-95.72
-95.71
-95.69
-95.76
-95.98
-96.04
-96.11
-96.05
-95.98
-96.04
-92.56
-90.22
-90.23
-73.19
-68.47
-62.09
-62.09
-62.30
-63.08
-94.81
-96.15
-95.99
-95.88
-94.39
-90.67
-90.12
-90.12
-90.32
-93.08
-96.12
-96.14
-95.99
-96.14
-96.11
-96.07
-96.12
-96.00
-95.89
-95.99
-96.15
-96.41
-96.51
-96.49
-96.32
-96.22
-95.97
-95.85
-96.07
-95.90
-95.95
-96.15
-96.05
-96.10
-96.19
-96.29
-96.27
-96.24
-96.21
-96.06
-96.03
-96.15
-96.25
-96.34
-96.21
-95.98
-95.78
-95.60
-95.67
-95.68
-95.85
-95.90
-95.91
-96.01
-95.97
-96.08
-96.11
-96.10
-96.08
-96.06
-95.99
-95.91
-95.87
-95.88
