Frequency: 1.000000
Sample Rate: 1000000.000000
Vector Length: 1
Notes: 
-379.30
-100.89
-98.45
-96.98
-96.07
-96.13
-96.28
-96.41
-96.40
-96.30
-96.28
-95.99
-96.10
-95.92
-95.96
-96.02
-95.80
-95.88
-95.93
-95.72
-95.69
-95.67
-95.84
-96.01
-95.93
-93.85
-72.18
-72.18
-72.18
-72.19
-94.91
-96.28
-96.44
-96.32
-96.17
-96.08
-95.58
-95.46
-95.36
-95.37
-95.62
-95.58
-95.69
-95.81
-95.75
-95.71
-95.75
-95.85
-95.80
-95.97
-95.92
-95.85
-95.85
-95.73
-95.42
-95.53
-95.66
-95.72
-95.97
-95.77
-95.62
-95.64
-95.57
-95.81
-95.81
-95.85
-95.89
-95.87
-96.08
-96.09
-96.03
-95.98
-95.92
-95.95
-95.96
-96.02
-96.03
-95.78
-95.86
-95.90
-95.98
-96.18
-96.46
-96.45
-96.36
-96.08
-95.93
-95.85
-95.90
-96.03
-95.94
-95.91
-95.74
-95.71
-95.83
-95.80
-95.91
-96.08
-95.97
-96.07
-96.08
-95.78
-95.73
-95.59
-95.73
-95.86
-95.85
-95.99
-95.84
-95.82
-95.73
-95.62
-95.63
-95.66
-95.63
-95.68
-95.67
-95.69
-95.65
-95.77
-95.62
-95.60
-95.75
-95.78
-95.77
-96.05
-96.18
-96.02
-95.97
-95.64
-95.59
-95.68
-95.91
-96.04
-95.96
-96.06
-95.82
-95.69
-95.70
-95.75
-95.94
-95.99
-96.10
-95.99
-96.15
-96.08
-96.05
-95.94
-95.88
-95.96
-95.95
-95.90
-95.88
-95.84
-95.82
-95.90
-95.97
-95.88
-95.93
-95.90
-95.83
-95.85
-95.75
-95.83
-95.91
-95.81
-95.89
-95.88
-95.73
-95.92
-95.91
-95.86
-95.87
-95.83
-95.94
-95.83
-96.07
-95.88
-95.70
-95.80
-95.60
-95.58
-95.70
-95.71
-95.95
-96.03
-95.95
-96.08
-96.01
-96.00
-96.13
-95.97
-95.69
-95.55
-95.57
-95.37
-95.57
-95.70
-95.75
-95.17
-86.80
-86.80
-86.81
-86.80
-95.92
-95.81
-95.70
-95.65
-95.69
-95.72
-95.89
-95.90
-95.82
-96.13
-95.91
-95.70
-95.78
-95.66
-95.80
-96.07
-96.18
-96.12
-95.90
-95.88
-95.74
-95.73
-95.68
-95.75
-95.85
-95.74
-95.79
-95.75
-95.74
-95.76
-95.84
-96.01
-96.03
-96.12
-96.10
-95.94
-95.98
-96.02
-95.89
-95.81
-95.81
-95.75
-95.81
-95.92
-96.16
-96.15
-96.39
-96.17
-95.98
-95.84
-95.88
-95.88
-95.79
-95.70
-95.80
-95.65
-95.89
-96.00
-95.85
-95.93
-96.18
-96.36
-96.34
-96.30
-96.19
-95.86
-95.73
-95.49
-95.50
-95.63
-95.45
-95.55
-95.44
-95.47
-95.72
-95.72
-95.87
-95.75
-95.76
-95.67
-95.53
-95.65
-95.59
-95.47
-95.52
-95.55
-95.59
-95.74
-95.77
-95.87
-95.99
-96.14
-96.24
-96.13
-96.13
-96.14
-96.10
-95.93
-95.85
-95.67
-95.67
-95.84
-95.79
-95.78
-95.80
-95.87
-95.89
-96.03
-95.93
-95.92
-95.78
-95.80
-95.72
-95.59
-95.53
-95.49
-95.55
-95.70
-95.96
-96.03
-96.15
-96.27
-96.16
-96.12
-95.98
-95.72
-95.66
-95.62
-95.64
-95.71
-95.71
-95.74
-95.86
-95.84
-95.79
-95.88
-95.88
-95.92
-95.93
-95.91
-95.86
-95.91
-95.77
-95.88
-95.84
-95.95
-96.10
-96.05
-96.05
-95.87
-95.91
-95.98
-95.96
-96.14
-95.97
-94.88
-94.11
-94.00
-93.99
-94.62
-95.82
-95.74
-95.88
-95.89
-95.77
-95.95
-94.74
-94.02
-93.89
-93.96
-94.86
-95.88
-96.22
-96.24
-96.27
-96.21
-96.06
-95.91
-95.89
-95.70
-95.71
-95.74
-95.62
-95.52
-95.65
-95.65
-95.92
-95.91
-96.11
-96.09
-95.96
-96.01
-95.84
-95.68
-95.62
-95.41
-95.41
-95.54
-95.57
-95.90
-95.85
-96.00
-96.06
-95.93
-95.86
-95.88
-95.92
-95.89
-95.89
-95.98
-95.89
-95.92
-96.01
-95.94
