Frequency: 1.000000
Sample Rate: 1000000.000000
Vector Length: 1
Notes: 
-379.30
-101.89
-98.82
-97.17
-95.82
-95.56
-95.59
-95.64
-95.85
-96.01
-95.73
-95.66
-95.53
-95.39
-95.64
-95.71
-95.80
-95.89
-95.95
-95.80
-95.62
-95.79
-95.60
-95.61
-95.63
-95.40
-95.65
-95.70
-95.93
-96.12
-95.94
-95.77
-95.58
-95.43
-95.54
-95.64
-95.66
-95.65
-95.60
-95.51
-95.59
-95.80
-95.82
-95.94
-95.96
-95.95
-95.76
-95.64
-95.67
-95.69
-95.79
-95.67
-95.65
-95.45
-95.39
-95.50
-95.38
-95.48
-95.58
-95.53
-95.61
-95.50
-95.32
-95.26
-95.20
-95.29
-95.40
-95.58
-95.68
-95.73
-95.79
-95.69
-95.72
-95.60
-95.58
-95.61
-95.69
-95.85
-96.04
-95.86
-95.70
-95.66
-95.47
-95.48
-95.52
-94.68
-94.24
-93.89
-93.93
-94.67
-95.12
-95.80
-95.89
-95.97
-96.00
-95.82
-95.64
-95.38
-95.34
-95.38
-95.32
-95.50
-95.48
-95.53
-95.55
-95.58
-95.64
-95.72
-95.85
-95.80
-95.70
-95.71
-95.66
-76.97
-66.26
-66.25
-66.25
-66.26
-95.69
-95.74
-95.71
-95.63
-95.67
-95.70
-95.63
-95.61
-95.55
-95.53
-95.51
-95.64
-95.56
-95.54
-95.50
-95.37
-95.57
-95.41
-95.41
-95.46
-95.55
-95.75
-95.84
-95.77
-95.62
-95.64
-95.68
-95.40
-95.63
-95.64
-95.70
-96.03
-96.06
-95.90
-95.76
-95.70
-95.65
-95.58
-95.51
-95.56
-95.58
-76.97
-66.26
-66.25
-66.25
-66.26
-95.70
-95.88
-95.97
-95.90
-59.18
-56.23
-56.19
-56.19
-58.20
-76.21
-95.58
-95.58
-95.68
-95.74
-95.80
-61.64
-57.42
-57.09
-57.09
-58.21
-65.11
-80.43
-95.61
-95.52
-95.53
-95.58
-95.56
-95.71
-95.66
-95.77
-95.92
-95.89
-96.05
-95.76
-95.65
-95.75
-95.75
-95.85
-96.28
-95.97
-95.81
-95.79
-95.52
-95.75
-95.96
-95.96
-96.27
-96.14
-96.05
-95.89
-95.51
-95.70
-95.54
-95.78
-96.01
-96.01
-96.00
-95.98
-95.90
-95.68
-95.87
-95.74
-95.68
-95.80
-95.89
-95.79
-95.69
-95.60
-95.43
-95.57
-95.49
-95.55
-95.60
-95.47
-95.51
-95.60
-95.65
-95.84
-76.97
-66.26
-66.25
-66.25
-66.26
-95.80
-95.75
-95.71
-95.79
-95.88
-95.95
-95.96
-95.78
-95.69
-95.68
-95.60
-95.89
-95.93
-95.96
-95.78
-95.84
-95.70
-95.62
-95.77
-95.86
-95.74
-95.88
-95.86
-95.91
-95.81
-95.86
-95.99
-96.02
-96.03
-96.10
-96.14
-96.22
-96.09
-95.96
-95.85
-95.70
-95.86
-95.87
-95.89
-95.72
-95.64
-95.52
-95.46
-95.58
-95.66
-95.79
-95.85
-95.88
-96.00
-95.95
-95.83
-95.95
-95.82
-95.74
-95.74
-95.63
-95.86
-95.84
-95.94
-96.03
-96.05
-96.01
-95.93
-95.79
-95.81
-95.84
-96.00
-95.89
-95.92
-95.82
-95.74
-95.81
-95.89
-95.96
-95.90
-95.96
-95.89
-95.75
-95.82
-95.81
-95.76
-95.72
-95.74
-95.76
-95.77
-95.91
-95.74
-95.64
-95.70
-95.69
-95.95
-96.13
-96.08
-96.04
-95.95
-95.85
-95.78
-95.71
-95.61
-95.61
-95.63
-95.62
-95.82
-95.86
-95.89
-95.95
-95.83
-95.75
-95.66
-95.58
-95.34
-95.48
-95.51
-95.81
-96.01
-96.08
-96.13
-96.04
-96.05
-95.93
-95.89
-95.71
-95.73
-95.97
-95.92
-96.03
-95.97
-95.77
-95.65
-95.54
-76.97
-66.26
-66.25
-66.25
-66.26
-95.79
-95.84
-95.78
-95.61
-95.73
-95.78
-95.83
-95.96
-95.78
-95.77
-95.61
-95.32
-95.35
-95.42
-95.61
-95.89
-95.94
-95.91
-95.57
-95.53
-95.48
-95.60
-95.48
-95.59
-95.80
-95.59
-95.76
-95.64
-95.51
-95.57
-71.94
-67.24
-60.95
-60.95
-61.13
-61.93
-89.30
